2 16 1 1 5 1 127
1 37.778853 -122.4149 0.5 1.0 0.0 127.0
2 37.786262 -122.40945 0.5 1.0 0.0 127.0
3 37.787187 -122.41664 0.5 1.0 0.0 127.0
4 37.786968 -122.41132 0.5 1.0 0.0 127.0
5 37.783431 -122.41757 0.5 1.0 0.0 127.0
6 37.785029 -122.41902 0.5 1.0 0.0 127.0
7 37.787374 -122.41554 0.5 1.0 0.0 127.0
8 37.787068 -122.41054 0.5 1.0 0.0 127.0
9 37.786557 -122.41453 0.5 1.0 0.0 127.0
10 37.782419 -122.41006 0.5 1.0 0.0 127.0
11 37.782141 -122.41918 0.5 1.0 0.0 127.0
12 37.785914 -122.41209 0.5 1.0 0.0 127.0
13 37.777583 -122.41749 0.5 1.0 0.0 127.0
14 37.786736 -122.41309 0.5 1.0 0.0 127.0
15 37.778752 -122.41599 0.5 1.0 0.0 127.0
16 37.786012 -122.40797 0.5 1.0 0.0 127.0
17 37.780802 -122.42222 0.5 -1.0 0.0 15.0
18 37.787244 -122.40918 0.5 -1.0 3.0 18.0
19 37.778884 -122.415 0.5 -1.0 4.0 19.0
20 37.780101 -122.41999 0.5 -1.0 16.0 31.0
21 37.788173 -122.40937 0.5 -1.0 17.0 32.0
22 37.781599 -122.4234 0.5 -1.0 40.0 55.0
23 37.783693 -122.41256 0.5 -1.0 41.0 56.0
24 37.788273 -122.40859 0.5 -1.0 50.0 65.0
25 37.789101 -122.41534 0.5 -1.0 61.0 76.0
26 37.7769 -122.42272 0.5 -1.0 62.0 77.0
27 37.787211 -122.42001 0.5 -1.0 77.0 92.0
28 37.786614 -122.40662 0.5 -1.0 77.0 92.0
29 37.783263 -122.42259 0.5 -1.0 98.0 113.0
30 37.778581 -122.42004 0.5 -1.0 105.0 120.0
31 37.778752 -122.41599 0.5 -1.0 106.0 121.0
32 37.779454 -122.41382 0.5 -1.0 107.0 122.0
33 37.780384 -122.41783 0.0 0.0 0.0 127.0
34 37.780384 -122.41783 0.0 0.0 0.0 127.0
35 37.780384 -122.41783 0.0 0.0 0.0 127.0
36 37.786472 -122.40974 0.0 0.0 0.0 127.0
37 37.780384 -122.41783 0.0 0.0 0.0 127.0
38 37.786549 -122.40715 0.0 0.0 0.0 127.0
39 37.78846 -122.41016 0.0 0.0 0.0 127.0
40 37.782269 -122.41818 0.0 0.0 0.0 127.0
41 37.786472 -122.40974 0.0 0.0 0.0 127.0
42 37.780384 -122.41783 0.0 0.0 0.0 127.0
43 37.786549 -122.40715 0.0 0.0 0.0 127.0
44 37.78846 -122.41016 0.0 0.0 0.0 127.0
45 37.782269 -122.41818 0.0 0.0 0.0 127.0
46 37.786472 -122.40974 0.0 0.0 0.0 127.0
33
34
35 36
37 38 39 40 41
42 43 44 45 46
8 8 8 8 8 8 8 8 8 8 8 8 8 8 8 8
3 3
3.5 3.5
3.5 3.5
0.7 0.7
0.055 0.055 0.055 0.055 0.055
0.0715
0.75 0.25
0.0 1.5203 1.8977 2.3122 1.0986 1.7378 2.1231 2.1439 1.8901 0.81068 1.1904 1.7484 0.47283 1.6666 0.543 1.6736 2.1077 2.0484 0.70047 1.0116 1.998 1.6713 1.4062 2.1662 2.2434 1.1254 1.8958 1.9556 1.6601 1.3948 0.543 0.32434 0.0 0.0 0.85181 2.1393 0.85181 1.8433 2.4217 1.109 2.1393 0.85181 1.8433 2.4217 1.109 2.1393
1.8311 0.0 1.9009 0.85328 1.9787 1.914 2.1262 0.68499 1.2022 1.0218 2.0705 1.1465 2.06 0.97871 2.0407 0.28131 3.1458 0.56448 1.8286 2.1367 1.3102 2.7094 1.1463 1.4783 1.6785 2.7125 1.8989 0.47177 2.6982 2.5199 2.0407 1.5546 0.0 0.0 1.9249 0.68042 1.9249 0.35942 1.1838 1.9891 0.68042 1.9249 0.35942 1.1838 1.9891 0.68042
1.2956 1.1519 0.0 1.9438 1.1473 0.87253 1.0847 1.7756 1.5217 1.5914 1.2391 0.8401 1.7395 1.2983 1.5052 1.3969 2.3104 1.68 1.2932 1.6012 1.6297 1.874 1.0609 1.7978 1.3351 2.3891 0.85744 1.5873 1.6728 1.9844 1.5052 1.591 0.0 0.0 1.3895 1.771 1.3895 1.475 2.0534 1.1577 1.771 1.3895 1.475 2.0534 1.1577 1.771
1.647 0.77437 1.2169 0.0 1.5047 1.23 1.4422 0.77198 0.51817 1.2138 1.5965 0.46253 1.8999 0.2947 1.8567 1.0193 2.6678 1.1475 1.6446 1.9527 0.62615 2.2314 0.68328 0.79427 0.99448 2.5525 1.2149 1.2098 2.0302 2.3359 1.8567 1.3946 0.0 0.0 1.7409 0.76741 1.7409 1.0974 1.0498 1.5151 0.76741 1.7409 1.0974 1.0498 1.5151 0.76741
1.4004 1.2567 0.86118 2.0486 0.0 0.70428 1.0865 1.8803 1.6265 1.6961 0.78884 0.94485 1.8443 1.403 1.61 1.5016 1.8301 1.7848 1.3979 1.231 1.7345 1.3938 1.1656 1.9026 1.4398 1.9808 0.85918 1.6921 1.1925 1.5762 1.61 1.6958 0.0 0.0 1.2377 1.8757 1.2377 1.5797 2.1581 1.2625 1.8757 1.2377 1.5797 2.1581 1.2625 1.8757
1.3451 1.2014 0.80589 1.9933 1.1967 0.0 1.0312 1.825 1.5712 1.6408 1.2156 0.88955 1.789 1.3477 1.5547 1.4463 2.2568 1.7295 1.3426 1.6507 1.6792 1.8205 1.1103 1.8473 1.3845 2.4075 0.80389 1.6368 1.6192 2.0029 1.5547 1.6405 0.0 0.0 1.4389 1.8204 1.4389 1.5244 2.1029 1.2072 1.8204 1.4389 1.5244 2.1029 1.2072 1.8204
1.9654 1.0947 0.76321 1.4036 1.817 1.5423 0.0 1.2353 0.83852 1.5341 1.9089 0.78287 2.2203 1.2411 2.175 1.3396 2.9801 1.6108 1.9629 2.271 1.0895 2.5438 1.0036 1.2576 0.50583 2.8729 1.2412 1.5301 2.3425 2.6542 2.175 1.715 0.0 0.0 2.0593 1.2308 2.0593 1.4178 1.4822 1.8275 1.2308 2.0593 1.4178 1.4822 1.8275 1.2308
1.8153 0.94265 1.3851 0.16828 1.673 1.3982 1.6105 0.0 0.68645 1.3821 1.7648 0.63081 2.0682 0.46299 2.0249 1.1876 2.8361 1.3158 1.8129 2.1209 0.79443 2.3997 0.85156 0.96255 1.1628 2.7208 1.3831 1.378 2.1985 2.5042 2.0249 1.5629 0.0 0.0 1.9092 0.93569 1.9092 1.2657 1.2181 1.6834 0.93569 1.9092 1.2657 1.2181 1.6834 0.93569
1.303 1.1593 0.86679 1.5422 1.1546 0.87989 1.0921 1.3739 0.0 1.5987 1.2465 0.84746 1.7469 1.3056 1.5126 1.4042 2.3177 1.6874 1.3005 1.6086 1.2281 1.8814 1.0682 1.3962 0.64441 2.3965 0.86479 1.5947 1.6801 1.9918 1.5126 1.5984 0.0 0.0 1.3969 1.3693 1.3969 1.4823 1.6208 1.1651 1.3693 1.3969 1.4823 1.6208 1.1651 1.3693
0.96234 0.86266 1.9312 1.6546 1.281 1.9203 2.1565 1.4863 1.2325 0.0 1.3728 1.1768 1.1912 1.009 1.172 1.016 2.3641 1.3908 0.95987 1.268 1.3404 1.9277 0.97058 1.5086 1.7088 1.8438 1.9292 1.2981 1.9165 1.6512 1.172 0.68593 0.0 0.0 1.0562 1.4817 1.0562 1.1857 1.7641 1.2914 1.4817 1.0562 1.1857 1.7641 1.2914 1.4817
1.3734 1.9547 1.5592 2.7466 0.976 0.92026 1.7845 2.5783 2.3245 1.7941 0.0 1.6428 1.6213 2.101 1.3104 2.1996 1.2001 2.4828 1.3709 0.60097 2.4325 0.76374 1.8296 2.6006 2.1378 1.3508 1.2212 2.3901 0.75249 0.94618 1.3104 1.6688 0.0 0.0 0.90471 2.5737 0.90471 2.2777 2.8561 1.1854 2.5737 0.90471 2.2777 2.8561 1.1854 2.5737
1.895 0.39629 1.4648 1.1882 1.7526 1.4779 1.6901 1.0199 0.76609 1.1237 1.8444 0.0 2.1479 0.54263 2.1046 0.64123 2.9157 0.92439 1.8925 2.2006 0.87407 2.4794 0.9312 1.0422 1.2424 2.8004 1.4628 0.83168 2.2781 2.5838 2.1046 1.6426 0.0 0.0 1.9888 1.0153 1.9888 0.71934 1.2977 1.7631 1.0153 1.9888 0.71934 1.2977 1.7631 1.0153
0.94671 2.203 2.1245 2.9949 1.3424 1.4856 2.3498 2.8266 2.5728 1.4935 1.1502 2.2082 0.0 2.3494 0.78677 2.3563 1.7655 2.7311 0.94424 0.66933 2.6808 1.3291 2.0889 2.8489 2.7031 0.78319 1.7865 2.6384 1.3178 1.0525 0.78677 1.0071 0.0 0.0 0.97307 2.8221 0.97307 2.5261 3.1045 1.3528 2.8221 0.97307 2.5261 3.1045 1.3528 2.8221
1.4363 0.56366 1.0062 1.3556 1.294 1.0193 1.2315 1.1873 0.30747 1.0031 1.3858 0.25182 1.6892 0.0 1.646 0.8086 2.4571 1.0918 1.4339 1.742 1.0414 2.0207 0.47257 1.2096 0.78377 2.3418 1.0042 0.99905 1.8195 2.1252 1.646 1.1839 0.0 0.0 1.5302 1.1827 1.5302 0.88671 1.4651 1.3044 1.1827 1.5302 0.88671 1.4651 1.3044 1.1827
0.23722 1.7285 1.6185 2.5204 0.81931 1.4586 1.8438 2.3522 2.0983 1.019 0.91114 1.7021 0.68112 1.8749 0.0 1.8818 1.8804 2.2566 0.21209 0.78428 2.2063 1.4441 1.6079 2.3744 2.1971 1.1751 1.6165 2.1639 1.4328 1.1675 0.0 0.53262 0.0 0.0 0.57253 2.3476 0.57253 2.0516 2.63 0.82975 2.3476 0.57253 2.0516 2.63 0.82975 2.3476
1.8342 0.70317 1.8497 0.80208 1.9819 1.8628 2.075 0.63379 1.151 1.025 2.0737 1.0953 2.0631 0.92751 2.0438 0.0 3.149 0.51328 1.8318 2.1398 1.259 2.7126 1.1495 1.4271 1.6273 2.7157 1.8477 0.42056 2.663 2.5231 2.0438 1.5578 0.0 0.0 1.9281 0.62922 1.9281 0.30822 1.1326 1.9923 0.62922 1.9281 0.30822 1.1326 1.9923 0.62922
1.1807 2.031 1.6355 2.8229 0.98236 0.99662 1.8608 2.6547 2.4008 1.6015 0.66119 1.7192 1.4286 2.1774 1.1178 2.276 0.0 2.5591 1.1782 0.40833 2.5088 0.3961 1.8189 2.6769 2.2141 1.1582 1.2975 2.4664 0.38485 0.75354 1.1178 1.4761 0.0 0.0 0.71207 2.6501 0.71207 2.3541 2.9325 0.9928 2.6501 0.71207 2.3541 2.9325 0.9928 2.6501
1.8949 0.35826 1.5048 0.45716 1.7926 1.5178 1.7301 0.28888 0.80606 1.0857 1.8844 0.75042 2.1238 0.5826 2.1046 0.6032 2.9557 0.0 1.8925 2.2006 0.91404 2.5193 0.97117 1.0822 1.2824 2.7764 1.5028 0.79365 2.3181 2.5838 2.1046 1.6185 0.0 0.0 1.9888 0.2843 1.9888 0.6813 1.3377 1.803 0.2843 1.9888 0.6813 1.3377 1.803 0.2843
0.025131 1.5165 1.7759 2.3084 0.97678 1.616 2.0013 2.1401 1.8863 0.80687 1.0686 1.7446 0.46903 1.6628 0.21209 1.6698 2.0379 2.0446 0.0 0.94175 1.9942 1.6015 1.4024 2.1624 2.2396 1.1216 1.7739 1.9518 1.5903 1.325 0.21209 0.32054 0.0 0.0 0.73 2.1355 0.73 1.8395 2.4179 0.98722 2.1355 0.73 1.8395 2.4179 0.98722 2.1355
0.84722 1.9255 1.53 2.7174 0.82187 0.89113 1.7553 2.5492 2.2953 1.268 0.5557 1.6137 1.1331 2.0719 0.78428 2.1308 1.171 2.4536 0.84475 0.0 2.4033 0.73461 1.6105 2.5714 2.1087 0.86269 1.192 2.3609 0.72335 0.45805 0.78428 1.1426 0.0 0.0 0.37858 2.5446 0.37858 2.2486 2.827 0.83231 2.5446 0.37858 2.2486 2.827 0.83231 2.5446
2.3248 0.7881 1.9346 0.887 2.2224 1.9477 2.1599 0.71872 1.2359 1.5155 2.3143 1.1803 2.5537 1.0124 2.5344 0.70904 3.3855 0.59821 2.3223 2.6304 0.0 2.9492 1.401 0.16812 1.6862 3.2063 1.9326 0.89949 2.7479 3.0136 2.5344 2.0484 0.0 0.0 2.4187 0.71414 2.4187 0.78715 0.82756 2.2329 0.71414 2.4187 0.78715 0.82756 2.2329 0.71414
1.6182 2.4685 2.073 3.2604 1.4198 1.4341 2.2983 3.0921 2.8383 2.0389 1.0987 2.1567 1.8661 2.6149 1.5553 2.7134 0.56894 2.9966 1.6157 0.84581 2.9463 0.0 2.2564 3.1144 2.6516 1.5067 1.735 2.9039 0.82233 1.191 1.5553 1.9136 0.0 0.0 1.1496 3.0876 1.1496 2.7916 3.37 1.4303 3.0876 1.1496 2.7916 3.37 1.4303 3.0876
1.083 1.3593 1.8088 2.1512 1.0097 1.6489 2.0341 1.983 1.7292 0.64977 1.1015 1.2805 1.3359 1.5057 1.2926 1.5127 2.1768 1.8875 1.0806 1.3886 1.8371 1.7404 0.0 2.0053 1.7755 1.9885 1.8068 1.7947 1.7292 1.7719 1.2926 0.83062 0.0 0.0 1.1769 1.9784 1.1769 1.6824 2.2608 1.0201 1.9784 1.1769 1.6824 2.2608 1.0201 1.9784
2.1567 0.61998 1.7665 0.71888 2.0543 1.7796 1.9918 0.5506 1.0678 1.3474 2.1461 1.0121 2.3856 0.84432 2.3663 0.54092 3.2174 0.43009 2.1542 2.4623 0.81676 2.7811 1.2329 0.0 1.5181 3.0381 1.7645 0.73137 2.5798 2.8455 2.3663 1.8803 0.0 0.0 2.2505 0.54602 2.2505 0.61903 0.65944 2.0648 0.54602 2.2505 0.61903 0.65944 2.0648 0.54602
2.1756 1.3029 1.1564 1.5028 2.0332 1.7585 1.3817 1.3345 1.0467 1.7423 2.1251 0.99106 2.4285 1.4492 2.3852 1.5478 3.1963 1.71 2.1731 2.4812 1.1887 2.76 1.2118 1.3568 0.0 3.0811 1.6344 1.7383 2.5587 2.8644 2.3852 1.9232 0.0 0.0 2.2695 1.3299 2.2695 1.6259 1.0314 2.0437 1.3299 2.2695 1.6259 1.0314 2.0437 1.3299
1.421 2.6773 2.4998 3.4692 1.7917 1.8609 2.7251 3.301 3.0471 1.9678 1.5255 2.5835 1.1729 2.8237 1.2611 2.8306 1.8258 3.2054 1.4185 1.0446 3.1551 1.3894 2.5632 3.3232 3.0784 0.0 2.1618 3.1127 1.3781 1.4278 1.2611 1.4814 0.0 0.0 1.3484 3.2964 1.3484 3.0004 3.5788 1.8021 3.2964 1.3484 3.0004 3.5788 1.8021 3.2964
1.7064 1.5627 0.66123 2.2136 1.0351 0.52832 0.88653 2.0454 1.6485 2.0022 0.92489 1.2509 2.1503 1.7091 1.7795 1.8077 1.9662 2.0908 1.7039 1.367 1.8995 1.5298 1.4716 2.0676 1.3158 2.1169 0.0 1.9981 1.3285 1.7122 1.7795 2.0018 0.0 0.0 1.3738 2.0408 1.3738 1.8858 1.8872 1.5685 2.0408 1.3738 1.8858 1.8872 1.5685 2.0408
1.8138 1.3511 2.4976 1.45 2.0024 2.5107 2.7229 1.2817 1.7989 1.0045 2.0942 1.7432 2.0427 1.5754 2.0234 0.70139 3.1695 1.1612 1.8113 2.1194 1.9069 2.7332 1.592 2.075 2.2752 2.6952 2.4956 0.0 2.7219 2.5026 2.0234 1.5374 0.0 0.0 1.9076 1.2771 1.9076 0.95613 1.7805 2.0129 1.2771 1.9076 0.95613 1.7805 2.0129 1.2771
2.1366 2.6069 2.2114 3.3988 1.6282 1.5725 2.4367 3.2305 2.9767 2.5573 1.518 2.295 2.3845 2.7532 2.0736 2.8518 1.0873 3.135 2.1341 1.3642 3.0847 1.352 2.4818 3.2528 2.79 2.025 1.8734 3.0423 0.0 1.7094 2.0736 2.432 0.0 0.0 1.6679 3.2259 1.6679 2.9299 3.5083 1.9487 3.2259 1.6679 2.9299 3.5083 1.9487 3.2259
0.89391 2.2302 1.8347 3.0221 1.1266 1.1958 2.06 2.8538 2.6 1.5727 0.86039 1.9184 0.94981 2.3766 0.73397 2.4355 1.4757 2.7583 0.89144 0.37953 2.708 1.0393 1.9151 2.8761 2.4133 0.67939 1.4967 2.6656 1.028 0.0 0.73397 1.1893 0.0 0.0 0.68327 2.8493 0.68327 2.5533 3.1317 1.137 2.8493 0.68327 2.5533 3.1317 1.137 2.8493
0.23722 1.7285 1.6185 2.5204 0.81931 1.4586 1.8438 2.3522 2.0983 1.019 0.91114 1.7021 0.68112 1.8749 0.0 1.8818 1.8804 2.2566 0.21209 0.78428 2.2063 1.4441 1.6079 2.3744 2.1971 1.1751 1.6165 2.1639 1.4328 1.1675 0.0 0.53262 0.0 0.0 0.57253 2.3476 0.57253 2.0516 2.63 0.82975 2.3476 0.57253 2.0516 2.63 0.82975 2.3476
0.88019 1.3955 2.02 2.1874 1.2208 1.8601 2.2453 2.0191 1.7653 0.68593 1.3127 1.6237 0.70491 1.5418 0.77507 1.5488 2.2819 1.9236 0.87772 1.1858 1.8733 1.8456 1.2814 2.0414 2.1186 1.3575 2.018 1.8309 1.8343 1.569 0.77507 0.0 0.0 0.0 0.97406 2.0145 0.97406 1.7186 2.297 1.2313 2.0145 0.97406 1.7186 2.297 1.2313 2.0145
0.0 0.0 0.0 0.0 0.0 0.0 0.0 0.0 0.0 0.0 0.0 0.0 0.0 0.0 0.0 0.0 0.0 0.0 0.0 0.0 0.0 0.0 0.0 0.0 0.0 0.0 0.0 0.0 0.0 0.0 0.0 0.0 0.0 0.0 0.0 0.0 0.0 0.0 0.0 0.0 0.0 0.0 0.0 0.0 0.0 0.0
0.0 0.0 0.0 0.0 0.0 0.0 0.0 0.0 0.0 0.0 0.0 0.0 0.0 0.0 0.0 0.0 0.0 0.0 0.0 0.0 0.0 0.0 0.0 0.0 0.0 0.0 0.0 0.0 0.0 0.0 0.0 0.0 0.0 0.0 0.0 0.0 0.0 0.0 0.0 0.0 0.0 0.0 0.0 0.0 0.0 0.0
0.63547 1.7658 1.4093 2.5577 0.61012 1.0729 1.6346 2.3894 2.1356 1.0562 0.52544 1.493 1.0794 1.9121 0.57253 1.9191 1.4747 2.2939 0.633 0.37858 2.2436 1.0383 1.3987 2.4117 1.9879 1.1664 1.3738 2.2012 1.0271 0.76178 0.57253 0.93088 0.0 0.0 0.0 2.3848 0.0 2.0888 2.6673 0.62056 2.3848 0.0 2.0888 2.6673 0.62056 2.3848
1.6545 0.11787 1.9304 0.93477 1.8022 1.9435 2.1557 0.76649 1.2317 0.84529 1.894 1.176 1.8834 1.0082 1.8642 0.3628 2.9693 0.64597 1.6521 1.9602 1.3397 2.5329 0.96978 1.5078 1.708 2.536 1.9284 0.55326 2.5217 2.3434 1.8642 1.3781 0.0 0.0 1.7484 0.0 1.7484 0.44091 1.2653 1.8126 0.0 1.7484 0.44091 1.2653 1.8126 0.0
0.63547 1.7658 1.4093 2.5577 0.61012 1.0729 1.6346 2.3894 2.1356 1.0562 0.52544 1.493 1.0794 1.9121 0.57253 1.9191 1.4747 2.2939 0.633 0.37858 2.2436 1.0383 1.3987 2.4117 1.9879 1.1664 1.3738 2.2012 1.0271 0.76178 0.57253 0.93088 0.0 0.0 0.0 2.3848 0.0 2.0888 2.6673 0.62056 2.3848 0.0 2.0888 2.6673 0.62056 2.3848
1.9261 1.4634 2.6099 1.5623 2.1148 2.623 2.8352 1.394 1.9112 1.1169 2.2066 1.8556 2.155 1.6878 2.1357 0.81374 3.2819 1.2735 1.9236 2.2317 2.0192 2.8455 1.7043 2.1873 2.3875 2.8076 2.6079 0.11234 2.8342 2.6149 2.1357 1.6497 0.0 0.0 2.02 1.3895 2.02 0.0 1.8929 2.1252 1.3895 2.02 0.0 1.8929 2.1252 1.3895
2.0048 0.4681 1.6146 0.56701 1.9024 1.6277 1.8399 0.39872 0.91591 1.1955 1.9943 0.86026 2.2337 0.69244 2.2144 0.71304 3.0655 0.77421 2.0023 2.3104 0.25289 2.6292 1.081 0.42101 1.3922 2.8863 1.6126 0.90349 2.4279 2.6936 2.2144 1.7284 0.0 0.0 2.0987 0.39414 2.0987 0.79115 0.0 1.9129 0.39414 2.0987 0.79115 0.0 1.9129 0.39414
1.1297 1.7941 1.3986 2.586 0.63839 0.75965 1.6239 2.4177 2.1639 1.5415 0.21222 1.4822 1.5376 1.9404 1.0668 2.039 1.2875 2.3222 1.1273 0.68836 2.2718 0.85113 1.492 2.44 1.9772 1.4382 1.0606 2.2295 0.83988 1.0336 1.0668 1.4251 0.0 0.0 0.6611 2.4131 0.6611 2.1171 2.6955 0.0 2.4131 0.6611 2.1171 2.6955 0.0 2.4131
1.6545 0.11787 1.9304 0.93477 1.8022 1.9435 2.1557 0.76649 1.2317 0.84529 1.894 1.176 1.8834 1.0082 1.8642 0.3628 2.9693 0.64597 1.6521 1.9602 1.3397 2.5329 0.96978 1.5078 1.708 2.536 1.9284 0.55326 2.5217 2.3434 1.8642 1.3781 0.0 0.0 1.7484 0.0 1.7484 0.44091 1.2653 1.8126 0.0 1.7484 0.44091 1.2653 1.8126 0.0
0.63547 1.7658 1.4093 2.5577 0.61012 1.0729 1.6346 2.3894 2.1356 1.0562 0.52544 1.493 1.0794 1.9121 0.57253 1.9191 1.4747 2.2939 0.633 0.37858 2.2436 1.0383 1.3987 2.4117 1.9879 1.1664 1.3738 2.2012 1.0271 0.76178 0.57253 0.93088 0.0 0.0 0.0 2.3848 0.0 2.0888 2.6673 0.62056 2.3848 0.0 2.0888 2.6673 0.62056 2.3848
1.9261 1.4634 2.6099 1.5623 2.1148 2.623 2.8352 1.394 1.9112 1.1169 2.2066 1.8556 2.155 1.6878 2.1357 0.81374 3.2819 1.2735 1.9236 2.2317 2.0192 2.8455 1.7043 2.1873 2.3875 2.8076 2.6079 0.11234 2.8342 2.6149 2.1357 1.6497 0.0 0.0 2.02 1.3895 2.02 0.0 1.8929 2.1252 1.3895 2.02 0.0 1.8929 2.1252 1.3895
2.0048 0.4681 1.6146 0.56701 1.9024 1.6277 1.8399 0.39872 0.91591 1.1955 1.9943 0.86026 2.2337 0.69244 2.2144 0.71304 3.0655 0.77421 2.0023 2.3104 0.25289 2.6292 1.081 0.42101 1.3922 2.8863 1.6126 0.90349 2.4279 2.6936 2.2144 1.7284 0.0 0.0 2.0987 0.39414 2.0987 0.79115 0.0 1.9129 0.39414 2.0987 0.79115 0.0 1.9129 0.39414
1.1297 1.7941 1.3986 2.586 0.63839 0.75965 1.6239 2.4177 2.1639 1.5415 0.21222 1.4822 1.5376 1.9404 1.0668 2.039 1.2875 2.3222 1.1273 0.68836 2.2718 0.85113 1.492 2.44 1.9772 1.4382 1.0606 2.2295 0.83988 1.0336 1.0668 1.4251 0.0 0.0 0.6611 2.4131 0.6611 2.1171 2.6955 0.0 2.4131 0.6611 2.1171 2.6955 0.0 2.4131
1.6545 0.11787 1.9304 0.93477 1.8022 1.9435 2.1557 0.76649 1.2317 0.84529 1.894 1.176 1.8834 1.0082 1.8642 0.3628 2.9693 0.64597 1.6521 1.9602 1.3397 2.5329 0.96978 1.5078 1.708 2.536 1.9284 0.55326 2.5217 2.3434 1.8642 1.3781 0.0 0.0 1.7484 0.0 1.7484 0.44091 1.2653 1.8126 0.0 1.7484 0.44091 1.2653 1.8126 0.0
