3 36 1 1 5 1 280
1 37.77863 -122.42165 0.5 1.0 0.0 280.0
2 37.782278 -122.41396 0.5 1.0 0.0 280.0
3 37.782063 -122.42075 0.5 1.0 0.0 280.0
4 37.776336 -122.41942 0.5 1.0 0.0 280.0
5 37.781303 -122.41714 0.5 1.0 0.0 280.0
6 37.786806 -122.41257 0.5 1.0 0.0 280.0
7 37.782242 -122.41035 0.5 1.0 0.0 280.0
8 37.779201 -122.41838 0.5 1.0 0.0 280.0
9 37.785915 -122.41961 0.5 1.0 0.0 280.0
10 37.784021 -122.41195 0.5 1.0 0.0 280.0
11 37.780809 -122.41455 0.5 1.0 0.0 280.0
12 37.788462 -122.40706 0.5 1.0 0.0 280.0
13 37.788255 -122.41011 0.5 1.0 0.0 280.0
14 37.779952 -122.42134 0.5 1.0 0.0 280.0
15 37.787472 -122.40747 0.5 1.0 0.0 280.0
16 37.783523 -122.41759 0.5 1.0 0.0 280.0
17 37.779288 -122.42001 0.5 1.0 0.0 280.0
18 37.776558 -122.42124 0.5 1.0 0.0 280.0
19 37.786147 -122.41643 0.5 1.0 0.0 280.0
20 37.786508 -122.40749 0.5 1.0 0.0 280.0
21 37.786746 -122.41302 0.5 1.0 0.0 280.0
22 37.786101 -122.41063 0.5 1.0 0.0 280.0
23 37.787374 -122.41554 0.5 1.0 0.0 280.0
24 37.787068 -122.41054 0.5 1.0 0.0 280.0
25 37.781287 -122.42388 0.5 1.0 0.0 280.0
26 37.782419 -122.41006 0.5 1.0 0.0 280.0
27 37.784152 -122.41847 0.5 1.0 0.0 280.0
28 37.785524 -122.41517 0.5 1.0 0.0 280.0
29 37.785824 -122.4128 0.5 1.0 0.0 280.0
30 37.785449 -122.41458 0.5 1.0 0.0 280.0
31 37.785959 -122.41301 0.5 1.0 0.0 280.0
32 37.786012 -122.40797 0.5 1.0 0.0 280.0
33 37.788712 -122.40851 0.5 1.0 0.0 280.0
34 37.774271 -122.42098 0.5 1.0 0.0 280.0
35 37.783599 -122.42284 0.5 1.0 0.0 280.0
36 37.778752 -122.41599 0.5 1.0 0.0 280.0
37 37.785303 -122.41795 0.5 -1.0 0.0 15.0
38 37.786975 -122.41127 0.5 -1.0 4.0 19.0
39 37.777161 -122.42072 0.5 -1.0 7.0 22.0
40 37.78745 -122.42167 0.5 -1.0 24.0 39.0
41 37.787201 -122.41692 0.5 -1.0 25.0 40.0
42 37.78175 -122.41476 0.5 -1.0 34.0 49.0
43 37.782915 -122.41408 0.5 -1.0 42.0 57.0
44 37.779201 -122.41838 0.5 -1.0 54.0 69.0
45 37.78244 -122.42082 0.5 -1.0 58.0 73.0
46 37.784034 -122.41185 0.5 -1.0 62.0 77.0
47 37.778937 -122.41833 0.5 -1.0 73.0 88.0
48 37.786185 -122.41001 0.5 -1.0 82.0 97.0
49 37.785772 -122.41129 0.5 -1.0 87.0 102.0
50 37.77968 -122.42349 0.5 -1.0 99.0 114.0
51 37.787472 -122.40747 0.5 -1.0 105.0 120.0
52 37.785949 -122.4118 0.5 -1.0 109.0 124.0
53 37.779288 -122.42001 0.5 -1.0 117.0 132.0
54 37.787541 -122.41503 0.5 -1.0 127.0 142.0
55 37.781789 -122.41086 0.5 -1.0 131.0 146.0
56 37.784667 -122.41613 0.5 -1.0 144.0 159.0
57 37.782215 -122.41082 0.5 -1.0 146.0 161.0
58 37.788809 -122.40853 0.5 -1.0 153.0 168.0
59 37.783693 -122.41256 0.5 -1.0 165.0 180.0
60 37.788273 -122.40859 0.5 -1.0 174.0 189.0
61 37.785072 -122.41125 0.5 -1.0 185.0 200.0
62 37.7769 -122.42272 0.5 -1.0 186.0 201.0
63 37.77865 -122.41485 0.5 -1.0 196.0 211.0
64 37.786249 -122.40955 0.5 -1.0 199.0 214.0
65 37.785864 -122.41249 0.5 -1.0 215.0 230.0
66 37.785449 -122.41458 0.5 -1.0 220.0 235.0
67 37.78448 -122.41588 0.5 -1.0 226.0 241.0
68 37.779454 -122.41382 0.5 -1.0 231.0 246.0
69 37.788416 -122.41502 0.5 -1.0 254.0 269.0
70 37.775071 -122.42237 0.5 -1.0 255.0 270.0
71 37.781638 -122.41566 0.5 -1.0 257.0 272.0
72 37.778752 -122.41599 0.5 -1.0 260.0 275.0
73 37.78846 -122.41016 0.0 0.0 0.0 280.0
74 37.78846 -122.41016 0.0 0.0 0.0 280.0
75 37.78846 -122.41016 0.0 0.0 0.0 280.0
76 37.782269 -122.41818 0.0 0.0 0.0 280.0
77 37.782269 -122.41818 0.0 0.0 0.0 280.0
78 37.780384 -122.41783 0.0 0.0 0.0 280.0
79 37.786549 -122.40715 0.0 0.0 0.0 280.0
80 37.78846 -122.41016 0.0 0.0 0.0 280.0
81 37.782269 -122.41818 0.0 0.0 0.0 280.0
82 37.786472 -122.40974 0.0 0.0 0.0 280.0
83 37.780384 -122.41783 0.0 0.0 0.0 280.0
84 37.786549 -122.40715 0.0 0.0 0.0 280.0
85 37.78846 -122.41016 0.0 0.0 0.0 280.0
86 37.782269 -122.41818 0.0 0.0 0.0 280.0
87 37.786472 -122.40974 0.0 0.0 0.0 280.0
73
74
75 76 77
78 79 80 81 82
83 84 85 86 87
8 8 8 8 8 8 8 8 8 8 8 8 8 8 8 8 8 8 8 8 8 8 8 8 8 8 8 8 8 8 8 8 8 8 8 8
3 3 3
3.5 3.5 3.5
3.5 3.5 3.5
0.7 0.7 0.7
0.055 0.055 0.055 0.055 0.055
0.0715
0.75 0.25
0.0 1.4399 0.96578 1.2469 1.0172 2.3695 1.6124 0.91004 1.8192 2.097 1.1521 3.09 3.2926 0.34086 3.4369 1.2567 0.95557 0.98618 2.1278 2.586 2.4659 2.252 2.1653 2.9591 0.76743 1.678 1.4891 1.7274 1.9556 2.0907 2.6205 2.5408 2.9707 1.2728 0.78015 1.1943 1.4049 3.1163 0.96605 1.3891 1.8875 1.318 1.5159 0.91004 0.9341 2.1182 0.98141 2.3838 2.2083 0.45331 3.4369 2.0862 0.95557 2.1534 1.6264 1.7436 1.7576 2.9969 2.0204 2.9814 2.0445 1.2347 1.3021 2.3148 2.0233 2.0907 2.1593 1.5526 3.0194 0.8825 1.2576 1.1943 0.0 0.0 3.237 1.2423 1.2423 0.78857 2.6586 3.237 1.2423 2.9546 0.78857 2.6586 3.237 1.2423 2.9546
1.8286 0.0 1.2999 1.8051 1.0224 1.3646 1.1416 1.2792 1.4263 0.75319 0.79128 2.0852 2.2877 1.3961 2.4321 0.77289 1.7107 2.2103 1.1579 1.5812 1.4611 1.2471 1.7725 1.9543 1.5266 1.2071 1.0053 1.3346 0.95074 0.74684 1.6156 1.5756 1.9658 1.8854 1.5393 1.106 1.012 2.1115 1.7212 1.7232 1.4947 0.65512 0.17201 1.2792 1.2683 0.77437 1.3506 1.3789 1.2034 1.6265 2.4321 1.0814 1.7107 1.1485 1.2655 1.3508 1.0868 1.9921 0.67659 1.9766 1.0396 1.9898 0.94127 1.31 1.0185 0.74684 0.81546 1.1918 2.1305 2.2806 1.2628 1.106 0.0 0.0 2.2321 0.75845 0.75845 0.99023 1.6537 2.2321 0.75845 1.9497 0.99023 1.6537 2.2321 0.75845 1.9497
0.90453 1.146 0.0 1.078 0.84835 1.9726 1.4436 0.74116 1.4223 1.8032 0.98325 2.6931 2.8957 0.47207 3.04 0.91486 0.78669 1.3213 1.7309 2.1891 2.0691 1.8551 1.7684 2.5623 0.52655 1.5091 1.1472 1.3305 1.5587 1.7968 2.2236 2.1836 2.5738 1.1204 0.53927 1.0254 1.008 2.7195 0.79717 0.99217 1.4906 0.9761 1.222 0.74116 0.53722 1.8243 0.81253 1.9869 2.0394 0.70243 3.04 1.6894 0.78669 1.7565 1.4575 1.3468 1.4637 2.6001 1.7266 2.5846 1.8756 1.0658 1.1332 1.9179 1.6265 1.7968 1.8654 1.3837 2.6225 1.3566 0.91577 1.0254 0.0 0.0 2.8401 0.90042 0.90042 0.61969 2.2617 2.8401 0.90042 2.5577 0.61969 2.2617 2.8401 0.90042 2.5577
0.60828 1.4337 0.97665 0.0 1.0281 2.1624 1.3533 0.69611 1.8301 2.0909 1.163 2.8829 3.0855 0.68982 3.2298 1.2676 0.51644 0.86505 2.1387 2.3789 2.2588 2.0449 2.1762 2.752 1.2033 1.4188 1.5 1.7383 1.9665 2.0846 2.4133 2.2817 2.7635 0.6641 1.216 0.71214 1.4158 2.9092 0.34092 1.3999 1.8984 1.3288 1.5097 0.69611 0.94497 2.1121 0.62475 2.1767 1.9492 0.92018 3.2298 2.0971 0.51644 2.1642 1.3672 1.7545 1.7515 2.7898 2.0143 2.7743 1.7853 0.60955 0.68199 2.1077 2.0342 2.0846 2.1532 0.93248 2.9283 0.90037 1.2685 0.71214 0.0 0.0 3.0299 1.2532 1.2532 0.79944 2.4514 3.0299 1.2532 2.7474 0.79944 2.4514 3.0299 1.2532 2.7474
1.492 0.59147 0.88737 1.5715 0.0 1.5641 0.96404 0.99763 1.0138 1.2486 0.55772 2.2846 2.4872 1.0595 2.6315 0.36033 1.3742 1.9088 1.3224 1.7806 1.6605 1.4466 1.3599 2.1537 1.114 1.0295 0.59271 0.92201 1.1502 1.2423 1.815 1.7751 2.1652 1.6518 1.1267 0.87242 0.59948 2.3109 1.3846 1.3106 1.0821 0.42157 0.66746 0.99763 0.85569 1.2698 1.069 1.5784 1.5599 1.2899 2.6315 1.2808 1.3742 1.348 1.0319 0.93823 0.90919 2.1915 1.172 2.176 1.3961 1.6533 0.70771 1.5094 1.2179 1.2423 1.3109 0.9582 2.293 1.9441 0.36124 0.87242 0.0 0.0 2.4316 0.34589 0.34589 0.75667 1.8532 2.4316 0.34589 2.1492 0.75667 1.8532 2.4316 0.34589 2.1492
2.4529 1.3694 1.7243 2.2664 1.6747 0.0 1.05 1.9316 0.99771 0.66157 1.2795 1.4305 1.6331 2.0485 1.7774 1.4313 2.3611 2.6717 0.54032 0.92653 0.096455 0.59251 1.3438 1.2997 2.1809 1.1155 1.1906 0.80294 0.29611 0.87121 0.33498 0.92098 1.3112 2.3468 1.7607 1.7583 1.1974 1.4568 2.1856 1.2966 1.066 1.3135 0.89938 1.9316 1.6926 0.68274 2.0029 0.72432 1.1118 2.2788 1.7774 0.42676 2.3611 0.53089 1.1859 0.81916 0.99512 1.3374 0.58496 1.322 0.94799 2.4542 1.4026 0.65533 0.36387 0.87121 0.93983 1.2963 1.4759 2.745 1.9152 1.7583 0.0 0.0 1.5775 1.4168 1.4168 1.6426 0.99909 1.5775 1.4168 1.2951 1.6426 0.99909 1.5775 1.4168 1.2951
2.2096 1.126 1.7839 2.0231 1.4314 0.84764 0.0 1.6882 1.7613 0.9982 1.0361 1.5682 1.7708 1.8051 1.9151 1.2569 2.1177 2.4283 1.304 1.0642 0.94409 0.73015 2.1075 1.4373 2.0106 0.87211 1.4893 1.5666 1.0598 1.2078 1.0986 1.0586 1.4488 2.1034 2.0233 1.515 1.496 1.5945 1.9422 2.0602 1.8297 1.1391 0.65602 1.6882 1.7523 1.0194 1.7596 0.86196 0.63444 2.0355 1.9151 1.1904 2.1177 1.2945 0.94251 1.5828 0.75176 1.4751 0.9216 1.4596 0.47063 2.2108 1.1593 0.79297 1.1275 1.2078 1.2765 1.053 1.6136 2.5017 1.6718 1.515 0.0 0.0 1.7151 1.2425 1.2425 1.3992 1.1367 1.7151 1.2425 1.4327 1.3992 1.1367 1.7151 1.2425 1.4327
0.90783 1.1071 0.981 1.0123 0.68446 2.0887 1.2797 0.0 1.5774 1.7643 0.81936 2.8092 3.0118 0.69418 3.1561 0.92397 0.73599 1.2766 1.886 2.3052 2.1852 1.9712 1.9236 2.6784 1.2077 1.3452 1.1564 1.4857 1.7138 1.7579 2.3397 2.2081 2.6899 1.0757 1.2204 0.54369 1.1631 2.8356 0.75247 1.4043 1.6458 0.9852 1.1831 0.0 0.94933 1.7854 0.071362 2.103 1.8755 0.92454 3.1561 1.8445 0.73599 1.9116 1.2936 1.5019 1.4248 2.7162 1.6877 2.7007 1.7117 1.0211 0.74855 2.034 1.7816 1.7579 1.8265 0.99904 2.8546 1.3119 0.92488 0.54369 0.0 0.0 2.9562 0.90953 0.90953 0.45579 2.3778 2.9562 0.90953 2.6738 0.45579 2.3778 2.9562 0.90953 2.6738
1.7277 1.4071 0.89303 1.9012 1.3745 1.3687 1.7087 1.2673 0.0 1.3203 1.3734 2.0893 2.1848 1.2952 2.4362 0.83199 1.6098 2.1444 0.92905 1.5853 1.4652 1.2512 0.96658 1.9584 1.3497 1.7742 1.0644 0.72667 0.95484 1.4949 1.6197 1.5797 1.9699 1.9435 0.9294 1.5515 0.40414 2.1156 1.6203 0.4653 0.68877 1.2372 1.4831 1.2673 0.86135 1.3415 1.3387 1.3831 1.7705 1.5256 2.4362 1.0855 1.6098 1.0306 1.8446 0.74289 1.6539 1.9962 1.2437 1.9807 1.6067 1.8889 1.5234 1.3141 1.0226 1.4949 1.5636 1.7739 1.8467 2.1797 1.3579 1.5515 0.0 0.0 2.1292 1.3405 1.3405 1.1458 1.6578 2.1292 1.3405 1.9538 1.1458 1.6578 2.1292 1.3405 1.9538
2.6381 1.5786 2.2565 2.4516 1.8839 0.74018 0.88315 2.1407 1.6539 0.0 1.4886 1.4607 1.6633 2.2577 1.8076 1.7294 2.5463 2.8569 1.1965 0.95672 0.83664 0.6227 2.0 1.3298 2.4831 0.94866 1.5998 1.4591 0.9523 1.1004 0.99116 0.95117 1.3414 2.5319 2.3019 1.9675 1.6066 1.487 2.3708 1.9528 1.7222 1.6117 1.1286 2.1407 2.2248 0.021171 2.2121 0.7545 0.52699 2.488 1.8076 1.0829 2.5463 1.1871 1.0337 1.4753 1.2243 1.3676 0.81414 1.3521 0.36318 2.6394 1.5878 0.68552 1.0201 1.1004 1.169 1.4815 1.5061 2.9302 2.1244 1.9675 0.0 0.0 1.6077 1.715 1.715 1.8518 1.0293 1.6077 1.715 1.3253 1.8518 1.0293 1.6077 1.715 1.3253
1.3687 0.455 1.2231 1.3452 0.56254 1.4366 0.62757 0.81936 1.4555 1.1122 0.0 2.1571 2.3597 0.93626 2.504 0.80205 1.2509 1.7505 1.5169 1.6531 1.5331 1.3191 1.8016 2.0263 1.4497 0.69307 1.0344 1.3637 1.3097 1.1058 1.6876 1.556 2.0378 1.4255 1.4625 0.64614 1.0412 2.1835 1.2614 1.6464 1.5238 0.86329 0.53099 0.81936 1.1914 1.1333 0.89072 1.4509 1.2234 1.1666 2.504 1.4404 1.2509 1.5075 0.64148 1.38 0.77273 2.0641 1.0356 2.0486 1.0596 1.53 0.48144 1.3819 1.3775 1.1058 1.1744 0.73193 2.2025 1.8208 0.80296 0.64614 0.0 0.0 2.3041 0.78761 0.78761 0.5304 1.7257 2.3041 0.78761 2.0217 0.5304 1.7257 2.3041 0.78761 2.0217
3.0198 1.9603 2.5382 2.8333 2.2656 0.89787 1.2648 2.5224 1.8116 1.4754 1.8703 0.0 1.271 2.6393 0.3633 2.2451 2.928 3.2386 1.3542 0.7124 0.99433 1.4064 2.1577 0.71653 2.9948 1.3303 2.0045 1.6168 1.11 1.6851 1.1488 0.70685 0.70305 2.9136 2.5745 2.3492 2.0113 0.87372 2.7524 2.1104 1.8799 2.1274 1.7133 2.5224 2.5065 1.4966 2.5938 1.5382 1.3507 2.8697 0.3633 1.2406 2.928 1.3448 1.4154 1.633 1.809 0.72932 1.3988 1.5098 1.1869 3.0211 1.9695 0.7652 1.1777 1.6851 1.7537 1.8632 1.6638 3.3119 2.506 2.3492 0.0 0.0 1.2154 2.2307 2.2307 2.2335 0.78496 1.2154 2.2307 0.71196 2.2335 0.78496 1.2154 2.2307 0.71196
2.8294 1.7698 2.1647 2.6429 2.0752 0.52445 1.0744 2.332 1.4382 1.102 1.6799 0.55499 0.0 2.4489 0.90188 1.8717 2.7375 3.0481 0.98077 0.66298 0.62091 1.033 1.7843 0.34311 2.6214 1.1399 1.6311 1.2434 0.73656 1.3117 0.77543 0.65743 0.43563 2.7232 2.2011 2.1588 1.6379 0.5003 2.562 1.737 1.5065 1.7539 1.3398 2.332 2.1331 1.1232 2.4034 1.1648 0.97725 2.6793 0.90188 0.86721 2.7375 0.97134 1.2249 1.2596 1.4356 0.4619 1.0254 0.3654 0.81344 2.8307 1.7791 0.39178 0.80432 1.3117 1.3803 1.6728 1.2904 3.1215 2.3156 2.1588 0.0 0.0 0.94795 1.8573 1.8573 2.043 0.73554 0.94795 1.8573 0.33854 2.043 0.73554 0.94795 1.8573 0.33854
0.85754 1.224 0.74991 1.031 0.80136 2.1536 1.3966 0.69418 1.6033 1.8812 0.93626 2.8742 3.0767 0.0 3.221 1.0409 0.7397 1.1512 1.9119 2.3701 2.2501 2.0361 1.9495 2.7433 0.66947 1.4621 1.2733 1.5116 1.7397 1.8748 2.4046 2.325 2.7548 1.0734 0.68219 0.9784 1.189 2.9005 0.75018 1.1732 1.6717 1.1021 1.3 0.69418 0.71824 1.9024 0.76554 2.1679 1.9924 0.35535 3.221 1.8704 0.7397 1.9375 1.4105 1.5278 1.5417 2.7811 1.8046 2.7656 1.8286 1.0188 1.0863 2.0989 1.8075 1.8748 1.9434 1.3367 2.8035 1.0475 1.0418 0.9784 0.0 0.0 3.0211 1.0264 1.0264 0.5727 2.4427 3.0211 1.0264 2.7387 0.5727 2.4427 3.0211 1.0264 2.7387
2.9735 1.914 2.3089 2.787 2.2193 0.66856 1.2185 2.4761 1.5823 1.2461 1.824 0.5931 1.0417 2.593 0.0 2.0158 2.8816 3.1923 1.1249 0.48309 0.76502 1.1771 1.9284 0.48723 2.7655 1.284 1.7752 1.3875 0.88068 1.4558 0.91954 0.47754 0.47374 2.8673 2.3452 2.3029 1.782 0.64441 2.7061 1.8811 1.6506 1.8981 1.4839 2.4761 2.2772 1.2673 2.5475 1.3089 1.1214 2.8234 0.0 1.0113 2.8816 1.1154 1.3691 1.4037 1.5797 0.50001 1.1695 1.2805 0.95756 2.9748 1.9232 0.5359 0.94843 1.4558 1.5244 1.8169 1.4345 3.2656 2.4597 2.3029 0.0 0.0 0.98607 2.0014 2.0014 2.1872 0.55565 0.98607 2.0014 0.48265 2.1872 0.55565 0.98607 2.0014 0.48265
1.7947 1.3042 0.96005 1.9682 1.4415 1.2658 1.6057 1.3343 0.71547 1.2173 1.2704 1.9863 2.1889 1.3622 2.3332 0.0 1.6768 2.2115 1.0241 1.4823 1.3622 1.1483 1.0616 1.8554 1.4167 1.6712 0.2944 0.6237 0.85187 1.392 1.5167 1.4767 1.8669 2.0105 0.99642 1.5851 0.30116 2.0126 1.6873 1.0143 0.7838 1.1343 1.3801 1.3343 0.92838 1.2385 1.4057 1.2801 1.6676 1.5926 2.3332 0.98252 1.6768 1.0496 1.7416 0.63992 1.5509 1.8932 1.1407 1.8777 1.5038 1.956 1.4204 1.2111 0.91962 1.392 1.4606 1.6709 1.9947 2.2468 1.4249 1.5851 0.0 0.0 2.1333 1.2376 1.2376 1.2128 1.5549 2.1333 1.2376 1.8508 1.2128 1.5549 2.1333 1.2376 1.8508
0.87794 1.2064 0.7323 1.0514 0.78375 2.136 1.379 0.67657 1.5857 1.8636 0.91866 2.8565 3.0591 0.44547 3.2034 1.0233 0.0 1.2947 1.8943 2.3525 2.2325 2.0185 1.9319 2.7257 0.95895 1.4445 1.2556 1.4939 1.7221 1.8572 2.387 2.3074 2.7372 1.0938 0.97167 0.96079 1.1714 2.8829 0.77058 1.1556 1.6541 1.0845 1.2824 0.67657 0.70063 1.8847 0.74793 2.1503 1.9748 0.67584 3.2034 1.8528 0.0 1.9199 1.3929 1.5102 1.5241 2.7635 1.787 2.748 1.811 1.0392 1.0687 2.0813 1.7899 1.8572 1.9258 1.3191 2.7859 1.33 1.0242 0.96079 0.0 0.0 3.0035 1.0088 1.0088 0.55509 2.4251 3.0035 1.0088 2.7211 0.55509 2.4251 3.0035 1.0088 2.7211
0.37845 1.6969 1.2228 1.07 1.2743 2.6265 1.8695 0.95828 2.0762 2.3541 1.4092 3.3471 3.5496 0.5979 3.694 1.5138 0.77861 0.0 2.3848 2.8431 2.723 2.509 2.4224 3.2162 1.0245 1.935 1.7462 1.9845 2.2126 2.3477 2.8775 2.7979 3.2277 1.0609 1.0372 1.1123 1.6619 3.3734 0.78909 1.6461 2.1446 1.575 1.7729 0.95828 1.1911 2.3753 0.88692 2.6408 2.4653 0.71035 3.694 2.3433 0.77861 2.4104 1.8834 2.0007 2.0146 3.254 2.2775 3.2385 2.3015 0.37972 1.3172 2.5719 2.2804 2.3477 2.4164 1.5677 3.2764 0.67054 1.5147 1.1123 0.0 0.0 3.494 1.4993 1.4993 1.0456 2.9156 3.494 1.4993 3.2116 1.0456 2.9156 3.494 1.4993 3.2116
2.0201 1.0165 1.3894 1.9966 1.2139 0.97814 1.3181 1.4707 1.1448 0.9297 0.98279 1.6987 1.9013 1.5876 2.0456 0.9644 1.9022 2.4018 0.0 1.1947 1.0746 0.86065 1.491 1.5678 1.7181 1.3836 0.72378 0.33608 0.56425 1.1043 1.2291 1.1891 1.5793 2.0769 1.4258 1.2975 0.73054 1.725 1.9127 1.4437 1.2132 0.84663 1.0925 1.4707 1.3578 0.95087 1.5421 0.99246 1.3799 1.818 2.0456 0.69489 1.9022 0.76203 1.454 0.3523 1.2633 1.6056 0.8531 1.5901 1.2161 2.1813 1.1328 0.92347 0.632 1.1043 1.173 1.3833 1.7441 2.4722 1.4543 1.2975 0.0 0.0 1.8456 0.94995 0.94995 1.1817 1.2672 1.8456 0.94995 1.5632 1.1817 1.2672 1.8456 0.94995 1.5632
2.8789 1.8193 2.7392 2.6924 2.1247 1.6479 1.1239 2.3815 2.5617 1.8535 1.7294 1.5725 2.0211 2.4984 1.9194 2.2122 2.787 3.0976 2.1043 0.0 1.7444 1.5855 2.9078 1.4666 2.9659 1.1894 2.4446 2.3669 1.8601 2.0632 1.8989 0.8863 1.4531 2.7727 2.9786 2.2083 2.4514 1.6238 2.6115 2.8605 2.63 2.0944 1.6113 2.3815 2.7076 1.8747 2.4529 1.7173 1.4897 2.7288 1.9194 1.9907 2.787 2.0948 1.2744 2.3831 1.7071 1.4794 1.7769 2.2599 1.3259 2.8801 1.8286 1.5153 1.9278 2.0632 2.1318 1.7223 2.4139 3.171 2.3651 2.2083 0.0 0.0 1.9655 2.1978 2.1978 2.0925 0.07256 1.9655 2.1978 1.462 2.0925 0.07256 1.9655 2.1978 1.462
2.3565 1.2729 1.6278 2.17 1.5783 0.61354 0.95351 1.8351 0.90125 0.56511 1.183 1.3341 1.5367 1.952 1.681 1.3348 2.2646 2.5752 0.44386 0.83008 0.0 0.49606 1.2474 1.2032 2.0845 1.019 1.0942 0.70649 0.19966 0.77475 0.23852 0.82453 1.2147 2.2503 1.6642 1.6619 1.101 1.3604 2.0891 1.2001 0.96959 1.217 0.80293 1.8351 1.5962 0.58628 1.9065 0.62786 1.0153 2.1824 1.681 0.3303 2.2646 0.43443 1.0894 0.7227 0.89867 1.241 0.4885 1.2255 0.85154 2.3577 1.3062 0.55888 0.26741 0.77475 0.84338 1.1999 1.3795 2.6486 1.8187 1.6619 0.0 0.0 1.481 1.3204 1.3204 1.5461 0.90264 1.481 1.3204 1.1986 1.5461 0.90264 1.481 1.3204 1.1986
2.6695 1.6099 2.4888 2.483 1.9153 1.0305 0.9145 2.1721 1.9442 1.1811 1.52 1.0071 1.4557 2.289 1.354 1.9618 2.5776 2.8882 1.4869 0.50307 1.127 0.0 2.2904 0.9012 2.7155 0.98001 1.8902 1.7495 1.2427 1.3907 1.2815 0.49752 0.88772 2.5633 2.5922 1.9989 1.8969 1.0584 2.4021 2.2431 2.0126 1.844 1.3609 2.1721 2.4572 1.2023 2.2435 0.13181 0.81734 2.5194 1.354 1.3733 2.5776 1.4774 1.065 1.7657 1.4567 0.91399 1.1045 1.6425 0.65353 2.6707 1.6192 0.23187 1.3104 1.3907 1.4594 1.5129 1.7965 2.9616 2.1557 1.9989 0.0 0.0 1.4 1.9474 1.9474 1.8831 0.57563 1.4 1.9474 0.89663 1.8831 0.57563 1.4 1.9474 0.89663
2.8716 1.7881 2.135 2.6851 2.0914 1.1287 1.4686 2.3482 1.4084 1.0802 1.6981 1.4472 1.5378 2.4651 1.7941 1.8419 2.7798 3.0904 0.95098 1.3452 1.2251 1.0112 0.0 1.2353 2.5916 1.5341 1.6013 1.2136 0.71478 1.2899 0.75365 1.3396 1.3278 2.7654 2.1713 2.175 1.6081 1.3925 2.6042 1.7072 1.4767 1.7242 1.3181 2.3482 2.1033 1.1014 2.4196 1.143 1.5305 2.6955 1.7941 0.84542 2.7798 0.14056 1.6045 1.2298 1.4138 1.3541 1.0036 1.2576 1.3667 2.8729 1.8213 1.074 0.78253 1.2899 1.3585 1.715 1.1996 3.1637 2.3318 2.175 0.0 0.0 1.4822 1.8275 1.8275 2.0593 1.4178 1.4822 1.8275 1.2308 2.0593 1.4178 1.4822 1.8275 1.2308
2.7195 1.636 1.9909 2.533 1.9413 0.3506 1.3166 2.1982 1.2643 0.92817 1.5461 1.1521 1.2737 2.3151 1.499 1.6979 2.6277 2.9383 0.80692 1.1931 0.44706 0.85912 1.6105 0.0 2.4475 1.3821 1.4572 1.0695 0.56272 1.1378 0.60158 1.1876 1.0328 2.6134 2.0273 2.0249 1.464 0.15719 2.4522 1.5632 1.3326 1.5801 1.166 2.1982 1.9592 0.94934 2.2695 0.99092 1.3784 2.5454 1.499 0.69336 2.6277 0.79749 1.4525 1.0858 1.2617 1.0591 0.85156 0.96255 1.2146 2.7208 1.6692 0.92194 0.63047 1.1378 1.2064 1.5629 1.1165 3.0116 2.1818 2.0249 0.0 0.0 1.2181 1.6834 1.6834 1.9092 1.2657 1.2181 1.6834 0.93569 1.9092 1.2657 1.2181 1.6834 0.93569
1.0196 1.615 1.0379 1.5471 1.3174 2.4416 1.9126 1.2102 1.8914 2.2722 1.4523 3.1622 3.3648 0.65702 3.5091 1.3839 1.2557 1.1253 2.2 2.6582 2.5381 2.3242 2.2375 3.0313 0.0 1.9781 1.6163 1.7996 2.0278 2.2659 2.6926 2.6526 3.0428 1.412 0.83331 1.4944 1.4771 3.1885 1.2662 1.4612 1.9597 1.4451 1.691 1.2102 1.0063 2.2934 1.2816 2.456 2.5084 0.32948 3.5091 2.1584 1.2557 2.2255 1.9265 1.8158 1.9328 3.0691 2.1956 3.0536 2.3446 1.4458 1.6023 2.387 2.0955 2.2659 2.3345 1.8528 3.0916 1.0217 1.3848 1.4944 0.0 0.0 3.3092 1.3695 1.3695 1.0887 2.7307 3.3092 1.3695 3.0267 1.0887 2.7307 3.3092 1.3695 3.0267
1.8425 0.78301 1.7489 1.6561 1.0884 0.89662 0.087582 1.3452 1.8103 1.0472 0.69307 1.6172 1.8197 1.4621 1.964 1.3059 1.7507 2.0613 1.3529 1.1131 0.99307 0.77913 2.1565 1.4863 1.9756 0.0 1.5383 1.6156 1.1087 1.2568 1.1476 1.016 1.4978 1.7364 1.9883 1.172 1.545 1.6435 1.5752 2.1092 1.8787 1.1881 0.705 1.3452 1.7172 1.0684 1.4165 0.91094 0.68342 1.6924 1.964 1.2394 1.7507 1.3435 0.23811 1.6318 0.80074 1.5241 0.97058 1.5086 0.51961 1.8438 0.79226 0.84195 1.1765 1.2568 1.3255 0.68593 1.6625 2.1346 1.3288 1.172 0.0 0.0 1.7641 1.2914 1.2914 1.0562 1.1857 1.7641 1.2914 1.4817 1.0562 1.1857 1.7641 1.2914 1.4817
1.5767 1.4372 0.74211 1.7503 1.2236 1.5298 1.8098 1.1164 0.97952 1.4814 1.3585 2.2504 2.4529 1.1443 2.5972 0.68107 1.4589 1.9935 1.2881 1.7463 1.6263 1.4123 1.3257 2.1195 1.1988 1.8753 0.0 0.88776 1.1159 1.58 1.7808 1.7408 2.131 1.7926 0.77848 1.4006 0.56522 2.2767 1.4694 0.94239 1.0479 1.2673 1.5132 1.1164 0.71044 1.5026 1.1877 1.5441 1.9316 1.3746 2.5972 1.2466 1.4589 1.3137 1.8327 0.90398 1.7549 2.1573 1.4048 2.1418 1.7678 1.738 1.5085 1.4752 1.1837 1.58 1.6487 1.7589 2.2587 2.0288 1.207 1.4006 0.0 0.0 2.3973 1.1916 1.1916 0.9949 1.8189 2.3973 1.1916 2.1149 0.9949 1.8189 2.3973 1.1916 2.1149
2.4516 1.371 1.6889 2.2681 1.6454 0.71163 1.0516 1.9022 0.96234 0.6632 1.2811 1.4322 1.6347 2.0191 1.7791 1.3959 2.3337 2.6733 0.50495 0.92817 0.80809 0.59415 1.3085 1.3013 2.1456 1.1171 1.1553 0.0 0.29775 0.87284 0.96261 0.92262 1.3128 2.3484 1.7253 1.729 1.162 1.4585 2.1872 1.2612 1.0307 1.2781 0.90102 1.9022 1.6573 0.68437 1.9736 0.72595 1.1134 2.2495 1.7791 0.42839 2.3337 0.49552 1.1875 0.78379 0.99676 1.3391 0.58659 1.3236 0.94963 2.4558 1.4043 0.65697 0.3655 0.87284 0.94147 1.298 1.4776 2.7467 1.8858 1.729 0.0 0.0 1.5791 1.3815 1.3815 1.6132 1.0007 1.5791 1.3815 1.2967 1.6132 1.0007 1.5791 1.3815 1.2967
2.8668 1.7832 2.1381 2.6803 2.0886 0.49784 1.1258 2.3454 1.4115 1.0754 1.6933 1.2184 1.4209 2.4623 1.5653 1.8451 2.7749 3.0855 0.95415 0.71437 0.59429 0.38035 1.7577 1.0875 2.5948 1.1913 1.6045 1.2168 0.0 1.285 0.74881 0.70882 1.099 2.7606 2.1745 2.1722 1.6112 1.2447 2.5994 1.7104 1.4799 1.7273 1.3132 2.3454 2.1065 1.0966 2.4168 0.51215 1.0286 2.6927 1.5653 0.21459 2.7749 0.94472 1.2763 1.233 1.409 1.1253 0.99879 1.1098 0.86483 2.868 1.8165 0.44317 0.067752 1.285 1.3537 1.7102 1.2638 3.1589 2.329 2.1722 0.0 0.0 1.3653 1.8307 1.8307 2.0564 0.78693 1.3653 1.8307 1.0829 2.0564 0.78693 1.3653 1.8307 1.0829
2.4131 1.3326 1.6505 2.2296 1.6069 0.67316 1.0131 1.8637 0.92387 0.62473 1.2426 1.3937 1.5963 1.9806 1.7406 1.3574 2.2952 2.6349 0.46648 0.88969 0.76962 0.55567 1.27 1.2628 2.1071 1.0786 1.1168 0.7291 0.25927 0.0 0.92414 0.88414 1.2743 2.3099 1.6868 1.6905 1.1236 1.42 2.1487 1.2227 0.9922 1.2397 0.86255 1.8637 1.6188 0.6459 1.9351 0.68748 1.075 2.211 1.7406 0.38992 2.2952 0.45705 1.149 0.74532 0.95828 1.3006 0.54812 1.2851 0.91116 2.4174 1.3658 0.61849 0.32703 0.0 0.903 1.2595 1.4391 2.7082 1.8473 1.6905 0.0 0.0 1.5407 1.343 1.343 1.5748 0.96225 1.5407 1.343 1.2582 1.5748 0.96225 1.5407 1.343 1.2582
2.2378 1.1542 1.8121 2.0513 1.4596 0.49484 0.83481 1.7164 1.4085 0.44641 1.0643 1.2154 1.418 1.8333 1.5623 1.2851 2.1459 2.4565 0.95116 0.71137 0.5913 0.37736 1.7547 1.0845 2.0388 0.90031 1.1555 1.2138 0.080956 0.65605 0.0 0.70582 1.096 2.1316 1.8575 1.5432 1.1622 1.2417 1.9704 1.7074 1.4769 1.1673 0.68423 1.7164 1.7805 0.46758 1.7878 0.50916 0.89664 2.0637 1.5623 0.2116 2.1459 0.94173 0.97072 1.23 0.77997 1.1223 0.3698 1.1068 0.73284 2.239 1.1875 0.44018 0.14871 0.65605 0.72468 1.0812 1.2608 2.5299 1.7 1.5432 0.0 0.0 1.3623 1.2707 1.2707 1.4274 0.78393 1.3623 1.2707 1.0799 1.4274 0.78393 1.3623 1.2707 1.0799
2.7144 1.6549 2.4554 2.5279 1.9602 0.81513 0.95946 2.2171 1.7288 1.2261 1.565 0.73967 1.1882 2.334 1.0866 2.0068 2.6226 2.9332 1.2714 0.23566 0.91158 0.95801 2.075 0.63379 2.7604 1.025 1.9218 1.5341 1.0272 1.4357 1.0661 0.0 0.62031 2.6082 2.4918 2.0438 1.9285 0.79098 2.4471 2.0277 1.7972 1.889 1.4059 2.2171 2.4238 1.2472 2.2884 1.0898 0.8623 2.5643 1.0866 1.1579 2.6226 1.262 1.11 1.5503 1.5016 0.64658 1.1495 1.4271 0.69849 2.7157 1.6641 0.68246 1.095 1.4357 1.5043 1.5578 1.581 3.0065 2.2007 2.0438 0.0 0.0 1.1326 1.9923 1.9923 1.9281 0.30822 1.1326 1.9923 0.62922 1.9281 0.30822 1.1326 1.9923 0.62922
3.1163 2.0567 2.4516 2.9298 2.3621 0.81132 1.3613 2.6189 1.725 1.3889 1.9668 0.34586 0.61194 2.7358 0.69276 2.1586 3.0244 3.335 1.2676 0.62586 0.90778 1.3198 1.8977 0.62999 2.9083 1.4268 1.918 1.5303 1.0234 1.5985 1.0623 0.62031 0.0 3.0101 2.488 2.4457 1.9247 0.78717 2.8489 2.0239 1.7934 2.0408 1.6267 2.6189 2.4199 1.4101 2.6902 1.4516 1.2641 2.9662 0.69276 1.1541 3.0244 1.2582 1.5118 1.5465 1.7224 0.026273 1.3123 0.88177 1.1003 3.1175 2.066 0.67866 1.0912 1.5985 1.6672 1.9596 1.2647 3.4083 2.6025 2.4457 0.0 0.0 0.55633 2.1441 2.1441 2.3299 0.69842 0.55633 2.1441 0.62541 2.3299 0.69842 0.55633 2.1441 0.62541
0.73183 1.7513 1.3872 0.48333 1.3706 2.4799 1.6709 1.1067 2.2406 2.4085 1.5055 3.2004 3.403 0.95127 3.5473 1.6102 0.92698 0.41259 2.5492 2.6964 2.5764 2.3624 2.5867 3.0696 1.3778 1.7364 1.8425 2.1488 2.377 2.4021 2.7309 2.5992 3.0811 0.0 1.3906 1.0297 1.8263 3.2267 0.75147 1.8105 2.3089 1.6714 1.8273 1.1067 1.3555 2.4296 1.0353 2.4942 2.2667 1.0637 3.5473 2.5077 0.92698 2.5748 1.6848 2.1651 2.069 3.1073 2.3319 3.0918 2.1029 0.7331 0.99954 2.4252 2.4448 2.4021 2.4707 1.25 3.2458 0.67291 1.6111 1.0297 0.0 0.0 3.3474 1.5957 1.5957 1.21 2.769 3.3474 1.5957 3.065 1.21 2.769 3.3474 1.5957 3.065
1.5413 2.1367 1.1256 2.0688 1.8391 2.5833 2.4343 1.7319 2.033 2.5009 1.974 3.3039 3.5064 1.1787 3.6508 1.5956 1.7774 1.647 2.3416 2.7999 2.6798 2.4658 2.3792 3.173 0.64128 2.4998 1.828 1.9413 2.1694 2.4945 2.8343 2.7943 3.1845 1.9337 0.0 2.0161 1.6187 3.3302 1.7879 1.6029 2.1014 1.9668 2.2127 1.7319 1.094 2.5221 1.8033 2.5977 2.9511 0.85116 3.6508 2.3001 1.7774 2.3672 2.4482 1.9575 2.4545 3.2108 2.4243 3.1953 2.7873 1.9675 2.124 2.5287 2.2372 2.4945 2.5632 2.3745 3.2333 1.5433 1.9065 2.0161 0.0 0.0 3.4508 1.8911 1.8911 1.6104 2.8724 3.4508 1.8911 3.1684 1.6104 2.8724 3.4508 1.8911 3.1684
1.0619 1.0273 1.2652 1.1459 0.60468 1.7625 0.95346 0.54369 1.4976 1.6845 0.73958 2.483 2.6856 0.9784 2.8299 0.84419 0.89002 1.4306 1.8063 1.979 1.8589 1.645 1.8438 2.3522 1.4919 1.019 1.0766 1.4059 1.634 1.6781 2.0135 1.8818 2.3637 1.2262 1.5046 0.0 1.0833 2.5093 0.9065 1.6885 1.566 0.90543 1.1033 0.54369 1.2336 1.7057 0.47233 1.7768 1.5493 1.2088 2.8299 1.7647 0.89002 1.8318 0.96737 1.4221 1.3451 2.3899 1.6079 2.3744 1.3855 1.1751 0.28214 1.7078 1.7018 1.6781 1.7468 0.53262 2.5284 1.466 0.8451 0.0 0.0 0.0 2.63 0.82975 0.82975 0.57253 2.0516 2.63 0.82975 2.3476 0.57253 2.0516 2.63 0.82975 2.3476
2.0378 1.7173 1.2032 2.2113 1.6846 1.6789 2.0189 1.5775 0.4766 1.6305 1.6835 2.1934 2.094 1.6054 2.5403 1.1421 1.92 2.4546 0.78521 1.8954 1.7753 1.5614 0.82274 1.9816 1.6598 2.0844 1.3745 1.0368 1.265 1.8051 1.4999 1.8899 2.0741 2.2536 1.2396 1.8617 0.0 2.1387 1.9305 0.77546 0.54493 1.5474 1.7933 1.5775 1.1715 1.6516 1.6488 1.6932 2.0807 1.8357 2.5403 1.3956 1.92 0.88678 2.1548 1.0531 1.964 2.1003 1.5538 2.0038 1.9169 2.1991 1.8335 1.6242 1.3328 1.8051 1.8737 2.084 1.7558 2.4899 1.6681 1.8617 0.0 0.0 2.0384 1.6507 1.6507 1.456 1.968 2.0384 1.6507 1.977 1.456 1.968 2.0384 1.6507 1.977
2.5623 1.4788 1.8337 2.3759 1.7842 0.19342 1.1594 2.041 1.1071 0.77098 1.3889 0.99496 1.1165 2.1579 1.3419 1.5407 2.4705 2.7811 0.64973 1.0359 0.28987 0.70193 1.4533 0.78308 2.2904 1.2249 1.3001 0.91236 0.40553 0.98063 0.4444 1.0304 0.8756 2.4562 1.8701 1.8678 1.3068 0.0 2.295 1.406 1.1755 1.4229 1.0088 2.041 1.802 0.79216 2.1123 0.83374 1.2212 2.3882 1.3419 0.53618 2.4705 0.64031 1.2953 0.92858 1.1045 0.90187 0.69438 0.80537 1.0574 2.5636 1.5121 0.76475 0.47328 0.98063 1.0493 1.4057 0.95934 2.8544 2.0246 1.8678 0.0 0.0 1.0609 1.5262 1.5262 1.752 1.1085 1.0609 1.5262 0.7785 1.752 1.1085 1.0609 1.5262 0.7785
0.42692 1.7454 1.2713 1.1184 1.3227 2.675 1.918 1.0068 2.1247 2.4026 1.4576 3.3955 3.5981 0.64637 3.7424 1.5623 0.82708 0.82269 2.4333 2.8915 2.7715 2.5575 2.4708 3.2647 1.0729 1.9835 1.7946 2.0329 2.2611 2.3962 2.926 2.8463 3.2762 1.1093 1.0857 1.1608 1.7104 3.4218 0.0 1.6946 2.193 1.6235 1.8214 1.0068 1.2396 2.4237 0.93539 2.6893 2.5138 0.75883 3.7424 2.3918 0.82708 2.4589 1.9319 2.0492 2.0631 3.3024 2.326 3.2869 2.35 0.4282 1.3656 2.6203 2.3289 2.3962 2.4648 1.6161 3.3249 0.71901 1.5632 1.1608 0.0 0.0 3.5425 1.5478 1.5478 1.0941 2.9641 3.5425 1.5478 3.2601 1.0941 2.9641 3.5425 1.5478 3.2601
2.5261 2.2056 1.6915 2.6996 2.1729 2.1672 2.5071 2.0657 1.6169 2.1187 2.1718 2.4967 2.0373 2.0936 2.8406 1.6304 2.4083 2.9429 1.3125 2.3837 2.2636 2.0497 1.35 2.2848 2.1481 2.5726 1.8628 1.5251 1.7533 2.2934 1.9122 2.3782 2.2119 2.7419 1.7278 2.35 1.2026 2.442 2.4187 0.0 1.1792 2.0357 2.2816 2.0657 1.6598 2.1399 2.1371 2.1815 2.569 2.324 2.8406 1.8839 2.4083 1.4141 2.643 1.5413 2.4523 2.1856 2.0421 2.3071 2.4052 2.6874 2.3218 2.1125 1.821 2.2934 2.362 2.5723 1.6991 2.9782 2.1563 2.35 0.0 0.0 1.9817 2.139 2.139 1.9443 2.4563 1.9817 2.139 2.2803 1.9443 2.4563 1.9817 2.139 2.2803
2.2036 1.2001 1.441 2.1801 1.3974 1.1617 1.5016 1.6542 0.71437 1.1132 1.1663 1.6652 1.7558 1.7711 2.0121 1.1479 2.0857 2.5854 0.25698 1.3782 1.2581 1.0442 0.29451 1.4533 1.8976 1.5671 0.9073 0.5196 0.74777 1.2879 0.97164 1.3726 1.5458 2.2604 1.4773 1.481 0.91406 1.6105 2.0962 1.0132 0.0 1.0302 1.276 1.6542 1.4093 1.1344 1.7256 1.176 1.5635 2.0015 2.0121 0.87842 2.0857 0.35855 1.6375 0.53582 1.4468 1.5721 1.0366 1.4756 1.3997 2.3649 1.3163 1.107 0.81552 1.2879 1.3565 1.5668 1.4176 2.6557 1.6378 1.481 0.0 0.0 1.7002 1.1335 1.1335 1.3653 1.4508 1.7002 1.1335 1.4487 1.3653 1.4508 1.7002 1.1335 1.4487
1.9692 0.23665 1.4406 1.8257 1.163 1.4183 0.60922 1.4198 1.567 0.89382 0.83871 2.1388 2.3414 1.5367 2.4857 0.91351 1.8513 2.231 1.2986 1.6348 1.5147 1.3008 1.9131 2.0079 1.6672 0.67473 1.1459 1.4752 1.0914 0.88746 1.6692 1.5376 2.0194 1.906 1.6799 1.2466 1.1527 2.1651 1.7448 1.8638 1.6353 0.0 0.31264 1.4198 1.4089 0.91499 1.4912 1.4326 1.2051 1.7671 2.4857 1.222 1.8513 1.2891 0.74513 1.4914 0.55438 2.0457 0.81721 2.0302 1.0412 2.0135 0.9619 1.3636 1.1591 0.88746 0.95609 0.85557 2.1842 2.3043 1.4034 1.2466 0.0 0.0 2.2858 0.89907 0.89907 1.1309 1.7073 2.2858 0.89907 2.0033 1.1309 1.7073 2.2858 0.89907 2.0033
2.4251 1.3436 1.7945 2.2406 1.6189 1.2472 1.0241 1.8757 1.4979 0.63573 1.2536 1.9677 2.1703 1.9926 2.3146 1.3694 2.3073 2.6459 1.0405 1.4637 1.3436 1.1297 1.844 1.8368 2.1231 1.0896 1.1288 1.3031 0.83328 0.62938 1.4981 1.4582 1.8483 2.3209 1.8308 1.7025 1.1356 1.994 2.1597 1.7967 1.5662 1.2517 0.0 1.8757 1.7628 0.65691 1.9471 1.2615 1.086 2.223 2.3146 0.96392 2.3073 1.0311 1.16 1.3193 0.96929 1.8746 0.55913 1.8591 0.92216 2.4284 1.3768 1.1925 0.90103 0.62938 0.698 1.2705 2.0131 2.7192 1.8593 1.7025 0.0 0.0 2.1147 1.355 1.355 1.5868 1.5363 2.1147 1.355 1.8323 1.5868 1.5363 2.1147 1.355 1.8323
0.90783 1.1071 0.981 1.0123 0.68446 2.0887 1.2797 0.0 1.5774 1.7643 0.81936 2.8092 3.0118 0.69418 3.1561 0.92397 0.73599 1.2766 1.886 2.3052 2.1852 1.9712 1.9236 2.6784 1.2077 1.3452 1.1564 1.4857 1.7138 1.7579 2.3397 2.2081 2.6899 1.0757 1.2204 0.54369 1.1631 2.8356 0.75247 1.4043 1.6458 0.9852 1.1831 0.0 0.94933 1.7854 0.071362 2.103 1.8755 0.92454 3.1561 1.8445 0.73599 1.9116 1.2936 1.5019 1.4248 2.7162 1.6877 2.7007 1.7117 1.0211 0.74855 2.034 1.7816 1.7579 1.8265 0.99904 2.8546 1.3119 0.92488 0.54369 0.0 0.0 2.9562 0.90953 0.90953 0.45579 2.3778 2.9562 0.90953 2.6738 0.45579 2.3778 2.9562 0.90953 2.6738
0.93643 1.1779 0.1018 1.1099 0.88025 2.0045 1.4755 0.77307 1.4542 1.8351 1.0152 2.725 2.9276 0.50397 3.0719 0.94676 0.81859 1.3532 1.7628 2.221 2.101 1.887 1.8004 2.5942 0.55845 1.541 1.1791 1.3624 1.5906 1.8287 2.2555 2.2155 2.6057 1.1523 0.57117 1.0573 1.0399 2.7514 0.82907 1.0241 1.5226 1.008 1.2539 0.77307 0.0 1.8562 0.84443 2.0188 2.0713 0.73434 3.0719 1.7213 0.81859 1.7884 1.4894 1.3787 1.4956 2.632 1.7585 2.6165 1.9075 1.0977 1.1652 1.9498 1.6584 1.8287 1.8973 1.4156 2.6544 1.3885 0.94767 1.0573 0.0 0.0 2.872 0.93232 0.93232 0.65159 2.2936 2.872 0.93232 2.5896 0.65159 2.2936 2.872 0.93232 2.5896
2.6169 1.5574 2.2353 2.4304 1.8628 0.71901 0.86198 2.1196 1.6327 0.86958 1.4675 1.4396 1.6421 2.2365 1.7864 1.7083 2.5251 2.8357 1.1753 0.93555 0.81547 0.60153 1.9789 1.3087 2.462 0.92748 1.5787 1.438 0.93113 1.0792 0.96999 0.93 1.3202 2.5108 2.2807 1.9464 1.5854 1.4659 2.3496 1.9316 1.7011 1.5905 1.1074 2.1196 2.2036 0.0 2.1909 0.73333 0.50581 2.4668 1.7864 1.0618 2.5251 1.1659 1.0125 1.4542 1.2031 1.3465 0.79297 1.331 0.34201 2.6182 1.5667 0.66435 0.99888 1.0792 1.1478 1.4603 1.4849 2.909 2.1032 1.9464 0.0 0.0 1.5865 1.6938 1.6938 1.8306 1.0081 1.5865 1.6938 1.3041 1.8306 1.0081 1.5865 1.6938 1.3041
0.83647 1.1785 1.0524 0.94097 0.75582 2.1575 1.3485 0.071362 1.6488 1.8356 0.89072 2.8781 3.0807 0.76554 3.225 0.99533 0.66463 1.2052 1.9574 2.3741 2.254 2.0401 1.9949 2.7472 1.279 1.414 1.2277 1.557 1.7852 1.8293 2.4085 2.2769 2.7587 1.0043 1.2917 0.47233 1.2345 2.9044 0.68111 1.4756 1.7171 1.0566 1.2545 0.071362 1.0207 1.8568 0.0 2.1719 1.9443 0.9959 3.225 1.9158 0.66463 1.983 1.3624 1.5732 1.4962 2.785 1.759 2.7695 1.7805 0.94974 0.67718 2.1029 1.8529 1.8293 1.8979 0.92767 2.9235 1.2406 0.99624 0.47233 0.0 0.0 3.025 0.98089 0.98089 0.52716 2.4466 3.025 0.98089 2.7426 0.52716 2.4466 3.025 0.98089 2.7426
2.5377 1.4781 2.357 2.3512 1.7835 0.89873 0.7827 2.0403 1.8124 1.0493 1.3882 0.87527 1.3238 2.1572 1.2222 1.83 2.4458 2.7564 1.3551 0.37127 0.99519 0.78125 2.1586 0.7694 2.5837 0.8482 1.7584 1.6177 1.1108 1.2589 1.1497 0.36572 0.75591 2.4315 2.4604 1.8671 1.7651 0.92658 2.2703 2.1113 1.8808 1.7122 1.2291 2.0403 2.3254 1.0705 2.1117 0.0 0.68553 2.3876 1.2222 1.2415 2.4458 1.3456 0.93323 1.6339 1.3249 0.78218 0.97269 1.5107 0.52173 2.5389 1.4874 0.10007 1.1786 1.2589 1.3276 1.381 1.6647 2.8298 2.0239 1.8671 0.0 0.0 1.2682 1.8156 1.8156 1.7513 0.44383 1.2682 1.8156 0.76482 1.7513 0.44383 1.2682 1.8156 0.76482
2.7011 1.6175 1.9724 2.5146 1.9229 0.33214 0.9601 2.1797 1.2458 0.9097 1.5276 1.0527 1.2553 2.2966 1.3996 1.6794 2.6092 2.9198 0.78845 0.54867 0.42859 0.21465 1.592 0.9218 2.4291 1.0256 1.4388 1.0511 0.54425 1.1193 0.58312 0.54312 0.93332 2.5949 2.0088 2.0065 1.4455 1.079 2.4337 1.5447 1.3142 1.5616 1.1475 2.1797 1.9408 0.93088 2.2511 0.34646 0.0 2.527 1.3996 0.6749 2.6092 0.77903 1.1106 1.0673 1.2433 0.95959 0.8331 0.94409 0.69913 2.7023 1.6508 0.27747 0.612 1.1193 1.188 1.5445 1.0981 2.9932 2.1633 2.0065 0.0 0.0 1.1996 1.665 1.665 1.8907 0.62123 1.1996 1.665 0.91722 1.8907 0.62123 1.1996 1.665 0.91722
0.7179 1.4544 0.98027 1.2614 1.0317 2.384 1.6269 0.92454 1.8337 2.1115 1.1666 3.1045 3.3071 0.35535 3.4514 1.2712 0.97006 0.82367 2.1423 2.6005 2.4804 2.2665 2.1798 2.9736 0.78192 1.6924 1.5036 1.7419 1.9701 2.1052 2.635 2.5553 2.9852 1.1103 0.79464 1.2088 1.4194 3.1308 0.98054 1.4035 1.902 1.3325 1.5304 0.92454 0.9486 2.1327 0.9959 2.3983 2.2228 0.0 3.4514 2.1007 0.97006 2.1679 1.6408 1.7581 1.7721 3.0114 2.0349 2.9959 2.059 1.1442 1.3166 2.3293 2.0378 2.1052 2.1738 1.5671 3.0339 0.71999 1.2721 1.2088 0.0 0.0 3.2515 1.2568 1.2568 0.80306 2.6731 3.2515 1.2568 2.9691 0.80306 2.6731 3.2515 1.2568 2.9691
2.9735 1.914 2.3089 2.787 2.2193 0.66856 1.2185 2.4761 1.5823 1.2461 1.824 0.5931 1.0417 2.593 0.0 2.0158 2.8816 3.1923 1.1249 0.48309 0.76502 1.1771 1.9284 0.48723 2.7655 1.284 1.7752 1.3875 0.88068 1.4558 0.91954 0.47754 0.47374 2.8673 2.3452 2.3029 1.782 0.64441 2.7061 1.8811 1.6506 1.8981 1.4839 2.4761 2.2772 1.2673 2.5475 1.3089 1.1214 2.8234 0.0 1.0113 2.8816 1.1154 1.3691 1.4037 1.5797 0.50001 1.1695 1.2805 0.95756 2.9748 1.9232 0.5359 0.94843 1.4558 1.5244 1.8169 1.4345 3.2656 2.4597 2.3029 0.0 0.0 0.98607 2.0014 2.0014 2.1872 0.55565 0.98607 2.0014 0.48265 2.1872 0.55565 0.98607 2.0014 0.48265
2.7366 1.6531 2.008 2.5501 1.9584 0.36769 0.99566 2.2153 1.2814 0.94526 1.5632 1.0882 1.2908 2.3322 1.4351 1.715 2.6448 2.9554 0.82401 0.58422 0.46415 0.25021 1.6275 0.95736 2.4646 1.0612 1.4743 1.0866 0.57981 1.1549 0.61867 0.57867 0.96887 2.6304 2.0444 2.042 1.4811 1.1145 2.4693 1.5803 1.3497 1.5972 1.1831 2.2153 1.9763 0.96643 2.2866 0.38201 0.89849 2.5625 1.4351 0.0 2.6448 0.81458 1.1462 1.1029 1.2788 0.99514 0.86865 0.97964 0.73469 2.7379 1.6863 0.31303 0.64756 1.1549 1.2235 1.58 1.1336 3.0287 2.1989 2.042 0.0 0.0 1.2352 1.7005 1.7005 1.9263 0.65678 1.2352 1.7005 0.95278 1.9263 0.65678 1.2352 1.7005 0.95278
0.87794 1.2064 0.7323 1.0514 0.78375 2.136 1.379 0.67657 1.5857 1.8636 0.91866 2.8565 3.0591 0.44547 3.2034 1.0233 0.0 1.2947 1.8943 2.3525 2.2325 2.0185 1.9319 2.7257 0.95895 1.4445 1.2556 1.4939 1.7221 1.8572 2.387 2.3074 2.7372 1.0938 0.97167 0.96079 1.1714 2.8829 0.77058 1.1556 1.6541 1.0845 1.2824 0.67657 0.70063 1.8847 0.74793 2.1503 1.9748 0.67584 3.2034 1.8528 0.0 1.9199 1.3929 1.5102 1.5241 2.7635 1.787 2.748 1.811 1.0392 1.0687 2.0813 1.7899 1.8572 1.9258 1.3191 2.7859 1.33 1.0242 0.96079 0.0 0.0 3.0035 1.0088 1.0088 0.55509 2.4251 3.0035 1.0088 2.7211 0.55509 2.4251 3.0035 1.0088 2.7211
2.8132 1.8097 2.0506 2.7897 2.0071 1.7033 2.0433 2.2639 1.324 1.6549 1.776 1.9128 1.4534 2.3808 2.2567 1.7576 2.6954 3.195 0.86662 1.9198 1.7998 1.5858 0.90415 1.701 2.5072 2.1088 1.5169 1.1292 1.2894 1.8645 1.3283 1.9143 1.628 2.8701 2.087 2.0907 1.5237 1.8582 2.7059 1.6229 1.3923 1.6398 1.8857 2.2639 2.0189 1.676 2.3352 1.7176 2.1051 2.6111 2.2567 1.4201 2.6954 0.0 2.1792 1.1455 1.9884 1.6017 1.5783 1.7233 1.9413 2.9745 1.9259 1.6486 1.3572 1.8645 1.9331 2.1764 1.1152 3.2653 2.2475 2.0907 0.0 0.0 1.3978 1.7431 1.7431 1.9749 1.9924 1.3978 1.7431 1.6964 1.9749 1.9924 1.3978 1.7431 1.6964
1.7909 0.73142 1.6973 1.6045 1.0368 0.98164 0.17261 1.2936 1.8953 1.1322 0.64148 1.7022 1.9048 1.4105 2.0491 1.2763 1.6991 2.0097 1.438 1.1982 1.0781 0.86416 2.2415 1.5713 1.924 0.23811 1.5087 1.7006 1.1938 1.3419 1.2326 1.101 1.5828 1.6848 1.9367 1.1204 1.5154 1.7285 1.5236 2.1206 1.9637 1.2731 0.79003 1.2936 1.6656 1.1534 1.3649 0.99596 0.76844 1.6408 2.0491 1.3244 1.6991 1.4285 0.0 1.7168 0.88577 1.6091 1.0556 1.5936 0.60464 1.7922 0.74066 0.92698 1.2615 1.3419 1.4105 0.63434 1.7476 2.083 1.2772 1.1204 0.0 0.0 1.8491 1.2618 1.2618 1.0046 1.2707 1.8491 1.2618 1.5667 1.0046 1.2707 1.8491 1.2618 1.5667
1.7878 0.78426 1.1572 1.7643 0.98161 1.4629 1.1568 1.2384 0.91257 0.87843 0.75052 2.1834 2.386 1.3553 2.5303 0.73213 1.67 2.1696 1.2212 1.6794 1.5593 1.3454 1.2587 2.0525 1.4858 1.2223 0.49151 0.82081 1.049 0.87208 1.7138 1.6738 2.064 1.8446 1.1935 1.0652 0.49827 2.2097 1.6804 1.2114 0.98091 0.61436 0.86025 1.2384 1.1255 0.89961 1.3098 1.4772 1.3287 1.5857 2.5303 1.1796 1.67 1.2468 1.2247 0.0 1.102 2.0903 0.80183 2.0748 1.1649 1.9491 0.90051 1.4082 1.1167 0.87208 0.9407 1.151 2.1918 2.2399 1.222 1.0652 0.0 0.0 2.3304 0.71768 0.71768 0.94947 1.752 2.3304 0.71768 2.048 0.94947 1.752 2.3304 0.71768 2.048
1.874 0.81444 1.7803 1.6875 1.1198 0.92804 0.119 1.3766 1.8417 1.0786 0.7245 1.6486 1.8512 1.4935 1.9955 1.3373 1.7821 2.0927 1.3844 1.1446 1.0245 0.81055 2.1879 1.5177 2.007 0.18451 1.5697 1.647 1.1402 1.2882 1.179 1.0474 1.5292 1.7678 2.0197 1.2034 1.5764 1.6749 1.6066 2.1406 1.9101 1.2195 0.73643 1.3766 1.7487 1.0998 1.448 0.94236 0.71484 1.7239 1.9955 1.2708 1.7821 1.3749 0.26954 1.6632 0.0 1.5555 1.002 1.54 0.55103 1.8752 0.82368 0.87337 1.2079 1.2882 1.3569 0.71736 1.694 2.1661 1.3602 1.2034 0.0 0.0 1.7955 1.3229 1.3229 1.0876 1.2171 1.7955 1.3229 1.5131 1.0876 1.2171 1.7955 1.3229 1.5131
3.1425 2.083 2.4779 2.956 2.3883 0.8376 1.3876 2.6452 1.7513 1.4152 1.9931 0.37214 0.58566 2.7621 0.71903 2.1849 3.0507 3.3613 1.2939 0.65213 0.93405 1.3461 1.8714 0.65626 2.9345 1.4531 1.9442 1.5565 1.0497 1.6248 1.0886 0.64658 0.026273 3.0363 2.5143 2.4719 1.951 0.81345 2.8752 2.0502 1.8196 2.0671 1.653 2.6452 2.4462 1.4363 2.7165 1.4779 1.2904 2.9924 0.71903 1.1804 3.0507 1.2845 1.5381 1.5728 1.7487 0.0 1.3386 0.8555 1.1266 3.1438 2.0922 0.70493 1.1175 1.6248 1.6934 1.9859 1.2385 3.4346 2.6288 2.4719 0.0 0.0 0.53006 2.1704 2.1704 2.3562 0.72469 0.53006 2.1704 0.65168 2.3562 0.72469 0.53006 2.1704 0.65168
1.9872 0.9037 1.5616 1.8007 1.209 1.3933 0.58427 1.4659 1.688 1.0149 0.81376 2.1138 2.3164 1.5828 2.4607 1.0346 1.8954 2.206 1.4196 1.6098 1.4898 1.2758 2.0341 1.983 1.7882 0.64977 1.2669 1.5962 1.2124 1.0085 1.6443 1.5127 1.9945 1.8811 1.801 1.2926 1.2737 2.1402 1.7199 1.9849 1.7563 0.9168 0.43369 1.4659 1.5299 1.036 1.5372 1.4076 1.1801 1.8131 2.4607 1.3431 1.8954 1.4102 0.72018 1.6125 0.52943 2.0208 0.0 2.0053 1.0163 1.9885 0.93695 1.3386 1.2802 1.0085 1.0771 0.83062 2.1592 2.2793 1.4495 1.2926 0.0 0.0 2.2608 1.0201 1.0201 1.1769 1.6824 2.2608 1.0201 1.9784 1.1769 1.6824 2.2608 1.0201 1.9784
3.0369 1.9773 2.3722 2.8504 2.2827 0.73194 1.2819 2.5395 1.6456 1.3095 1.8874 0.26648 0.71505 2.6564 0.61337 2.0792 2.945 3.2556 1.1883 0.54647 0.82839 1.2404 1.9918 0.5506 2.8289 1.3474 1.8386 1.4509 0.94405 1.5191 0.98291 0.54092 0.14711 2.9307 2.4086 2.3663 1.8453 0.70778 2.7695 1.9445 1.714 1.9614 1.5473 2.5395 2.3406 1.3307 2.6109 1.3723 1.1847 2.8868 0.61337 1.0747 2.945 1.1788 1.4324 1.4671 1.6431 0.17339 1.2329 0.0 1.0209 3.0381 1.9866 0.59927 1.0118 1.5191 1.5878 1.8803 1.3679 3.329 2.5231 2.3663 0.0 0.0 0.65944 2.0648 2.0648 2.2505 0.61903 0.65944 2.0648 0.54602 2.2505 0.61903 0.65944 2.0648 0.54602
2.3962 1.3127 1.9706 2.2097 1.618 1.2683 0.99325 1.8748 1.683 0.60485 1.2227 1.9888 2.1914 1.9918 2.3357 1.4435 2.3044 2.615 1.2256 1.4848 1.3647 1.1508 2.0291 1.8579 2.1972 1.0588 1.3139 1.4882 1.0184 0.8145 1.5193 1.4793 1.8695 2.29 2.016 1.7016 1.3207 2.0151 2.1289 1.9819 1.7513 1.3258 0.84267 1.8748 1.9389 0.62602 1.9462 1.2826 1.0551 2.2221 2.3357 1.149 2.3044 1.2162 1.1292 1.5044 0.93841 1.8957 0.52824 1.8802 0.0 2.3975 1.3459 1.2136 1.0862 0.8145 0.88312 1.2396 2.0342 2.6883 1.8585 1.7016 0.0 0.0 2.1358 1.4291 1.4291 1.5859 1.5574 2.1358 1.4291 1.8534 1.5859 1.5574 2.1358 1.4291 1.8534
0.79122 1.9827 1.5256 0.91472 1.577 2.7113 1.9023 1.245 2.379 2.6399 1.7119 3.4318 3.6344 1.0107 3.7787 1.8165 1.0654 0.47198 2.6876 2.9278 2.8077 2.5938 2.7251 3.301 1.4372 1.9678 2.0489 2.2872 2.5154 2.6335 2.9623 2.8306 3.3125 0.75864 1.45 1.2611 1.9647 3.4581 0.88986 1.9489 2.4473 1.8778 2.0587 1.245 1.4939 2.661 1.1737 2.7256 2.4981 1.1231 3.7787 2.646 1.0654 2.7132 1.9162 2.3034 2.3004 3.3387 2.5632 3.3232 2.3343 0.0 1.2309 2.6566 2.5832 2.6335 2.7021 1.4814 3.4772 0.36831 1.8175 1.2611 0.0 0.0 3.5788 1.8021 1.8021 1.3484 3.0004 3.5788 1.8021 3.2964 1.3484 3.0004 3.5788 1.8021 3.2964
1.1057 0.80719 1.4741 0.91922 0.86554 1.5358 0.72675 0.80455 1.7585 1.4644 0.71725 2.2563 2.4589 1.1873 2.6032 1.105 1.0139 1.3245 1.8691 1.7523 1.6322 1.4183 2.1046 2.1255 1.7007 0.79226 1.3374 1.6667 1.6619 1.458 1.7868 1.6551 2.137 0.99954 1.7135 0.52458 1.3442 2.2826 0.83836 1.8974 1.8268 1.1663 0.88318 0.80455 1.4424 1.4855 0.73318 1.5501 1.3226 1.4176 2.6032 1.7925 1.0139 1.8597 0.74066 1.683 1.1249 2.1632 1.3877 2.1477 1.1588 1.107 0.0 1.4811 1.7297 1.458 1.5266 0.30592 2.3017 1.3978 1.106 0.52458 0.0 0.0 2.4033 1.0906 1.0906 0.83339 1.8249 2.4033 1.0906 2.1209 0.83339 1.8249 2.4033 1.0906 2.1209
2.732 1.6724 2.5273 2.5455 1.9778 0.88704 0.97701 2.2346 1.8007 1.2436 1.5825 0.81158 1.2602 2.3515 1.1585 2.0243 2.6401 2.9507 1.3434 0.30757 0.9835 0.97555 2.1469 0.7057 2.778 1.0425 1.9527 1.606 1.0992 1.4533 1.138 0.30202 0.69222 2.6258 2.5637 2.0614 1.9594 0.86289 2.4646 2.0996 1.8691 1.9065 1.4234 2.2346 2.4957 1.2648 2.306 1.1074 0.87984 2.5819 1.1585 1.2298 2.6401 1.3339 1.1275 1.6222 1.5192 0.71849 1.167 1.499 0.71604 2.7332 1.6817 0.0 1.1669 1.4533 1.5219 1.5754 1.653 3.0241 2.2182 2.0614 0.0 0.0 1.2045 2.0099 2.0099 1.9456 0.38013 1.2045 2.0099 0.70113 1.9456 0.38013 1.2045 2.0099 0.70113
2.799 1.7155 2.0704 2.6125 2.0208 0.43008 1.058 2.2776 1.3438 1.0076 1.6255 1.1506 1.3532 2.3946 1.4975 1.7773 2.7072 3.0178 0.8864 0.64661 0.52654 0.3126 1.6899 1.0197 2.527 1.1236 1.5367 1.149 0.6422 1.2173 0.68106 0.64107 1.0313 2.6928 2.1067 2.1044 1.5435 1.1769 2.5317 1.6427 1.4121 1.6596 1.2455 2.2776 2.0387 1.0288 2.349 0.4444 0.96088 2.6249 1.4975 0.14684 2.7072 0.87697 1.2086 1.1652 1.3412 1.0575 0.93104 1.042 0.79708 2.8003 1.7487 0.37542 0.0 1.2173 1.2859 1.6424 1.196 3.0911 2.2612 2.1044 0.0 0.0 1.2976 1.7629 1.7629 1.9887 0.71917 1.2976 1.7629 1.0152 1.9887 0.71917 1.2976 1.7629 1.0152
2.4131 1.3326 1.6505 2.2296 1.6069 0.67316 1.0131 1.8637 0.92387 0.62473 1.2426 1.3937 1.5963 1.9806 1.7406 1.3574 2.2952 2.6349 0.46648 0.88969 0.76962 0.55567 1.27 1.2628 2.1071 1.0786 1.1168 0.7291 0.25927 0.0 0.92414 0.88414 1.2743 2.3099 1.6868 1.6905 1.1236 1.42 2.1487 1.2227 0.9922 1.2397 0.86255 1.8637 1.6188 0.6459 1.9351 0.68748 1.075 2.211 1.7406 0.38992 2.2952 0.45705 1.149 0.74532 0.95828 1.3006 0.54812 1.2851 0.91116 2.4174 1.3658 0.61849 0.32703 0.0 0.903 1.2595 1.4391 2.7082 1.8473 1.6905 0.0 0.0 1.5407 1.343 1.343 1.5748 0.96225 1.5407 1.343 1.2582 1.5748 0.96225 1.5407 1.343 1.2582
1.7732 0.76968 1.1426 1.7497 0.96703 1.4483 1.1422 1.2238 0.89799 0.86385 0.73593 2.1688 2.3714 1.3407 2.5157 0.71754 1.6554 2.155 1.2066 1.6648 1.5447 1.3308 1.2441 2.0379 1.4712 1.2078 0.47692 0.80622 1.0344 0.85749 1.6993 1.6593 2.0495 1.83 1.1789 1.0506 0.48369 2.1951 1.6658 1.1969 0.96633 0.59978 0.84567 1.2238 1.1109 0.88502 1.2952 1.4626 1.3141 1.5711 2.5157 1.165 1.6554 1.2322 1.2102 0.82244 1.0874 2.0757 0.78724 2.0602 1.1503 1.9345 0.88592 1.3936 1.1021 0.85749 0.0 1.1364 2.1772 2.2253 1.2074 1.0506 0.0 0.0 2.3158 0.7031 0.7031 0.93488 1.7374 2.3158 0.7031 2.0334 0.93488 1.7374 2.3158 0.7031 2.0334
1.3562 0.70086 1.6668 1.1697 1.0062 1.4295 0.62043 1.055 1.8992 1.358 0.61092 2.15 2.3526 1.3799 2.4969 1.2457 1.2644 1.575 1.7628 1.646 1.5259 1.312 2.2453 2.0191 1.8934 0.68593 1.4781 1.8074 1.5556 1.3517 1.6804 1.5488 2.0306 1.25 1.9061 0.77507 1.4849 2.1763 1.0888 2.09 1.9675 1.26 0.77685 1.055 1.6351 1.3792 0.98367 1.4438 1.2163 1.6103 2.4969 1.6862 1.2644 1.7534 0.63434 1.8236 1.0186 2.0569 1.2814 2.0414 1.0525 1.3575 0.30592 1.3748 1.6233 1.3517 1.4203 0.0 2.1954 1.6483 1.2466 0.77507 0.0 0.0 2.297 1.2313 1.2313 0.97406 1.7186 2.297 1.2313 2.0145 0.97406 1.7186 2.297 1.2313 2.0145
2.617 1.6135 1.8544 2.5935 1.8108 1.5071 1.8471 2.0677 1.1278 1.4587 1.5797 1.7166 1.2572 2.1846 2.0605 1.5614 2.4992 2.9988 0.67041 1.7236 1.6036 1.3896 0.70794 1.5048 2.311 1.9126 1.3207 0.93304 1.0932 1.6683 1.1321 1.7181 1.4318 2.6738 1.8908 1.8944 1.3275 1.6619 2.5097 1.4267 1.1961 1.4436 1.6895 2.0677 1.8227 1.4798 2.139 1.5214 1.9089 2.4149 2.0605 1.2239 2.4992 0.77199 1.983 0.94926 1.7922 1.4055 1.3821 1.527 1.7451 2.7783 1.7297 1.4524 1.161 1.6683 1.7369 1.9802 0.0 3.0691 2.0513 1.8944 0.0 0.0 1.2016 1.5469 1.5469 1.7787 1.7962 1.2016 1.5469 1.5002 1.7787 1.7962 1.2016 1.5469 1.5002
0.85106 2.0425 1.5854 0.97457 1.6369 2.7711 1.9621 1.3049 2.4388 2.6997 1.7718 3.4917 3.6942 1.0705 3.8386 1.8764 1.1252 0.53183 2.7475 2.9877 2.8676 2.6537 2.785 3.3608 1.4971 2.0276 2.1088 2.3471 2.5753 2.6933 3.0221 2.8905 3.3723 1.0169 1.5098 1.3209 2.0245 3.518 0.9497 2.0087 2.5072 1.9376 2.1185 1.3049 1.5538 2.7209 1.2335 2.7855 2.5579 1.183 3.8386 2.7059 1.1252 2.773 1.976 2.3633 2.3603 3.3986 2.6231 3.3831 2.3941 0.85234 1.2908 2.7165 2.643 2.6933 2.762 1.5413 3.5371 0.0 1.8773 1.3209 0.0 0.0 3.6386 1.862 1.862 1.4082 3.0602 3.6386 1.862 3.3562 1.4082 3.0602 3.6386 1.862 3.3562
1.3658 0.36227 1.2202 1.3423 0.55962 1.5439 0.73484 0.81644 1.4526 1.0194 0.32852 2.2644 2.467 0.93334 2.6113 0.79913 1.248 1.7476 1.4242 1.7604 1.6403 1.4264 1.7987 2.1335 1.4468 0.80035 1.0315 1.3608 1.217 1.0131 1.7949 1.6632 2.1451 1.4226 1.4595 0.64322 1.0383 2.2907 1.2584 1.6434 1.5209 0.19237 0.43826 0.81644 1.1885 1.0406 0.8878 1.5582 1.3307 1.1637 2.6113 1.3476 1.248 1.4148 0.80275 1.377 0.68 2.1713 0.94283 2.1558 1.1669 1.5271 0.47852 1.4892 1.2847 1.0131 1.0817 0.72901 2.3098 1.8179 0.0 0.64322 0.0 0.0 2.4114 0.78469 0.78469 0.52748 1.833 2.4114 0.78469 2.129 0.52748 1.833 2.4114 0.78469 2.129
1.0619 1.0273 1.2652 1.1459 0.60468 1.7625 0.95346 0.54369 1.4976 1.6845 0.73958 2.483 2.6856 0.9784 2.8299 0.84419 0.89002 1.4306 1.8063 1.979 1.8589 1.645 1.8438 2.3522 1.4919 1.019 1.0766 1.4059 1.634 1.6781 2.0135 1.8818 2.3637 1.2262 1.5046 0.0 1.0833 2.5093 0.9065 1.6885 1.566 0.90543 1.1033 0.54369 1.2336 1.7057 0.47233 1.7768 1.5493 1.2088 2.8299 1.7647 0.89002 1.8318 0.96737 1.4221 1.3451 2.3899 1.6079 2.3744 1.3855 1.1751 0.28214 1.7078 1.7018 1.6781 1.7468 0.53262 2.5284 1.466 0.8451 0.0 0.0 0.0 2.63 0.82975 0.82975 0.57253 2.0516 2.63 0.82975 2.3476 0.57253 2.0516 2.63 0.82975 2.3476
0.0 0.0 0.0 0.0 0.0 0.0 0.0 0.0 0.0 0.0 0.0 0.0 0.0 0.0 0.0 0.0 0.0 0.0 0.0 0.0 0.0 0.0 0.0 0.0 0.0 0.0 0.0 0.0 0.0 0.0 0.0 0.0 0.0 0.0 0.0 0.0 0.0 0.0 0.0 0.0 0.0 0.0 0.0 0.0 0.0 0.0 0.0 0.0 0.0 0.0 0.0 0.0 0.0 0.0 0.0 0.0 0.0 0.0 0.0 0.0 0.0 0.0 0.0 0.0 0.0 0.0 0.0 0.0 0.0 0.0 0.0 0.0 0.0 0.0 0.0 0.0 0.0 0.0 0.0 0.0 0.0 0.0 0.0 0.0 0.0 0.0 0.0
0.0 0.0 0.0 0.0 0.0 0.0 0.0 0.0 0.0 0.0 0.0 0.0 0.0 0.0 0.0 0.0 0.0 0.0 0.0 0.0 0.0 0.0 0.0 0.0 0.0 0.0 0.0 0.0 0.0 0.0 0.0 0.0 0.0 0.0 0.0 0.0 0.0 0.0 0.0 0.0 0.0 0.0 0.0 0.0 0.0 0.0 0.0 0.0 0.0 0.0 0.0 0.0 0.0 0.0 0.0 0.0 0.0 0.0 0.0 0.0 0.0 0.0 0.0 0.0 0.0 0.0 0.0 0.0 0.0 0.0 0.0 0.0 0.0 0.0 0.0 0.0 0.0 0.0 0.0 0.0 0.0 0.0 0.0 0.0 0.0 0.0 0.0
2.885 1.8255 2.2204 2.6985 2.1308 0.58006 1.13 2.3876 1.4938 1.1576 1.7355 0.6106 0.055608 2.5045 0.95749 1.9273 2.7931 3.1038 1.0364 0.71859 0.67651 1.0886 1.8399 0.39872 2.677 1.1955 1.6867 1.299 0.79217 1.3673 0.83104 0.71304 0.49124 2.7788 2.2567 2.2144 1.6935 0.55591 2.6176 1.7926 1.5621 1.8096 1.3954 2.3876 2.1887 1.1788 2.459 1.2204 1.0329 2.7349 0.95749 0.92282 2.7931 1.0269 1.2806 1.3152 1.4912 0.51751 1.081 0.42101 0.86905 2.8863 1.8347 0.44739 0.85992 1.3673 1.4359 1.7284 1.346 3.1771 2.3712 2.2144 0.0 0.0 0.0 1.9129 1.9129 2.0987 0.79115 0.0 1.9129 0.39414 2.0987 0.79115 0.0 1.9129 0.39414
1.2769 1.1034 0.67231 1.4505 0.88976 1.828 1.476 0.78258 1.2777 1.5686 1.0247 2.5486 2.7511 0.84448 2.8954 0.66327 1.1591 1.6937 1.5863 2.0445 1.9245 1.7105 1.6239 2.4177 0.89896 1.5415 0.89566 1.186 1.4141 1.5622 2.079 2.039 2.4292 1.4928 0.91168 1.0668 0.86342 2.5749 1.1696 1.0956 1.3461 0.93351 1.1794 0.78258 0.64064 1.5898 0.85394 1.8423 2.0188 1.0748 2.8954 1.5448 1.1591 1.6119 1.4989 1.2022 1.4211 2.4555 1.492 2.44 1.855 1.4382 1.1747 1.7734 1.4819 1.5622 1.6309 1.4251 2.5569 1.729 0.87318 1.0668 0.0 0.0 2.6955 0.0 0.0 0.6611 2.1171 2.6955 0.0 2.4131 0.6611 2.1171 2.6955 0.0 2.4131
1.2769 1.1034 0.67231 1.4505 0.88976 1.828 1.476 0.78258 1.2777 1.5686 1.0247 2.5486 2.7511 0.84448 2.8954 0.66327 1.1591 1.6937 1.5863 2.0445 1.9245 1.7105 1.6239 2.4177 0.89896 1.5415 0.89566 1.186 1.4141 1.5622 2.079 2.039 2.4292 1.4928 0.91168 1.0668 0.86342 2.5749 1.1696 1.0956 1.3461 0.93351 1.1794 0.78258 0.64064 1.5898 0.85394 1.8423 2.0188 1.0748 2.8954 1.5448 1.1591 1.6119 1.4989 1.2022 1.4211 2.4555 1.492 2.44 1.855 1.4382 1.1747 1.7734 1.4819 1.5622 1.6309 1.4251 2.5569 1.729 0.87318 1.0668 0.0 0.0 2.6955 0.0 0.0 0.6611 2.1171 2.6955 0.0 2.4131 0.6611 2.1171 2.6955 0.0 2.4131
1.0052 0.81814 0.85953 1.1787 0.39549 1.7997 0.99071 0.45579 1.2885 1.4753 0.5304 2.5203 2.7229 0.5727 2.8672 0.635 0.88732 1.4219 1.5971 2.0163 1.8962 1.6823 1.6346 2.3894 1.0862 1.0562 0.86739 1.1967 1.4249 1.469 2.0507 1.9191 2.4009 1.221 1.0989 0.57253 0.87415 2.5466 0.8978 1.2828 1.3568 0.69624 0.89413 0.45579 0.82785 1.4965 0.52716 1.8141 1.5865 0.80306 2.8672 1.5555 0.88732 1.6226 1.0046 1.2129 1.1359 2.4272 1.3987 2.4117 1.4227 1.1664 0.68039 1.7451 1.4926 1.469 1.5376 0.93088 2.5657 1.4572 0.63591 0.57253 0.0 0.0 2.6673 0.62056 0.62056 0.0 2.0888 2.6673 0.62056 2.3848 0.0 2.0888 2.6673 0.62056 2.3848
2.8063 1.7468 2.6667 2.6198 2.0521 1.5754 1.0513 2.3089 2.4891 1.781 1.6568 1.4999 1.9485 2.4259 1.8468 2.1396 2.7145 3.0251 2.0317 0.99592 1.6718 1.5129 2.8352 1.394 2.8933 1.1169 2.372 2.2943 1.7875 1.9906 1.8264 0.81374 1.3806 2.7001 2.9061 2.1357 2.3788 1.5512 2.539 2.788 2.5574 2.0219 1.5388 2.3089 2.635 1.8021 2.3803 1.6447 1.4172 2.6562 1.8468 1.9181 2.7145 2.0223 1.2019 2.3105 1.6345 1.4068 1.7043 2.1873 1.2534 2.8076 1.756 1.4427 1.8553 1.9906 2.0592 1.6497 2.3413 3.0984 2.2926 2.1357 0.0 0.0 1.8929 2.1252 2.1252 2.02 0.0 1.8929 2.1252 1.3895 2.02 0.0 1.8929 2.1252 1.3895
2.885 1.8255 2.2204 2.6985 2.1308 0.58006 1.13 2.3876 1.4938 1.1576 1.7355 0.6106 0.055608 2.5045 0.95749 1.9273 2.7931 3.1038 1.0364 0.71859 0.67651 1.0886 1.8399 0.39872 2.677 1.1955 1.6867 1.299 0.79217 1.3673 0.83104 0.71304 0.49124 2.7788 2.2567 2.2144 1.6935 0.55591 2.6176 1.7926 1.5621 1.8096 1.3954 2.3876 2.1887 1.1788 2.459 1.2204 1.0329 2.7349 0.95749 0.92282 2.7931 1.0269 1.2806 1.3152 1.4912 0.51751 1.081 0.42101 0.86905 2.8863 1.8347 0.44739 0.85992 1.3673 1.4359 1.7284 1.346 3.1771 2.3712 2.2144 0.0 0.0 0.0 1.9129 1.9129 2.0987 0.79115 0.0 1.9129 0.39414 2.0987 0.79115 0.0 1.9129 0.39414
1.2769 1.1034 0.67231 1.4505 0.88976 1.828 1.476 0.78258 1.2777 1.5686 1.0247 2.5486 2.7511 0.84448 2.8954 0.66327 1.1591 1.6937 1.5863 2.0445 1.9245 1.7105 1.6239 2.4177 0.89896 1.5415 0.89566 1.186 1.4141 1.5622 2.079 2.039 2.4292 1.4928 0.91168 1.0668 0.86342 2.5749 1.1696 1.0956 1.3461 0.93351 1.1794 0.78258 0.64064 1.5898 0.85394 1.8423 2.0188 1.0748 2.8954 1.5448 1.1591 1.6119 1.4989 1.2022 1.4211 2.4555 1.492 2.44 1.855 1.4382 1.1747 1.7734 1.4819 1.5622 1.6309 1.4251 2.5569 1.729 0.87318 1.0668 0.0 0.0 2.6955 0.0 0.0 0.6611 2.1171 2.6955 0.0 2.4131 0.6611 2.1171 2.6955 0.0 2.4131
2.5347 1.4752 2.3541 2.3483 1.7806 0.89582 0.77979 2.0374 1.8095 1.0464 1.3853 0.87236 1.3209 2.1543 1.2193 1.8271 2.4429 2.7535 1.3521 0.36835 0.99228 0.77833 2.1557 0.76649 2.5808 0.84529 1.7555 1.6148 1.1079 1.256 1.1468 0.3628 0.753 2.4286 2.4575 1.8642 1.7622 0.92367 2.2674 2.1084 1.8779 1.7093 1.2262 2.0374 2.3224 1.0676 2.1087 0.91014 0.68262 2.3847 1.2193 1.2386 2.4429 1.3427 0.93032 1.631 1.3219 0.77927 0.96978 1.5078 0.51882 2.536 1.4845 0.097156 1.1757 1.256 1.3247 1.3781 1.6617 2.8268 2.021 1.8642 0.0 0.0 1.2653 1.8126 1.8126 1.7484 0.44091 1.2653 1.8126 0.0 1.7484 0.44091 1.2653 1.8126 0.0
1.0052 0.81814 0.85953 1.1787 0.39549 1.7997 0.99071 0.45579 1.2885 1.4753 0.5304 2.5203 2.7229 0.5727 2.8672 0.635 0.88732 1.4219 1.5971 2.0163 1.8962 1.6823 1.6346 2.3894 1.0862 1.0562 0.86739 1.1967 1.4249 1.469 2.0507 1.9191 2.4009 1.221 1.0989 0.57253 0.87415 2.5466 0.8978 1.2828 1.3568 0.69624 0.89413 0.45579 0.82785 1.4965 0.52716 1.8141 1.5865 0.80306 2.8672 1.5555 0.88732 1.6226 1.0046 1.2129 1.1359 2.4272 1.3987 2.4117 1.4227 1.1664 0.68039 1.7451 1.4926 1.469 1.5376 0.93088 2.5657 1.4572 0.63591 0.57253 0.0 0.0 2.6673 0.62056 0.62056 0.0 2.0888 2.6673 0.62056 2.3848 0.0 2.0888 2.6673 0.62056 2.3848
2.8063 1.7468 2.6667 2.6198 2.0521 1.5754 1.0513 2.3089 2.4891 1.781 1.6568 1.4999 1.9485 2.4259 1.8468 2.1396 2.7145 3.0251 2.0317 0.99592 1.6718 1.5129 2.8352 1.394 2.8933 1.1169 2.372 2.2943 1.7875 1.9906 1.8264 0.81374 1.3806 2.7001 2.9061 2.1357 2.3788 1.5512 2.539 2.788 2.5574 2.0219 1.5388 2.3089 2.635 1.8021 2.3803 1.6447 1.4172 2.6562 1.8468 1.9181 2.7145 2.0223 1.2019 2.3105 1.6345 1.4068 1.7043 2.1873 1.2534 2.8076 1.756 1.4427 1.8553 1.9906 2.0592 1.6497 2.3413 3.0984 2.2926 2.1357 0.0 0.0 1.8929 2.1252 2.1252 2.02 0.0 1.8929 2.1252 1.3895 2.02 0.0 1.8929 2.1252 1.3895
2.885 1.8255 2.2204 2.6985 2.1308 0.58006 1.13 2.3876 1.4938 1.1576 1.7355 0.6106 0.055608 2.5045 0.95749 1.9273 2.7931 3.1038 1.0364 0.71859 0.67651 1.0886 1.8399 0.39872 2.677 1.1955 1.6867 1.299 0.79217 1.3673 0.83104 0.71304 0.49124 2.7788 2.2567 2.2144 1.6935 0.55591 2.6176 1.7926 1.5621 1.8096 1.3954 2.3876 2.1887 1.1788 2.459 1.2204 1.0329 2.7349 0.95749 0.92282 2.7931 1.0269 1.2806 1.3152 1.4912 0.51751 1.081 0.42101 0.86905 2.8863 1.8347 0.44739 0.85992 1.3673 1.4359 1.7284 1.346 3.1771 2.3712 2.2144 0.0 0.0 0.0 1.9129 1.9129 2.0987 0.79115 0.0 1.9129 0.39414 2.0987 0.79115 0.0 1.9129 0.39414
1.2769 1.1034 0.67231 1.4505 0.88976 1.828 1.476 0.78258 1.2777 1.5686 1.0247 2.5486 2.7511 0.84448 2.8954 0.66327 1.1591 1.6937 1.5863 2.0445 1.9245 1.7105 1.6239 2.4177 0.89896 1.5415 0.89566 1.186 1.4141 1.5622 2.079 2.039 2.4292 1.4928 0.91168 1.0668 0.86342 2.5749 1.1696 1.0956 1.3461 0.93351 1.1794 0.78258 0.64064 1.5898 0.85394 1.8423 2.0188 1.0748 2.8954 1.5448 1.1591 1.6119 1.4989 1.2022 1.4211 2.4555 1.492 2.44 1.855 1.4382 1.1747 1.7734 1.4819 1.5622 1.6309 1.4251 2.5569 1.729 0.87318 1.0668 0.0 0.0 2.6955 0.0 0.0 0.6611 2.1171 2.6955 0.0 2.4131 0.6611 2.1171 2.6955 0.0 2.4131
2.5347 1.4752 2.3541 2.3483 1.7806 0.89582 0.77979 2.0374 1.8095 1.0464 1.3853 0.87236 1.3209 2.1543 1.2193 1.8271 2.4429 2.7535 1.3521 0.36835 0.99228 0.77833 2.1557 0.76649 2.5808 0.84529 1.7555 1.6148 1.1079 1.256 1.1468 0.3628 0.753 2.4286 2.4575 1.8642 1.7622 0.92367 2.2674 2.1084 1.8779 1.7093 1.2262 2.0374 2.3224 1.0676 2.1087 0.91014 0.68262 2.3847 1.2193 1.2386 2.4429 1.3427 0.93032 1.631 1.3219 0.77927 0.96978 1.5078 0.51882 2.536 1.4845 0.097156 1.1757 1.256 1.3247 1.3781 1.6617 2.8268 2.021 1.8642 0.0 0.0 1.2653 1.8126 1.8126 1.7484 0.44091 1.2653 1.8126 0.0 1.7484 0.44091 1.2653 1.8126 0.0
