4 24 1 1 5 1 439
1 37.774271 -122.42098 0.6 1.0 0.0 439.0
2 37.783599 -122.42284 0.6 1.0 0.0 439.0
3 37.785081 -122.41284 0.6 1.0 0.0 439.0
4 37.778752 -122.41599 0.6 1.0 0.0 439.0
5 37.78932 -122.40786 0.6 1.0 0.0 439.0
6 37.778752 -122.41599 0.6 1.0 0.0 439.0
7 37.782664 -122.42262 0.6 1.0 0.0 439.0
8 37.7862 -122.40991 0.6 1.0 0.0 439.0
9 37.789263 -122.40837 0.6 1.0 0.0 439.0
10 37.779511 -122.42023 0.6 1.0 0.0 439.0
11 37.785774 -122.4132 0.6 1.0 0.0 439.0
12 37.785162 -122.40949 0.6 1.0 0.0 439.0
13 37.788603 -122.42107 0.6 1.0 0.0 439.0
14 37.783658 -122.42107 0.6 1.0 0.0 439.0
15 37.782922 -122.40943 0.6 1.0 0.0 439.0
16 37.780068 -122.42033 0.6 1.0 0.0 439.0
17 37.787101 -122.41769 0.6 1.0 0.0 439.0
18 37.785539 -122.41293 0.6 1.0 0.0 439.0
19 37.780588 -122.42027 0.6 1.0 0.0 439.0
20 37.788854 -122.40854 0.6 1.0 0.0 439.0
21 37.7903 -122.40776 0.6 1.0 0.0 439.0
22 37.788357 -122.41014 0.6 1.0 0.0 439.0
23 37.783497 -122.41252 0.6 1.0 0.0 439.0
24 37.78713 -122.41005 0.6 1.0 0.0 439.0
25 37.775071 -122.42237 0.6 -1.0 0.0 15.0
26 37.781638 -122.41566 0.6 -1.0 2.0 17.0
27 37.789713 -122.41235 0.6 -1.0 4.0 19.0
28 37.778752 -122.41599 0.6 -1.0 5.0 20.0
29 37.782661 -122.41403 0.6 -1.0 16.0 31.0
30 37.778752 -122.41599 0.6 -1.0 30.0 45.0
31 37.781834 -122.41407 0.6 -1.0 31.0 46.0
32 37.784464 -122.41601 0.6 -1.0 35.0 50.0
33 37.776495 -122.4177 0.6 -1.0 42.0 57.0
34 37.77336 -122.42168 0.6 -1.0 54.0 69.0
35 37.784398 -122.41103 0.6 -1.0 55.0 70.0
36 37.781641 -122.41564 0.6 -1.0 59.0 74.0
37 37.779971 -122.41518 0.6 -1.0 61.0 76.0
38 37.776105 -122.41953 0.6 -1.0 86.0 101.0
39 37.78566 -122.4067 0.6 -1.0 99.0 114.0
40 37.780067 -122.42194 0.6 -1.0 124.0 139.0
41 37.778391 -122.42 0.6 -1.0 154.0 169.0
42 37.773276 -122.42178 0.6 -1.0 256.0 271.0
43 37.788244 -122.42183 0.6 -1.0 287.0 302.0
44 37.788854 -122.40854 0.6 -1.0 321.0 336.0
45 37.788423 -122.41497 0.6 -1.0 366.0 381.0
46 37.786619 -122.40658 0.6 -1.0 408.0 423.0
47 37.780915 -122.4137 0.6 -1.0 412.0 427.0
48 37.785065 -122.40947 0.6 -1.0 420.0 435.0
49 37.786472 -122.40974 0.0 0.0 0.0 439.0
50 37.786472 -122.40974 0.0 0.0 0.0 439.0
51 37.786472 -122.40974 0.0 0.0 0.0 439.0
52 37.780384 -122.41783 0.0 0.0 0.0 439.0
53 37.786549 -122.40715 0.0 0.0 0.0 439.0
54 37.782269 -122.41818 0.0 0.0 0.0 439.0
55 37.780384 -122.41783 0.0 0.0 0.0 439.0
56 37.786549 -122.40715 0.0 0.0 0.0 439.0
57 37.78846 -122.41016 0.0 0.0 0.0 439.0
58 37.782269 -122.41818 0.0 0.0 0.0 439.0
59 37.786472 -122.40974 0.0 0.0 0.0 439.0
60 37.780384 -122.41783 0.0 0.0 0.0 439.0
61 37.786549 -122.40715 0.0 0.0 0.0 439.0
62 37.78846 -122.41016 0.0 0.0 0.0 439.0
63 37.782269 -122.41818 0.0 0.0 0.0 439.0
64 37.786472 -122.40974 0.0 0.0 0.0 439.0
49
50
51 52 53 54
55 56 57 58 59
60 61 62 63 64
8 8 8 8 8 8 8 8 8 8 8 8 8 8 8 8 8 8 8 8 8 8 8 8
3 3 3 3
3.5 3.5 3.5 3.5
3.5 3.5 3.5 3.5
0.7 0.7 0.7 0.7
0.055 0.055 0.055 0.055 0.055
0.0715
0.75 0.25
0.0 1.3906 2.4737 1.0297 3.9366 1.0297 1.2534 2.5169 4.0457 1.0381 2.4597 2.5017 2.0603 1.386 1.9244 0.8905 2.2047 2.4097 0.93291 3.1196 3.4052 3.3752 2.3849 2.9659 0.67291 1.6111 3.2718 1.0297 1.8547 1.0297 1.7515 2.4979 0.78686 0.35677 2.046 1.6153 1.5401 0.5533 2.4991 0.87851 1.3409 0.38863 1.8863 3.1196 3.2339 2.8897 1.4788 2.5281 0.0 0.0 3.065 1.21 2.769 1.5957 1.21 2.769 3.3474 1.5957 3.065 1.21 2.769 3.3474 1.5957 3.065
1.9337 0.0 2.2662 2.0161 4.04 2.0161 0.7458 2.6203 4.1492 1.4005 2.2521 2.6892 1.8527 1.1784 2.6878 1.2529 1.9971 2.2021 1.3333 3.223 3.5087 3.4787 2.4773 3.0693 1.5433 1.9065 3.0642 2.0161 2.2402 2.0161 2.0469 2.5903 2.0793 1.8863 2.7305 1.9108 2.0085 1.7667 3.1204 1.1059 1.7033 1.8544 1.6788 3.223 3.2214 2.9931 1.9893 2.7155 0.0 0.0 3.1684 1.6104 2.8724 1.8911 1.6104 2.8724 3.4508 1.8911 3.1684 1.6104 2.8724 3.4508 1.8911 3.1684
2.0157 1.7416 0.0 1.4273 2.4506 1.4273 1.7984 1.0309 2.5597 1.6551 0.82666 1.0997 1.9573 1.483 0.9724 1.5075 1.3727 0.77666 1.5499 1.6336 1.9192 1.8892 0.30692 1.4799 2.4139 1.5841 1.8318 1.4273 1.1417 1.4273 1.1315 0.63587 2.1459 2.1788 0.56003 1.5883 1.1471 1.8333 1.455 1.7625 1.9579 2.2106 1.7833 1.6336 1.7479 1.4037 0.76584 1.1261 0.0 0.0 1.579 1.3115 1.283 1.1547 1.3115 1.283 1.8614 1.1547 1.579 1.3115 1.283 1.8614 1.1547 1.579
1.2262 1.5046 1.7308 0.0 3.2192 0.0 1.3674 1.7995 3.3283 0.91611 1.7167 1.7843 1.9383 1.264 1.207 0.76854 1.4617 1.6667 0.81095 2.4022 2.6878 2.6578 1.6609 2.2485 1.466 0.8451 2.6079 0.0 1.1308 0.0 0.98555 1.7739 1.1979 1.3894 1.3286 0.84936 0.77411 0.88533 1.7817 1.0235 1.2189 1.4212 1.7644 2.4022 2.5165 2.1723 0.75487 1.8107 0.0 0.0 2.3476 0.57253 2.0516 0.82975 0.57253 2.0516 2.63 0.82975 2.3476 0.57253 2.0516 2.63 0.82975 2.3476
3.2644 2.7423 1.3745 2.7 0.0 2.7 2.8481 1.7286 0.10914 2.9278 2.0954 1.0935 2.528 2.4837 1.5175 2.7802 1.9434 1.3104 2.8226 0.25981 0.48696 0.61496 1.6196 0.78063 3.6626 2.8568 1.9705 2.7 2.4145 2.7 2.3752 1.9486 3.3946 3.4275 1.8198 2.8611 2.4198 3.082 1.2007 3.0352 3.2306 3.4594 2.3541 0.25981 1.2837 1.0734 2.0386 1.1198 0.0 0.0 0.87972 2.5842 0.95272 2.3984 2.5842 0.95272 0.58713 2.3984 0.87972 2.5842 0.95272 0.58713 2.3984 0.87972
1.2262 1.5046 1.7308 0.0 3.2192 0.0 1.3674 1.7995 3.3283 0.91611 1.7167 1.7843 1.9383 1.264 1.207 0.76854 1.4617 1.6667 0.81095 2.4022 2.6878 2.6578 1.6609 2.2485 1.466 0.8451 2.6079 0.0 1.1308 0.0 0.98555 1.7739 1.1979 1.3894 1.3286 0.84936 0.77411 0.88533 1.7817 1.0235 1.2189 1.4212 1.7644 2.4022 2.5165 2.1723 0.75487 1.8107 0.0 0.0 2.3476 0.57253 2.0516 0.82975 0.57253 2.0516 2.63 0.82975 2.3476 0.57253 2.0516 2.63 0.82975 2.3476
1.4934 0.20028 1.5835 1.3984 3.3573 1.3984 0.0 1.9376 3.4664 0.78279 1.5694 2.0064 1.17 0.4957 2.0701 0.63521 1.3144 1.5194 0.71562 2.5403 2.8259 2.7959 1.7946 2.3866 1.4026 1.2888 2.3815 1.3984 1.6225 1.3984 1.4292 1.9076 1.4616 1.6565 2.0477 1.293 1.3908 1.149 2.4377 0.89022 1.0856 1.6883 0.99605 2.5403 2.5387 2.3104 1.3715 2.0328 0.0 0.0 2.4857 0.9927 2.1897 1.2734 0.9927 2.1897 2.7681 1.2734 2.4857 0.9927 2.1897 2.7681 1.2734 2.4857
2.4088 2.4377 1.1849 1.8444 1.7018 1.8444 2.4365 0.0 1.8109 2.0722 1.5228 0.2379 2.3384 2.1792 0.66191 1.9247 1.7538 1.1208 1.9671 0.77174 1.1704 1.2734 1.0031 0.64307 2.8071 2.0012 2.213 1.8444 1.5589 1.8444 1.7697 1.332 2.539 2.5719 0.96419 2.0055 1.5642 2.2265 0.66916 2.1797 2.375 2.6038 2.1645 0.77174 1.6301 0.54184 1.183 0.26422 0.0 0.0 0.74215 1.7287 0.42116 1.7929 1.7287 0.42116 1.2456 1.7929 0.74215 1.7287 0.42116 1.2456 1.7929 0.74215
3.1552 2.6332 1.2653 2.5908 0.90918 2.5908 2.739 1.6195 0.0 2.8187 1.9862 0.98433 2.4189 2.3746 1.4083 2.6711 1.8343 1.2013 2.7135 0.15067 0.37783 0.50582 1.5105 0.6715 3.5535 2.7477 1.8614 2.5908 2.3053 2.5908 2.2661 1.8395 3.2855 3.3184 1.7106 2.7519 2.3107 2.9729 1.0916 2.9261 3.1215 3.3502 2.2449 0.15067 1.1745 0.96426 1.9294 1.0107 0.0 0.0 0.77058 2.4751 0.84358 2.2893 2.4751 0.84358 0.478 2.2893 0.77058 2.4751 0.84358 0.478 2.2893 0.77058
0.98531 1.3512 2.1984 0.98535 3.9723 0.98535 1.214 2.5526 4.0814 0.0 2.1843 2.5894 1.7849 1.1107 2.0121 0.61516 1.9293 2.1343 0.65758 3.1552 3.4409 3.4109 2.2196 3.0016 1.2216 1.4037 2.9965 0.98535 1.6894 0.98535 1.5442 2.3325 0.95353 1.1484 2.1337 1.408 1.3327 0.64096 2.5867 0.87018 0.3028 1.1803 1.611 3.1552 3.1536 2.9253 1.3135 2.6157 0.0 0.0 3.1006 0.93465 2.8047 1.3884 0.93465 2.8047 3.3831 1.3884 3.1006 0.93465 2.8047 3.3831 1.3884 3.1006
2.1342 1.8601 0.18032 1.5458 1.9542 1.5458 1.9169 0.53446 2.0633 1.7737 0.0 0.60331 1.9599 1.6016 1.0273 1.6261 1.3753 0.11623 1.6685 1.1371 1.4228 1.3928 0.42549 0.98348 2.5325 1.7026 1.8344 1.5458 1.2603 1.5458 1.2501 0.75444 2.2644 2.2973 0.6786 1.7069 1.2656 1.9519 1.0346 1.8811 2.0764 2.3292 1.7859 1.1371 1.2515 0.90725 0.88441 0.62963 0.0 0.0 1.0826 1.4301 0.78657 1.2733 1.4301 0.78657 1.365 1.2733 1.0826 1.4301 0.78657 1.365 1.2733 1.0826
2.2644 2.4293 1.5625 1.7 2.3193 1.7 2.2921 1.2906 2.4285 1.9278 1.9004 0.0 2.716 2.1887 0.51749 1.7802 2.1314 1.4984 1.8227 1.3893 1.788 1.891 1.3807 1.2606 2.6627 1.8568 2.5906 1.7 1.4145 1.7 1.6253 1.7096 2.3946 2.4275 0.81977 1.8611 1.4198 2.082 0.93374 2.0353 2.2306 2.4594 2.5421 1.3893 2.0077 1.1594 1.0386 0.026319 0.0 0.0 1.3597 1.5842 1.0387 1.6485 1.5842 1.0387 1.8632 1.6485 1.3597 1.5842 1.0387 1.8632 1.6485 1.3597
2.5491 1.535 1.6572 2.1571 2.378 2.1571 1.6408 2.0113 2.4872 1.8385 1.6431 2.0802 0.0 1.2764 2.5042 1.6909 0.88211 1.5931 1.7713 1.9805 1.8467 1.8167 1.9023 1.9883 2.7854 1.9635 1.3373 2.1571 2.1162 2.1571 1.923 2.1963 2.5173 2.7122 2.1555 1.9678 2.0135 2.2047 2.5114 1.9459 2.1413 2.7441 0.69577 1.9805 1.4944 2.3841 1.9943 2.1065 0.0 0.0 2.0874 1.7514 2.2634 1.9462 1.7514 2.2634 1.7888 1.9462 2.0874 1.7514 2.2634 1.7888 1.9462 2.0874
1.3428 0.5717 1.4329 1.2478 3.2067 1.2478 0.4345 1.787 3.3159 0.63221 1.4188 1.8559 1.0194 0.0 1.9195 0.48464 1.1638 1.3688 0.56505 2.3897 2.6754 2.6454 1.644 2.236 1.5791 1.1382 2.231 1.2478 1.4719 1.2478 1.2787 1.757 1.311 1.5059 1.8972 1.1425 1.2402 0.99844 2.2871 0.73965 0.93501 1.5378 0.84547 2.3897 2.3881 2.1598 1.221 1.8822 0.0 0.0 2.3351 0.84212 2.0391 1.1229 0.84212 2.0391 2.6175 1.1229 2.3351 0.84212 2.0391 2.6175 1.1229 2.3351
1.9244 2.1763 1.3818 1.36 2.3587 1.36 2.0391 1.11 2.4678 1.5878 1.7198 0.75483 2.5354 1.9357 0.0 1.4402 1.9508 1.3178 1.4827 1.4287 1.8273 1.9303 1.2 1.3 2.3227 1.5168 2.4099 1.36 1.0745 1.36 1.4446 1.529 2.0546 2.0875 0.63912 1.5211 1.0798 1.742 0.75218 1.6953 1.8906 2.1194 2.3614 1.4287 1.827 1.1988 0.69858 0.78115 0.0 0.0 1.3991 1.2442 1.0781 1.4678 1.2442 1.0781 1.9025 1.4678 1.3991 1.2442 1.0781 1.9025 1.4678 1.3991
0.8635 0.77241 1.6266 0.76854 3.4004 0.76854 0.63521 1.9807 3.5096 0.15292 1.6125 2.0176 1.2131 0.53884 1.4402 0.0 1.3575 1.5625 0.085761 2.5834 2.8691 2.8391 1.6478 2.4298 1.0998 0.83191 2.4247 0.76854 1.1176 0.76854 0.97236 1.7607 0.83171 1.0266 1.5619 0.83618 0.76092 0.51915 2.0149 0.26036 0.45572 1.0585 1.0392 2.5834 2.5818 2.3535 0.74168 2.0439 0.0 0.0 2.5288 0.36283 2.2328 0.81656 0.36283 2.2328 2.8113 0.81656 2.5288 0.36283 2.2328 2.8113 0.81656 2.5288
2.4083 1.6252 0.99235 1.6288 2.4372 1.6288 1.731 1.3465 2.5463 1.8567 0.97826 1.4153 1.4109 1.3666 1.8393 1.7091 0.0 0.92826 1.7515 1.7322 1.9058 1.8758 1.2375 1.4975 2.8035 1.7857 1.3964 1.6288 1.4513 1.6288 1.2581 1.5315 2.5355 2.5714 1.4906 1.7899 1.3487 2.2229 1.8466 1.9641 2.1595 2.6032 1.2369 1.7322 1.5535 1.7193 1.3294 1.4417 0.0 0.0 1.5966 1.5131 1.5986 1.2813 1.5131 1.5986 1.848 1.2813 1.5966 1.5131 1.5986 1.848 1.2813 1.5966
2.0776 1.8035 0.12368 1.4892 2.5125 1.4892 1.8603 1.0928 2.6217 1.717 0.88859 1.1617 2.0192 1.5449 1.0343 1.5694 1.4346 0.0 1.6118 1.6955 1.9812 1.9512 0.36885 1.5418 2.4759 1.646 1.8938 1.4892 1.2037 1.4892 1.1934 0.6978 2.2078 2.2407 0.62196 1.6503 1.209 1.8952 1.5169 1.8244 2.0198 2.2726 1.8453 1.6955 1.8099 1.4656 0.82777 1.188 0.0 0.0 1.6409 1.3734 1.3449 1.2167 1.3734 1.3449 1.9233 1.2167 1.6409 1.3734 1.3449 1.9233 1.2167 1.6409
1.3448 0.76371 1.6109 1.0648 3.3847 1.0648 0.6265 1.965 3.4939 0.63422 1.5968 2.0339 1.1974 0.52313 1.7275 0.48664 1.3418 1.5468 0.0 2.5677 2.8534 2.8234 1.7351 2.414 1.5811 0.87121 2.409 1.0648 1.2049 1.0648 1.0117 1.848 1.313 1.5079 1.8492 0.87547 1.0572 1.0004 2.3022 0.74165 0.93701 1.5398 1.0235 2.5677 2.5661 2.3378 1.038 2.0602 0.0 0.0 2.5131 0.65912 2.2171 0.85586 0.65912 2.2171 2.7955 0.85586 2.5131 0.65912 2.2171 2.7955 0.85586 2.5131
3.0486 2.5265 1.1587 2.4842 0.97401 2.4842 2.6323 1.5128 1.0831 2.712 1.8796 0.87766 2.3122 2.2679 1.3017 2.5644 1.7276 1.0946 2.6068 0.0 0.44266 0.54565 1.4038 0.56483 3.4468 2.641 1.9012 2.4842 2.1987 2.4842 2.1594 1.7328 3.1788 3.2117 1.6039 2.6452 2.204 2.8662 0.98492 2.8194 3.0148 3.2436 2.1383 0.0 1.2144 0.85759 1.8228 0.90398 0.0 0.0 0.66391 2.3684 0.73691 2.1826 2.3684 0.73691 0.51783 2.1826 0.66391 2.3684 0.73691 0.51783 2.1826 0.66391
3.3808 3.0417 1.6739 2.8164 0.56072 2.8164 3.1475 2.028 0.66985 3.0442 2.3948 1.3929 2.8274 2.7831 1.6339 2.8966 2.2428 1.6098 2.939 0.74621 0.0 1.1014 1.919 1.08 3.779 2.9732 2.4569 2.8164 2.5309 2.8164 2.6746 2.248 3.511 3.5439 1.9772 2.9775 2.5362 3.1984 1.1862 3.1516 3.347 3.5758 2.6535 0.74621 1.7701 1.3728 2.155 1.4192 0.0 0.0 1.1791 2.7006 1.2521 2.6978 2.7006 1.2521 1.0735 2.6978 1.1791 2.7006 1.2521 1.0735 2.6978 1.1791
2.751 2.2289 0.86108 2.1866 1.4319 2.1866 2.3347 1.2152 1.5411 2.4144 1.582 0.58007 2.0146 1.9703 1.0041 2.2668 1.43 0.797 2.3092 0.50191 0.90057 0.0 1.1062 0.26724 3.1493 2.3434 1.8892 2.1866 1.9011 2.1866 1.8619 1.4352 2.8812 2.9141 1.3064 2.3477 1.9064 2.5686 1.0113 2.5218 2.7172 2.946 1.8407 0.50191 1.3063 0.88401 1.5252 0.60639 0.0 0.0 0.36632 2.0708 0.76333 1.8851 2.0708 0.76333 0.97574 1.8851 0.36632 2.0708 0.76333 0.97574 1.8851 0.36632
1.828 1.7479 1.2561 1.2396 2.7969 1.2396 1.6107 1.3772 2.9061 1.4674 1.242 1.3621 2.1816 1.5073 0.78475 1.3199 1.599 1.192 1.3623 1.9799 2.2656 2.2356 0.0 1.8263 2.2263 1.3964 2.2472 1.2396 0.95409 1.2396 0.94386 1.0512 1.9582 1.9911 0.90637 1.4007 0.95942 1.6456 1.3594 1.5749 1.7702 2.023 2.0077 1.9799 2.0943 1.75 0.57818 1.3884 0.0 0.0 1.9253 1.1238 1.6293 0.96707 1.1238 1.6293 2.2078 0.96707 1.9253 1.1238 1.6293 2.2078 0.96707 1.9253
2.717 2.1309 0.76311 2.1286 1.9109 2.1286 2.2367 1.1173 2.0201 2.3564 1.484 1.1861 1.9166 1.8724 1.6101 2.2089 1.332 0.69902 2.2513 1.1749 1.3796 1.3496 1.0083 0.0 3.1153 2.2854 1.7912 2.1286 1.8431 2.1286 1.7639 1.3372 2.8472 2.8801 1.2614 2.2897 1.8484 2.5347 1.6174 2.4639 2.6592 2.912 1.7427 1.1749 1.2083 1.49 1.4672 1.2124 0.0 0.0 1.0393 2.0129 1.3694 1.7871 2.0129 1.3694 1.3218 1.7871 1.0393 2.0129 1.3694 1.3218 1.7871 1.0393
1.0169 1.5098 2.672 1.3209 4.2278 1.3209 1.3726 2.8081 4.337 1.2363 2.6579 2.793 2.2585 1.5842 2.2156 1.0887 2.4029 2.6079 1.1311 3.4108 3.6965 3.6665 2.6761 3.2571 0.0 1.8773 3.4701 1.3209 2.146 1.3209 2.0178 2.7891 0.9851 1.1351 2.3373 1.8816 1.8063 0.67254 2.7903 0.99775 1.5391 1.1032 2.0846 3.4108 3.5252 3.1809 1.7701 2.8193 0.0 0.0 3.3562 1.4082 3.0602 1.862 1.4082 3.0602 3.6386 1.862 3.3562 1.4082 3.0602 3.6386 1.862 3.3562
1.4226 1.4595 1.3137 0.64322 3.0006 0.64322 1.3223 1.5809 3.1097 0.87105 1.2996 1.5657 1.8933 1.219 0.98837 0.72348 1.4167 1.2496 0.76589 2.1836 2.4692 2.4392 0.99589 2.0299 1.8179 0.0 2.3048 0.64322 0.46572 0.64322 0.27249 1.1088 1.5498 1.5857 1.11 0.0042611 0.36305 1.2373 1.5631 0.97849 1.1739 1.6176 1.7193 2.1836 2.2979 1.9536 0.34381 1.592 0.0 0.0 2.129 0.52748 1.833 0.78469 0.52748 1.833 2.4114 0.78469 2.129 0.52748 1.833 2.4114 0.78469 2.129
3.2659 2.7438 1.376 2.7015 1.1719 2.7015 2.8496 1.7302 1.281 2.9293 2.0969 1.095 2.5296 2.4853 1.519 2.7818 1.9449 1.3119 2.8242 0.77435 0.64051 0.6105 1.6212 0.78218 3.6642 2.8583 0.0 2.7015 2.416 2.7015 2.3768 1.9501 3.3961 3.429 1.8213 2.8626 2.4213 3.0836 1.5263 3.0368 3.2321 3.4609 2.3556 0.77435 1.2792 1.3989 2.0401 1.1213 0.0 0.0 0.88126 2.5858 1.2783 2.4 2.5858 1.2783 0.58268 2.4 0.88126 2.5858 1.2783 0.58268 2.4 0.88126
1.2262 1.5046 1.7308 0.0 3.2192 0.0 1.3674 1.7995 3.3283 0.91611 1.7167 1.7843 1.9383 1.264 1.207 0.76854 1.4617 1.6667 0.81095 2.4022 2.6878 2.6578 1.6609 2.2485 1.466 0.8451 2.6079 0.0 1.1308 0.0 0.98555 1.7739 1.1979 1.3894 1.3286 0.84936 0.77411 0.88533 1.7817 1.0235 1.2189 1.4212 1.7644 2.4022 2.5165 2.1723 0.75487 1.8107 0.0 0.0 2.3476 0.57253 2.0516 0.82975 0.57253 2.0516 2.63 0.82975 2.3476 0.57253 2.0516 2.63 0.82975 2.3476
1.7819 1.4358 0.94403 1.0025 2.7179 1.0025 1.2986 1.2982 2.827 1.2304 0.92994 1.367 1.8696 1.1953 1.2917 1.0828 1.287 0.87994 1.1252 1.9009 2.1865 2.1565 0.62619 1.7472 2.1772 1.1593 1.9351 1.0025 0.0 1.0025 0.6318 0.73915 1.9091 1.9451 0.87931 1.1636 0.72236 1.5966 1.7743 1.3378 1.5332 1.9769 1.6956 1.9009 2.0152 1.671 0.70311 1.3933 0.0 0.0 1.8463 0.88678 1.5503 0.655 0.88678 1.5503 2.1287 0.655 1.8463 0.88678 1.5503 2.1287 0.655 1.8463
1.2262 1.5046 1.7308 0.0 3.2192 0.0 1.3674 1.7995 3.3283 0.91611 1.7167 1.7843 1.9383 1.264 1.207 0.76854 1.4617 1.6667 0.81095 2.4022 2.6878 2.6578 1.6609 2.2485 1.466 0.8451 2.6079 0.0 1.1308 0.0 0.98555 1.7739 1.1979 1.3894 1.3286 0.84936 0.77411 0.88533 1.7817 1.0235 1.2189 1.4212 1.7644 2.4022 2.5165 2.1723 0.75487 1.8107 0.0 0.0 2.3476 0.57253 2.0516 0.82975 0.57253 2.0516 2.63 0.82975 2.3476 0.57253 2.0516 2.63 0.82975 2.3476
1.8245 1.5984 1.1066 1.1651 2.7934 1.1651 1.4612 1.3737 2.9026 1.3929 1.0925 1.3586 2.0321 1.3579 0.78126 1.2454 1.4495 1.0425 1.2878 1.9764 2.2621 2.2321 0.78877 1.8228 2.2228 1.3219 2.0977 1.1651 0.2586 1.1651 0.0 0.90173 1.9547 1.9876 0.90289 1.3262 0.88493 1.6422 1.3559 1.5004 1.6957 2.0195 1.8582 1.9764 2.0908 1.7465 0.57469 1.3849 0.0 0.0 1.9218 1.0494 1.6259 0.81758 1.0494 1.6259 2.2043 0.81758 1.9218 1.0494 1.6259 2.2043 0.81758 1.9218
1.8029 1.1518 1.104 1.0235 2.8778 1.0235 1.2576 1.4581 2.987 1.2513 1.0899 1.527 1.4195 0.89324 1.3686 1.1038 0.83493 1.0399 1.1462 2.0608 2.3465 2.3165 0.81316 1.9072 2.1982 1.1803 1.9811 1.0235 0.84599 1.0235 0.65276 0.0 1.9301 1.966 1.0663 1.1846 0.74332 1.6175 1.9433 1.3588 1.5541 1.9979 1.2456 2.0608 2.1382 1.8309 0.72408 1.5533 0.0 0.0 2.0062 0.90775 1.7102 0.67597 0.90775 1.7102 2.2887 0.67597 2.0062 0.90775 1.7102 2.2887 0.67597 2.0062
0.56584 1.6288 1.9889 0.52188 3.4288 0.52188 1.4916 2.0091 3.5379 1.0403 1.9748 1.9939 2.0625 1.3882 1.4166 0.89269 1.7199 1.9249 0.9351 2.6118 2.8974 2.8674 1.8771 2.4581 1.1511 1.1033 2.866 0.52188 1.3469 0.52188 1.2437 1.9901 0.0 0.72896 1.5382 1.1075 1.0323 0.73249 1.9913 1.1477 1.3431 0.76083 1.8885 2.6118 2.7261 2.3819 0.97102 2.0202 0.0 0.0 2.5572 0.83069 2.2612 1.0879 0.83069 2.2612 2.8396 1.0879 2.5572 0.83069 2.2612 2.8396 1.0879 2.5572
0.28577 1.5887 2.6369 1.1928 4.0997 1.1928 1.4515 2.68 4.2088 1.2012 2.6228 2.6649 2.2234 1.5491 2.0875 1.0536 2.3678 2.5728 1.096 3.2827 3.5684 3.5383 2.548 3.129 0.87103 1.7742 3.4349 1.1928 2.0179 1.1928 1.9146 2.661 0.94998 0.0 2.2091 1.7784 1.7032 0.75142 2.6622 1.0766 1.504 0.031865 2.0495 3.2827 3.3971 3.0528 1.6419 2.6912 0.0 0.0 3.2281 1.3731 2.9321 1.7588 1.3731 2.9321 3.5105 1.7588 3.2281 1.3731 2.9321 3.5105 1.7588 3.2281
2.3906 2.1165 0.86372 1.8022 2.0116 1.8022 2.1733 0.59187 2.1207 2.0301 1.2016 0.66072 2.0173 1.858 1.0847 1.8825 1.4327 0.79964 1.9249 1.1946 1.4802 1.4502 0.68189 1.0409 2.7889 1.959 1.8918 1.8022 1.5167 1.8022 1.5065 1.0108 2.5208 2.5537 0.0 1.9633 1.5221 2.2083 1.092 2.1375 2.3329 2.5856 1.8433 1.1946 1.3089 0.96465 1.1408 0.68704 0.0 0.0 1.14 1.6865 0.84397 1.5297 1.6865 0.84397 1.4224 1.5297 1.14 1.6865 0.84397 1.4224 1.5297 1.14
1.4184 1.4553 1.3095 0.63896 2.9963 0.63896 1.3181 1.5766 3.1054 0.86679 1.2954 1.5615 1.889 1.2147 0.98411 0.71922 1.4124 1.2454 0.76163 2.1793 2.465 2.4349 0.99163 2.0256 1.8136 0.79578 2.3005 0.63896 0.46146 0.63896 0.26823 1.1046 1.5456 1.5815 1.1057 0.0 0.35879 1.233 1.5588 0.97423 1.1696 1.6133 1.7151 2.1793 2.2937 1.9494 0.33955 1.5878 0.0 0.0 2.1247 0.52321 1.8287 0.78043 0.52321 1.8287 2.4071 0.78043 2.1247 0.52321 1.8287 2.4071 0.78043 2.1247
1.1795 1.5774 1.8036 0.40009 3.1724 0.40009 1.4402 1.7527 3.2816 0.98892 1.7895 1.7376 2.0111 1.3368 1.1602 0.84135 1.5345 1.7395 0.88376 2.3554 2.6411 2.6111 1.6208 2.2017 1.5778 0.91791 2.6807 0.40009 1.0906 0.40009 1.0584 1.7337 1.3097 1.3426 1.2819 0.92217 0.0 0.99715 1.7349 1.0964 1.2917 1.3745 1.8372 2.3554 2.4698 2.1255 0.71468 1.7639 0.0 0.0 2.3008 0.64534 2.0048 0.90256 0.64534 2.0048 2.5832 0.90256 2.3008 0.64534 2.0048 2.5832 0.90256 2.3008
0.41624 1.5172 2.3643 0.92028 3.8272 0.92028 1.38 2.4075 3.9363 0.92867 2.3502 2.3923 1.9509 1.2766 1.815 0.78109 2.0953 2.3003 0.8235 3.0102 3.2958 3.2658 2.2755 2.8565 0.87751 1.5017 3.1624 0.92028 1.7453 0.92028 1.6421 2.3885 0.67746 0.57936 1.9366 1.5059 1.4307 0.0 2.3897 1.0361 1.2315 0.61123 1.7769 3.0102 3.1245 2.7803 1.3694 2.4186 0.0 0.0 2.9556 1.1006 2.6596 1.4863 1.1006 2.6596 3.238 1.4863 2.9556 1.1006 2.6596 3.238 1.4863 2.9556
2.729 2.7579 1.4501 2.1646 1.9149 2.1646 2.7567 1.2332 2.0241 2.3924 1.843 0.55808 2.6036 2.4993 0.98209 2.2448 2.019 1.386 2.2873 0.98492 1.3836 1.4866 1.3233 0.85625 3.1273 2.3214 2.4782 2.1646 1.8791 2.1646 2.0899 1.6522 2.8592 2.8921 1.2844 2.3257 1.8844 2.5466 0.0 2.4999 2.6952 2.924 2.4297 0.98492 1.8953 0.75501 1.5032 0.5844 0.0 0.0 0.95533 2.0488 0.63433 2.1131 2.0488 0.63433 1.4587 2.1131 0.95533 2.0488 0.63433 1.4587 2.1131 0.95533
1.3888 0.63275 1.9239 1.2939 3.6978 1.2939 0.49555 2.2781 3.8069 0.67826 1.9098 2.3469 1.5105 0.83618 1.9656 0.53069 1.6549 1.8598 0.6111 2.8808 3.1664 3.1364 2.0481 2.7271 1.5221 1.1843 2.722 1.2939 1.5179 1.2939 1.3247 2.1611 1.357 1.552 2.0872 1.1885 1.2863 1.0445 2.5403 0.0 0.98106 1.5838 1.3365 2.8808 2.8791 2.6509 1.267 2.3732 0.0 0.0 2.8262 0.88817 2.5302 1.1689 0.88817 2.5302 3.1086 1.1689 2.8262 0.88817 2.5302 3.1086 1.1689 2.8262
0.68252 1.0484 1.8956 0.68255 3.6695 0.68255 0.91123 2.2498 3.7786 0.45994 1.8815 2.2866 1.4821 0.80786 1.7093 0.31237 1.6265 1.8315 0.35478 2.8524 3.1381 3.1081 1.9168 2.6988 0.91878 1.1009 2.6937 0.68255 1.3866 0.68255 1.2414 2.0297 0.65073 0.84564 1.8309 1.1052 1.0299 0.33816 2.2839 0.56738 0.0 0.8775 1.3082 2.8524 2.8508 2.6225 1.0107 2.3129 0.0 0.0 2.7979 0.63185 2.5019 1.0856 0.63185 2.5019 3.0803 1.0856 2.7979 0.63185 2.5019 3.0803 1.0856 2.7979
0.31763 1.6205 2.6687 1.2247 4.1316 1.2247 1.4833 2.7119 4.2407 1.2331 2.6546 2.6967 2.2553 1.581 2.1194 1.0855 2.3997 2.6046 1.1279 3.3146 3.6002 3.5702 2.5799 3.1609 0.9029 1.806 3.4668 1.2247 2.0497 1.2247 1.9465 2.6928 0.98185 0.031865 2.241 1.8103 1.7351 0.78328 2.6941 1.1085 1.5359 0.0 2.0813 3.3146 3.4289 3.0847 1.6738 2.723 0.0 0.0 3.26 1.405 2.964 1.7907 1.405 2.964 3.5424 1.7907 3.26 1.405 2.964 3.5424 1.7907 3.26
2.6669 1.6529 1.775 2.275 2.4959 2.275 1.7587 2.1292 2.605 1.9564 1.7609 2.198 0.24357 1.3943 2.622 1.8088 0.99997 1.7109 1.8892 2.0984 1.9645 1.9345 2.0202 2.1062 2.9032 2.0814 1.4551 2.275 2.234 2.275 2.0408 2.3142 2.6352 2.8301 2.2733 2.0856 2.1314 2.3226 2.6293 2.0638 2.2592 2.8619 0.0 2.0984 1.6122 2.502 2.1121 2.2243 0.0 0.0 2.2053 1.8693 2.3813 2.064 1.8693 2.3813 1.9067 2.064 2.2053 1.8693 2.3813 1.9067 2.064 2.2053
3.0486 2.5265 1.1587 2.4842 0.97401 2.4842 2.6323 1.5128 1.0831 2.712 1.8796 0.87766 2.3122 2.2679 1.3017 2.5644 1.7276 1.0946 2.6068 0.0 0.44266 0.54565 1.4038 0.56483 3.4468 2.641 1.9012 2.4842 2.1987 2.4842 2.1594 1.7328 3.1788 3.2117 1.6039 2.6452 2.204 2.8662 0.98492 2.8194 3.0148 3.2436 2.1383 0.0 1.2144 0.85759 1.8228 0.90398 0.0 0.0 0.66391 2.3684 0.73691 2.1826 2.3684 0.73691 0.51783 2.1826 0.66391 2.3684 0.73691 0.51783 2.1826 0.66391
2.6857 1.9026 1.2018 1.9063 1.8027 1.9063 2.0084 1.556 1.9118 2.1342 1.2557 1.6248 1.4214 1.6441 2.0488 1.9866 1.1038 1.1377 2.029 1.4052 1.2713 1.2413 1.447 1.413 3.081 2.0631 0.76189 1.9063 1.7288 1.9063 1.5356 1.7759 2.8129 2.8488 1.7001 2.0674 1.6261 2.5004 2.0561 2.2416 2.437 2.8807 1.2474 1.4052 0.0 1.9287 1.6069 1.6511 0.0 0.0 1.5121 1.7906 1.8081 1.5588 1.7906 1.8081 1.2135 1.5588 1.5121 1.7906 1.8081 1.2135 1.5588 1.5121
2.5795 2.7854 1.7636 2.0151 2.2284 2.0151 2.6482 1.5467 2.3375 2.2429 2.1565 0.87154 2.9171 2.5448 0.83255 2.0953 2.3325 1.6995 2.1377 1.2984 1.697 1.8 1.6367 1.1697 2.9777 2.1719 2.7916 2.0151 1.7295 2.0151 1.9813 1.9657 2.7097 2.7426 1.1758 2.1761 1.7349 2.3971 0.38489 2.3503 2.5457 2.7744 2.7431 1.2984 2.2087 0.0 1.3536 0.89786 0.0 0.0 1.2688 1.8993 0.9478 2.0045 1.8993 0.9478 1.7722 2.0045 1.2688 1.8993 0.9478 1.7722 2.0045 1.2688
1.4408 1.4777 1.2239 0.66142 2.7108 0.66142 1.3405 1.2911 2.8199 0.88925 1.2098 1.2759 1.9115 1.2372 0.69858 0.74168 1.4349 1.1598 0.78409 1.8938 2.1794 2.1494 0.90609 1.7401 1.8361 0.81824 2.215 0.66142 0.37592 0.66142 0.91169 1.019 1.568 1.6039 0.8202 0.82251 0.38125 1.2555 1.2733 0.99669 1.1921 1.6358 1.7375 1.8938 2.0081 1.6639 0.0 1.3022 0.0 0.0 1.8392 0.54568 1.5432 0.8029 0.54568 1.5432 2.1216 0.8029 1.8392 0.54568 1.5432 2.1216 0.8029 1.8392
2.2381 2.403 1.5362 1.6737 2.293 1.6737 2.2658 1.2643 2.4021 1.9015 1.8741 0.68916 2.6897 2.1624 0.49117 1.7539 2.1051 1.4721 1.7963 1.363 1.7617 1.8647 1.3543 1.2343 2.6363 1.8305 2.5642 1.6737 1.3882 1.6737 1.5989 1.6833 2.3683 2.4012 0.79345 1.8348 1.3935 2.0557 0.90742 2.0089 2.2043 2.4331 2.5158 1.363 1.9814 1.1331 1.0123 0.0 0.0 0.0 1.3334 1.5579 1.0124 1.6221 1.5579 1.0124 1.8368 1.6221 1.3334 1.5579 1.0124 1.8368 1.6221 1.3334
0.0 0.0 0.0 0.0 0.0 0.0 0.0 0.0 0.0 0.0 0.0 0.0 0.0 0.0 0.0 0.0 0.0 0.0 0.0 0.0 0.0 0.0 0.0 0.0 0.0 0.0 0.0 0.0 0.0 0.0 0.0 0.0 0.0 0.0 0.0 0.0 0.0 0.0 0.0 0.0 0.0 0.0 0.0 0.0 0.0 0.0 0.0 0.0 0.0 0.0 0.0 0.0 0.0 0.0 0.0 0.0 0.0 0.0 0.0 0.0 0.0 0.0 0.0 0.0
0.0 0.0 0.0 0.0 0.0 0.0 0.0 0.0 0.0 0.0 0.0 0.0 0.0 0.0 0.0 0.0 0.0 0.0 0.0 0.0 0.0 0.0 0.0 0.0 0.0 0.0 0.0 0.0 0.0 0.0 0.0 0.0 0.0 0.0 0.0 0.0 0.0 0.0 0.0 0.0 0.0 0.0 0.0 0.0 0.0 0.0 0.0 0.0 0.0 0.0 0.0 0.0 0.0 0.0 0.0 0.0 0.0 0.0 0.0 0.0 0.0 0.0 0.0 0.0
2.4286 2.4575 1.2047 1.8642 1.7215 1.8642 2.4563 0.93281 1.8306 2.092 1.5426 0.25766 2.3582 2.1989 0.68167 1.9444 1.7736 1.1406 1.9868 0.7915 1.1902 1.2931 1.0228 0.66283 2.8268 2.021 2.2327 1.8642 1.5787 1.8642 1.7894 1.3518 2.5588 2.5917 0.98395 2.0252 1.584 2.2462 0.68892 2.1994 2.3948 2.6236 2.1843 0.7915 1.6499 0.56159 1.2028 0.28398 0.0 0.0 0.0 1.7484 0.44091 1.8126 1.7484 0.44091 1.2653 1.8126 0.0 1.7484 0.44091 1.2653 1.8126 0.0
1.221 1.0989 1.5216 0.57253 3.2564 0.57253 0.9617 1.8367 3.3656 0.51041 1.5075 1.8216 1.5326 0.85832 1.2442 0.36283 1.2525 1.4575 0.40524 2.4394 2.7251 2.6951 1.4518 2.2858 1.4572 0.63591 2.3987 0.57253 0.92159 0.57253 0.77636 1.5647 1.1892 1.3841 1.3659 0.64017 0.56492 0.87663 1.8189 0.61784 0.81321 1.416 1.3587 2.4394 2.5538 2.2095 0.54568 1.8479 0.0 0.0 2.3848 0.0 2.0888 0.62056 0.0 2.0888 2.6673 0.62056 2.3848 0.0 2.0888 2.6673 0.62056 2.3848
2.7001 2.9061 1.8842 2.1357 2.3491 2.1357 2.7688 1.6674 2.4582 2.3636 2.2771 0.99222 3.0378 2.6655 0.95323 2.216 2.4532 1.8201 2.2584 1.4191 1.8177 1.9207 1.7574 1.2904 3.0984 2.2926 2.9123 2.1357 1.8502 2.1357 2.102 2.0864 2.8304 2.8633 1.2965 2.2968 1.8556 2.5178 0.50557 2.471 2.6664 2.8951 2.8638 1.4191 2.3294 0.12068 1.4743 1.0185 0.0 0.0 1.3895 2.02 0.0 2.1252 2.02 0.0 1.8929 2.1252 1.3895 2.02 0.0 1.8929 2.1252 1.3895
1.4928 0.91168 1.5109 1.0668 3.2847 1.0668 0.77448 1.865 3.3938 0.78219 1.4968 1.9339 1.3454 0.67111 1.7295 0.63462 1.2418 1.4468 0.71503 2.4677 2.7534 2.7233 1.545 2.314 1.729 0.87318 2.3879 1.0668 1.2069 1.0668 1.0136 1.658 1.461 1.6559 1.7981 0.87744 1.0592 1.1484 2.3042 0.88963 1.085 1.6878 1.1715 2.4677 2.5451 2.2378 1.0399 1.9602 0.0 0.0 2.4131 0.6611 2.1171 0.0 0.6611 2.1171 2.6955 0.0 2.4131 0.6611 2.1171 2.6955 0.0 2.4131
1.221 1.0989 1.5216 0.57253 3.2564 0.57253 0.9617 1.8367 3.3656 0.51041 1.5075 1.8216 1.5326 0.85832 1.2442 0.36283 1.2525 1.4575 0.40524 2.4394 2.7251 2.6951 1.4518 2.2858 1.4572 0.63591 2.3987 0.57253 0.92159 0.57253 0.77636 1.5647 1.1892 1.3841 1.3659 0.64017 0.56492 0.87663 1.8189 0.61784 0.81321 1.416 1.3587 2.4394 2.5538 2.2095 0.54568 1.8479 0.0 0.0 2.3848 0.0 2.0888 0.62056 0.0 2.0888 2.6673 0.62056 2.3848 0.0 2.0888 2.6673 0.62056 2.3848
2.7001 2.9061 1.8842 2.1357 2.3491 2.1357 2.7688 1.6674 2.4582 2.3636 2.2771 0.99222 3.0378 2.6655 0.95323 2.216 2.4532 1.8201 2.2584 1.4191 1.8177 1.9207 1.7574 1.2904 3.0984 2.2926 2.9123 2.1357 1.8502 2.1357 2.102 2.0864 2.8304 2.8633 1.2965 2.2968 1.8556 2.5178 0.50557 2.471 2.6664 2.8951 2.8638 1.4191 2.3294 0.12068 1.4743 1.0185 0.0 0.0 1.3895 2.02 0.0 2.1252 2.02 0.0 1.8929 2.1252 1.3895 2.02 0.0 1.8929 2.1252 1.3895
2.7788 2.2567 0.8889 2.2144 1.4597 2.2144 2.3625 1.243 1.5689 2.4422 1.6098 0.6079 2.0424 1.9982 1.0319 2.2947 1.4578 0.82482 2.3371 0.52973 0.92839 0.027823 1.1341 0.29506 3.1771 2.3712 1.917 2.2144 1.9289 2.2144 1.8897 1.463 2.909 2.9419 1.3342 2.3755 1.9342 2.5965 1.0392 2.5497 2.745 2.9738 1.8685 0.52973 1.3341 0.91183 1.553 0.63422 0.0 0.0 0.39414 2.0987 0.79115 1.9129 2.0987 0.79115 0.0 1.9129 0.39414 2.0987 0.79115 0.0 1.9129 0.39414
1.4928 0.91168 1.5109 1.0668 3.2847 1.0668 0.77448 1.865 3.3938 0.78219 1.4968 1.9339 1.3454 0.67111 1.7295 0.63462 1.2418 1.4468 0.71503 2.4677 2.7534 2.7233 1.545 2.314 1.729 0.87318 2.3879 1.0668 1.2069 1.0668 1.0136 1.658 1.461 1.6559 1.7981 0.87744 1.0592 1.1484 2.3042 0.88963 1.085 1.6878 1.1715 2.4677 2.5451 2.2378 1.0399 1.9602 0.0 0.0 2.4131 0.6611 2.1171 0.0 0.6611 2.1171 2.6955 0.0 2.4131 0.6611 2.1171 2.6955 0.0 2.4131
2.4286 2.4575 1.2047 1.8642 1.7215 1.8642 2.4563 0.93281 1.8306 2.092 1.5426 0.25766 2.3582 2.1989 0.68167 1.9444 1.7736 1.1406 1.9868 0.7915 1.1902 1.2931 1.0228 0.66283 2.8268 2.021 2.2327 1.8642 1.5787 1.8642 1.7894 1.3518 2.5588 2.5917 0.98395 2.0252 1.584 2.2462 0.68892 2.1994 2.3948 2.6236 2.1843 0.7915 1.6499 0.56159 1.2028 0.28398 0.0 0.0 0.0 1.7484 0.44091 1.8126 1.7484 0.44091 1.2653 1.8126 0.0 1.7484 0.44091 1.2653 1.8126 0.0
1.221 1.0989 1.5216 0.57253 3.2564 0.57253 0.9617 1.8367 3.3656 0.51041 1.5075 1.8216 1.5326 0.85832 1.2442 0.36283 1.2525 1.4575 0.40524 2.4394 2.7251 2.6951 1.4518 2.2858 1.4572 0.63591 2.3987 0.57253 0.92159 0.57253 0.77636 1.5647 1.1892 1.3841 1.3659 0.64017 0.56492 0.87663 1.8189 0.61784 0.81321 1.416 1.3587 2.4394 2.5538 2.2095 0.54568 1.8479 0.0 0.0 2.3848 0.0 2.0888 0.62056 0.0 2.0888 2.6673 0.62056 2.3848 0.0 2.0888 2.6673 0.62056 2.3848
2.7001 2.9061 1.8842 2.1357 2.3491 2.1357 2.7688 1.6674 2.4582 2.3636 2.2771 0.99222 3.0378 2.6655 0.95323 2.216 2.4532 1.8201 2.2584 1.4191 1.8177 1.9207 1.7574 1.2904 3.0984 2.2926 2.9123 2.1357 1.8502 2.1357 2.102 2.0864 2.8304 2.8633 1.2965 2.2968 1.8556 2.5178 0.50557 2.471 2.6664 2.8951 2.8638 1.4191 2.3294 0.12068 1.4743 1.0185 0.0 0.0 1.3895 2.02 0.0 2.1252 2.02 0.0 1.8929 2.1252 1.3895 2.02 0.0 1.8929 2.1252 1.3895
2.7788 2.2567 0.8889 2.2144 1.4597 2.2144 2.3625 1.243 1.5689 2.4422 1.6098 0.6079 2.0424 1.9982 1.0319 2.2947 1.4578 0.82482 2.3371 0.52973 0.92839 0.027823 1.1341 0.29506 3.1771 2.3712 1.917 2.2144 1.9289 2.2144 1.8897 1.463 2.909 2.9419 1.3342 2.3755 1.9342 2.5965 1.0392 2.5497 2.745 2.9738 1.8685 0.52973 1.3341 0.91183 1.553 0.63422 0.0 0.0 0.39414 2.0987 0.79115 1.9129 2.0987 0.79115 0.0 1.9129 0.39414 2.0987 0.79115 0.0 1.9129 0.39414
1.4928 0.91168 1.5109 1.0668 3.2847 1.0668 0.77448 1.865 3.3938 0.78219 1.4968 1.9339 1.3454 0.67111 1.7295 0.63462 1.2418 1.4468 0.71503 2.4677 2.7534 2.7233 1.545 2.314 1.729 0.87318 2.3879 1.0668 1.2069 1.0668 1.0136 1.658 1.461 1.6559 1.7981 0.87744 1.0592 1.1484 2.3042 0.88963 1.085 1.6878 1.1715 2.4677 2.5451 2.2378 1.0399 1.9602 0.0 0.0 2.4131 0.6611 2.1171 0.0 0.6611 2.1171 2.6955 0.0 2.4131 0.6611 2.1171 2.6955 0.0 2.4131
2.4286 2.4575 1.2047 1.8642 1.7215 1.8642 2.4563 0.93281 1.8306 2.092 1.5426 0.25766 2.3582 2.1989 0.68167 1.9444 1.7736 1.1406 1.9868 0.7915 1.1902 1.2931 1.0228 0.66283 2.8268 2.021 2.2327 1.8642 1.5787 1.8642 1.7894 1.3518 2.5588 2.5917 0.98395 2.0252 1.584 2.2462 0.68892 2.1994 2.3948 2.6236 2.1843 0.7915 1.6499 0.56159 1.2028 0.28398 0.0 0.0 0.0 1.7484 0.44091 1.8126 1.7484 0.44091 1.2653 1.8126 0.0 1.7484 0.44091 1.2653 1.8126 0.0
