4 48 1 1 5 1 272
1 37.784021 -122.41195 0.5 1.0 0.0 272.0
2 37.787098 -122.41031 0.5 1.0 0.0 272.0
3 37.786556 -122.41313 0.5 1.0 0.0 272.0
4 37.786425 -122.41559 0.5 1.0 0.0 272.0
5 37.788005 -122.41068 0.5 1.0 0.0 272.0
6 37.787112 -122.41494 0.5 1.0 0.0 272.0
7 37.780257 -122.42038 0.5 1.0 0.0 272.0
8 37.78521 -122.40866 0.5 1.0 0.0 272.0
9 37.788125 -122.4202 0.5 1.0 0.0 272.0
10 37.787998 -122.42017 0.5 1.0 0.0 272.0
11 37.784102 -122.41886 0.5 1.0 0.0 272.0
12 37.788928 -122.40856 0.5 1.0 0.0 272.0
13 37.779691 -122.4234 0.5 1.0 0.0 272.0
14 37.778853 -122.4149 0.5 1.0 0.0 272.0
15 37.786262 -122.40945 0.5 1.0 0.0 272.0
16 37.781793 -122.41893 0.5 1.0 0.0 272.0
17 37.783431 -122.41757 0.5 1.0 0.0 272.0
18 37.786746 -122.41302 0.5 1.0 0.0 272.0
19 37.782866 -122.42101 0.5 1.0 0.0 272.0
20 37.786101 -122.41063 0.5 1.0 0.0 272.0
21 37.778752 -122.41599 0.5 1.0 0.0 272.0
22 37.785029 -122.41902 0.5 1.0 0.0 272.0
23 37.787068 -122.41054 0.5 1.0 0.0 272.0
24 37.781287 -122.42388 0.5 1.0 0.0 272.0
25 37.784152 -122.41847 0.5 1.0 0.0 272.0
26 37.786098 -122.41066 0.5 1.0 0.0 272.0
27 37.782141 -122.41918 0.5 1.0 0.0 272.0
28 37.785914 -122.41209 0.5 1.0 0.0 272.0
29 37.785999 -122.41302 0.5 1.0 0.0 272.0
30 37.78501 -122.41172 0.5 1.0 0.0 272.0
31 37.785824 -122.4128 0.5 1.0 0.0 272.0
32 37.785449 -122.41458 0.5 1.0 0.0 272.0
33 37.786736 -122.41309 0.5 1.0 0.0 272.0
34 37.778752 -122.41599 0.5 1.0 0.0 272.0
35 37.780238 -122.41885 0.5 1.0 0.0 272.0
36 37.787467 -122.40751 0.5 1.0 0.0 272.0
37 37.774271 -122.42098 0.5 1.0 0.0 272.0
38 37.783599 -122.42284 0.5 1.0 0.0 272.0
39 37.785081 -122.41284 0.5 1.0 0.0 272.0
40 37.778752 -122.41599 0.5 1.0 0.0 272.0
41 37.78932 -122.40786 0.5 1.0 0.0 272.0
42 37.778752 -122.41599 0.5 1.0 0.0 272.0
43 37.782664 -122.42262 0.5 1.0 0.0 272.0
44 37.7862 -122.40991 0.5 1.0 0.0 272.0
45 37.789263 -122.40837 0.5 1.0 0.0 272.0
46 37.779511 -122.42023 0.5 1.0 0.0 272.0
47 37.785774 -122.4132 0.5 1.0 0.0 272.0
48 37.785162 -122.40949 0.5 1.0 0.0 272.0
49 37.784034 -122.41185 0.5 -1.0 0.0 15.0
50 37.787061 -122.41059 0.5 -1.0 1.0 16.0
51 37.776911 -122.42264 0.5 -1.0 5.0 20.0
52 37.780206 -122.42019 0.5 -1.0 8.0 23.0
53 37.785719 -122.4212 0.5 -1.0 21.0 36.0
54 37.787483 -122.41469 0.5 -1.0 25.0 40.0
55 37.776041 -122.42214 0.5 -1.0 26.0 41.0
56 37.773441 -122.42157 0.5 -1.0 33.0 48.0
57 37.784725 -122.41614 0.5 -1.0 34.0 49.0
58 37.783597 -122.41591 0.5 -1.0 43.0 58.0
59 37.777331 -122.42309 0.5 -1.0 50.0 65.0
60 37.789051 -122.41008 0.5 -1.0 60.0 75.0
61 37.778208 -122.42013 0.5 -1.0 60.0 75.0
62 37.780802 -122.42222 0.5 -1.0 62.0 77.0
63 37.787244 -122.40918 0.5 -1.0 65.0 80.0
64 37.784801 -122.40705 0.5 -1.0 66.0 81.0
65 37.788173 -122.40937 0.5 -1.0 79.0 94.0
66 37.782215 -122.41082 0.5 -1.0 84.0 99.0
67 37.785988 -122.41809 0.5 -1.0 89.0 104.0
68 37.788809 -122.40853 0.5 -1.0 91.0 106.0
69 37.778752 -122.41599 0.5 -1.0 95.0 110.0
70 37.781599 -122.4234 0.5 -1.0 102.0 117.0
71 37.788273 -122.40859 0.5 -1.0 112.0 127.0
72 37.785072 -122.41125 0.5 -1.0 123.0 138.0
73 37.77865 -122.41485 0.5 -1.0 134.0 149.0
74 37.778879 -122.41504 0.5 -1.0 135.0 150.0
75 37.787211 -122.42001 0.5 -1.0 139.0 154.0
76 37.786614 -122.40662 0.5 -1.0 139.0 154.0
77 37.784477 -122.4159 0.5 -1.0 144.0 159.0
78 37.784586 -122.41948 0.5 -1.0 153.0 168.0
79 37.785864 -122.41249 0.5 -1.0 153.0 168.0
80 37.785449 -122.41458 0.5 -1.0 158.0 173.0
81 37.778581 -122.42004 0.5 -1.0 167.0 182.0
82 37.778752 -122.41599 0.5 -1.0 168.0 183.0
83 37.783768 -122.41932 0.5 -1.0 173.0 188.0
84 37.783079 -122.42094 0.5 -1.0 187.0 202.0
85 37.775071 -122.42237 0.5 -1.0 193.0 208.0
86 37.781638 -122.41566 0.5 -1.0 195.0 210.0
87 37.789713 -122.41235 0.5 -1.0 197.0 212.0
88 37.778752 -122.41599 0.5 -1.0 198.0 213.0
89 37.782661 -122.41403 0.5 -1.0 209.0 224.0
90 37.778752 -122.41599 0.5 -1.0 223.0 238.0
91 37.781834 -122.41407 0.5 -1.0 224.0 239.0
92 37.784464 -122.41601 0.5 -1.0 228.0 243.0
93 37.776495 -122.4177 0.5 -1.0 235.0 250.0
94 37.77336 -122.42168 0.5 -1.0 247.0 262.0
95 37.784508 -122.41103 0.5 -1.0 248.0 263.0
96 37.781641 -122.41564 0.5 -1.0 252.0 267.0
97 37.786549 -122.40715 0.0 0.0 0.0 272.0
98 37.786549 -122.40715 0.0 0.0 0.0 272.0
99 37.786549 -122.40715 0.0 0.0 0.0 272.0
100 37.782269 -122.41818 0.0 0.0 0.0 272.0
101 37.78846 -122.41016 0.0 0.0 0.0 272.0
102 37.782269 -122.41818 0.0 0.0 0.0 272.0
103 37.780384 -122.41783 0.0 0.0 0.0 272.0
104 37.786549 -122.40715 0.0 0.0 0.0 272.0
105 37.78846 -122.41016 0.0 0.0 0.0 272.0
106 37.782269 -122.41818 0.0 0.0 0.0 272.0
107 37.786472 -122.40974 0.0 0.0 0.0 272.0
108 37.780384 -122.41783 0.0 0.0 0.0 272.0
109 37.786549 -122.40715 0.0 0.0 0.0 272.0
110 37.78846 -122.41016 0.0 0.0 0.0 272.0
111 37.782269 -122.41818 0.0 0.0 0.0 272.0
112 37.786472 -122.40974 0.0 0.0 0.0 272.0
97
98
99 100 101 102
103 104 105 106 107
108 109 110 111 112
8 8 8 8 8 8 8 8 8 8 8 8 8 8 8 8 8 8 8 8 8 8 8 8 8 8 8 8 8 8 8 8 8 8 8 8 8 8 8 8 8 8 8 8 8 8 8 8
3 3 3 3
3.5 3.5 3.5 3.5
3.5 3.5 3.5 3.5
0.7 0.7 0.7 0.7
0.055 0.055 0.055 0.055 0.055
0.0715
0.75 0.25
0.0 1.2804 0.83003 1.1328 0.98174 1.1257 2.2387 0.81713 1.9298 1.8957 1.6819 1.3996 2.5074 1.7579 0.70623 1.8583 1.7046 0.83664 2.1287 0.6227 1.9675 1.7878 1.3298 2.4831 1.5998 0.61659 1.7964 1.0204 0.98034 0.4655 0.9523 1.1004 0.85257 1.9675 1.905 1.8161 2.5319 2.3019 1.049 1.9675 2.1969 1.9675 2.3586 0.77717 2.306 2.1954 1.3869 0.84602 0.021171 1.3417 2.6221 2.0602 1.8277 1.2285 2.8887 2.6644 1.4599 1.3976 2.8051 1.7353 2.3012 2.8717 1.2343 0.93989 1.184 1.2243 1.7297 1.3676 1.9675 2.4353 1.3521 0.36318 1.5878 1.763 1.7727 1.1416 1.173 1.7753 1.0201 1.1004 2.4467 1.9675 1.7868 2.1296 2.9302 2.1244 2.0771 1.9675 1.682 1.9675 1.6918 1.1962 2.6621 2.6951 0.30631 2.1286 0.0 0.0 1.0293 1.715 1.6077 1.715 1.8518 1.0293 1.6077 1.715 1.3253 1.8518 1.0293 1.6077 1.715 1.3253
0.97757 0.0 0.48985 0.79258 0.64157 0.78551 2.2525 1.588 1.5896 1.5556 1.5887 1.1405 2.6142 1.8647 0.99205 1.8762 1.7224 0.49646 1.9126 0.90852 2.0744 1.4476 0.049405 2.497 1.5066 0.90241 1.8142 0.68021 0.64016 1.3663 0.61212 1.1872 0.51239 2.0744 2.0118 1.5569 2.6628 2.0767 0.70885 2.0744 1.8567 2.0744 2.1825 1.063 1.9658 2.3022 1.4298 1.1318 0.99875 0.061243 2.7529 2.167 1.4876 0.88836 3.0195 2.7953 1.1197 1.3044 2.912 1.4761 2.408 2.8855 1.3652 1.7107 0.84384 1.3111 1.6366 1.1085 2.0744 2.4491 1.012 1.264 1.7187 1.8698 1.4325 1.4274 1.2598 1.4351 0.67987 1.1872 2.5536 2.0744 1.5617 1.9045 3.061 2.2312 1.7369 2.0744 1.7889 2.0744 1.7096 1.283 2.793 2.8259 1.2071 2.2354 0.0 0.0 1.3151 1.7328 1.2675 1.7328 1.9586 1.3151 1.2675 1.7328 0.98509 1.9586 1.3151 1.2675 1.7328 0.98509
0.60754 1.1962 0.0 1.0485 0.89753 1.0415 1.9555 1.2179 1.8456 1.8115 1.3987 1.3154 2.2442 1.4947 0.62202 1.5751 1.4214 0.75243 1.8455 0.53849 1.7043 1.7016 1.2456 2.1999 1.3166 0.53238 1.5132 0.31018 0.15031 0.99629 0.24209 0.81719 0.76836 1.7043 1.6418 1.7319 2.2927 2.0186 0.33882 1.7043 2.1127 1.7043 2.0754 0.69297 2.2218 1.9322 1.1037 0.76182 0.62872 1.2575 2.3829 1.7969 1.7435 1.1443 2.6495 2.4252 1.3757 1.1144 2.5419 1.6511 2.0379 2.5885 1.1501 1.3407 1.0998 0.9411 1.4465 1.2834 1.7043 2.1521 1.2679 0.89397 1.3486 1.4998 1.6885 1.0574 0.88978 1.5343 0.30984 0.81719 2.1835 1.7043 1.5036 1.8464 2.691 1.8611 1.9929 1.7043 1.4188 1.7043 1.4086 0.91294 2.4229 2.4558 0.8371 1.8654 0.0 0.0 0.94507 1.4318 1.5235 1.4318 1.5886 0.94507 1.5235 1.4318 1.2411 1.5886 0.94507 1.5235 1.4318 1.2411
1.0897 1.6784 1.228 0.0 1.3797 0.86062 1.6296 1.7001 0.96673 0.93266 0.96584 1.7976 1.9973 1.2478 1.1042 1.2533 1.0995 1.2346 1.2897 1.0206 1.4575 0.82475 1.7278 1.8741 0.88376 1.0145 1.1913 0.79232 1.3783 1.4784 0.72423 1.2643 1.2505 1.4575 1.3949 2.214 2.2369 1.4538 0.82096 1.4575 2.5948 1.4575 1.5596 1.1751 2.7039 1.6853 0.80687 1.244 1.1109 1.7396 2.324 1.5501 0.86468 0.96347 2.5906 2.3694 0.49682 0.68154 2.2951 2.1332 1.7911 2.2626 1.6323 1.8228 1.5819 1.4232 1.0137 1.7656 1.4575 1.8262 1.7501 1.3761 1.2928 1.2529 0.80966 1.5396 1.3369 0.81222 0.79198 1.2643 1.9367 1.4575 0.93878 1.2816 2.6321 1.6143 1.801 1.4575 1.28 1.4575 1.0867 1.3601 2.3641 2.4 1.3192 1.6185 0.0 0.0 1.4272 1.1099 2.0056 1.1099 1.3417 1.4272 2.0056 1.1099 1.7232 1.3417 1.4272 2.0056 1.1099 1.7232
1.1829 0.37455 0.69514 0.99786 0.0 0.9908 2.4578 1.0892 1.7949 1.7608 1.794 0.57475 2.7795 2.03 0.49334 2.0815 1.9277 0.70175 2.1179 1.1138 2.2396 1.6529 0.42396 2.7022 1.7119 1.1077 2.0195 0.8855 0.84545 0.99661 0.81741 1.3925 0.71768 2.2396 2.1771 0.99118 2.804 2.282 0.91414 2.2396 1.485 2.2396 2.3878 1.2683 1.5941 2.4675 1.6351 0.63313 1.204 0.4358 2.8942 2.3323 1.6929 1.0936 3.1608 2.9366 1.325 1.5097 3.0773 0.91042 2.5733 3.0908 0.79945 1.212 0.27812 1.5164 1.8418 0.54275 2.2396 2.6544 0.44625 0.89429 1.8599 2.0351 1.6378 0.92873 1.4651 1.6404 0.88516 1.3925 2.7188 2.2396 1.767 2.1097 3.2023 2.3965 1.9422 2.2396 1.9541 2.2396 1.9149 1.4883 2.9343 2.9672 1.3594 2.4007 0.0 0.0 0.81639 1.9381 1.0288 1.9381 2.1239 0.81639 1.0288 1.9381 0.41938 2.1239 0.81639 1.0288 1.9381 0.41938
1.0558 1.1615 0.56804 0.87077 0.86276 0.0 2.3227 1.6661 1.2158 1.1817 1.6589 1.3617 2.6904 1.9409 1.0702 1.9464 1.7926 1.2007 1.9828 0.98671 2.1505 1.5178 1.2109 2.5671 1.5768 0.9806 1.8844 0.7584 0.71835 1.4445 0.69031 1.2654 1.2166 2.1505 2.088 1.7781 2.7409 2.1469 0.78704 2.1505 2.0469 2.1505 2.2527 1.1412 2.156 2.3784 1.5 1.21 1.0769 1.2227 2.8311 2.2432 1.5578 0.15755 3.0977 2.8735 1.1899 1.3746 2.9882 1.6973 2.4842 2.9557 1.5863 1.7889 1.065 1.3893 1.7067 1.3296 2.1505 2.5193 1.2331 1.3422 1.7968 1.946 1.2167 1.5056 1.338 1.5053 0.75806 1.2654 2.6298 2.1505 1.6319 1.9746 3.1392 2.3074 1.0061 2.1505 1.867 2.1505 1.7798 1.3612 2.8712 2.9041 1.2853 2.3116 0.0 0.0 1.3933 1.803 1.4577 1.803 2.0348 1.3933 1.4577 1.803 1.2063 2.0348 1.3933 1.4577 1.803 1.2063
1.7199 2.5326 2.0822 1.7219 2.2339 1.7149 0.0 1.9003 1.382 1.3479 1.1941 2.6518 0.51357 0.8801 1.9584 0.49796 0.85475 2.0888 0.46093 1.8749 0.81716 0.92401 2.582 0.80831 1.112 1.8688 0.58857 1.6466 2.2325 1.7697 1.5785 1.7136 2.1048 0.81716 0.29719 3.0683 0.91212 0.82104 1.6752 0.81716 3.4491 0.81716 0.68383 2.0294 3.5582 0.20155 1.6611 2.0662 1.7411 2.5939 0.84029 0.10434 1.2799 1.8177 1.1069 1.0446 1.3511 1.5358 0.81133 2.9875 0.30734 1.1968 2.4865 1.7711 2.4362 1.3805 1.1509 2.6198 0.81716 0.76049 2.6043 1.6674 0.92501 0.88517 1.2249 2.3938 1.7862 0.91147 1.6462 1.7136 0.45292 0.81716 0.80669 0.67381 1.1484 0.88054 2.4733 0.81716 1.1662 0.81716 1.021 1.8093 0.88033 1.0752 1.6105 0.8848 0.0 0.0 2.2815 0.86519 2.8599 0.86519 0.41145 2.2815 2.8599 0.86519 2.5775 0.41145 2.2815 2.8599 0.86519 2.5775
1.0097 0.82037 0.94895 1.2517 1.1007 1.2446 2.2996 0.0 2.0487 2.0147 1.8008 0.91457 2.3673 1.6178 0.82515 1.9193 1.7655 0.95556 2.1897 0.74162 1.8275 1.9067 0.86977 2.5441 1.7187 0.73551 1.8573 1.1393 1.0993 0.58442 1.0712 1.2193 0.97149 1.8275 1.7649 1.331 2.3919 2.4208 1.168 1.8275 1.8248 1.8275 2.4196 0.8961 1.9339 2.0553 1.5059 0.22095 1.0308 0.88161 2.482 1.9201 1.9467 1.3475 2.7486 2.5244 1.5788 1.5165 2.6651 1.2502 2.1611 2.9326 0.74926 0.79981 1.3029 1.2852 1.8487 0.88256 1.8275 2.4962 1.4711 0.4821 1.4478 1.6229 1.8916 0.65654 1.2919 1.8942 1.139 1.2193 2.3067 1.8275 1.9058 2.2486 2.7901 1.9843 2.196 1.8275 1.5419 1.8275 1.7527 1.3151 2.5221 2.555 0.94723 1.9885 0.0 0.0 0.5442 1.7759 1.3686 1.7759 1.7117 0.5442 1.3686 1.7759 0.86519 1.7117 0.5442 1.3686 1.7759 0.86519
1.7053 1.9887 1.5043 1.4833 1.799 1.4763 1.4903 2.3157 0.0 0.034072 1.5315 1.9068 1.93 1.8635 1.7198 1.1439 1.1921 1.8502 1.1503 1.6363 1.9366 0.6854 2.0381 1.7347 1.4494 1.6302 1.082 1.408 1.6546 2.0941 1.3399 1.88 1.8661 1.9366 1.4166 2.6023 2.3285 1.3144 1.4366 1.9366 2.3241 1.9366 1.4202 1.7908 2.4333 1.6179 1.4225 1.8596 1.7265 2.0499 2.2567 1.5207 0.72533 1.1491 2.5233 2.461 1.1125 1.2972 2.2277 2.1356 1.7237 2.1232 2.2479 2.4385 1.8923 2.0389 0.91231 1.9388 1.9366 1.6869 2.0604 1.9918 1.9084 1.8686 0.20031 2.1552 1.9526 0.67287 1.4076 1.88 1.8693 1.9366 0.79943 1.1422 2.5648 1.7429 1.2834 1.9366 1.8956 1.9366 1.7024 1.9757 2.2967 2.4916 1.9349 1.7472 0.0 0.0 2.0429 1.7256 1.7349 1.7256 1.5308 2.0429 1.7349 1.7256 2.0335 1.5308 2.0429 1.7349 1.7256 2.0335
1.6713 2.0228 1.5255 1.4493 1.8202 1.4422 1.4562 2.2816 0.034072 0.0 1.4974 1.9409 1.8959 1.8294 1.6857 1.1098 1.1581 1.8161 1.1162 1.6022 1.9025 0.65133 2.0722 1.7006 1.4153 1.5961 1.0479 1.3739 1.6758 2.06 1.3058 1.8459 1.8321 1.9025 1.3825 2.6364 2.2944 1.2804 1.4025 1.9025 2.3582 1.9025 1.3862 1.7567 2.4673 1.5839 1.3884 1.8255 1.6924 2.084 2.2226 1.4867 0.69125 1.115 2.4892 2.427 1.0784 1.2631 2.1936 2.1696 1.6897 2.0892 2.2138 2.4044 1.9263 2.0048 0.87824 1.9729 1.9025 1.6528 2.0945 1.9577 1.8743 1.8345 0.16623 2.1211 1.9185 0.6388 1.3736 1.8459 1.8352 1.9025 0.76535 1.1081 2.5307 1.7089 1.3174 1.9025 1.8615 1.9025 1.6683 1.9417 2.2627 2.4576 1.9008 1.7131 0.0 0.0 2.0088 1.6915 1.769 1.6915 1.4968 2.0088 1.769 1.6915 2.0676 1.4968 2.0088 1.769 1.6915 2.0676
1.3993 1.988 1.5376 1.1773 1.6893 1.1702 0.87224 2.0097 0.83735 0.80328 0.0 2.1072 1.3119 1.3815 1.4138 0.52589 0.57411 1.5442 0.53229 1.3302 1.3185 0.37937 2.0374 1.1167 0.83138 1.3241 0.46394 1.1019 1.6879 1.7881 1.0338 1.4979 1.5601 1.3185 0.79855 2.5236 1.7105 0.6964 1.1306 1.3185 2.9044 1.3185 0.8022 1.4847 3.0136 0.99991 1.1165 1.5536 1.4205 2.0492 1.6387 0.9027 0.7353 1.2731 1.9053 1.843 0.80643 0.99116 1.6097 2.4429 1.1057 1.5052 1.9419 2.1324 1.8916 1.6729 0.60628 2.0752 1.3185 1.0689 2.0597 1.6857 1.4264 1.3865 0.68028 1.8492 1.5705 0.21202 1.1016 1.4979 1.2513 1.3185 0.1814 0.52418 1.9468 1.1249 2.0077 1.3185 1.4586 1.3185 1.2653 1.5937 1.6787 1.8736 1.6289 1.1292 0.0 0.0 1.7368 1.1096 2.3152 1.1096 0.91282 1.7368 2.3152 1.1096 2.0328 0.91282 1.7368 2.3152 1.1096 2.0328
1.4472 0.63886 0.95945 1.2622 1.1112 1.2551 2.7221 1.3536 2.0592 2.0252 2.0583 0.0 3.0438 2.2943 0.75765 2.3458 2.192 0.96606 2.3822 1.3781 2.504 1.9172 0.68827 2.9665 1.9762 1.372 2.2838 1.1498 1.1098 1.2609 1.0817 1.6568 0.98199 2.504 2.4414 0.75949 3.0684 2.5463 1.1785 2.504 0.95423 2.504 2.6521 1.5326 1.0634 2.7318 1.8994 0.89744 1.4683 0.70011 3.1585 2.5966 1.9572 1.358 3.4251 3.2009 1.5893 1.774 3.3416 0.37966 2.8376 3.3551 0.56776 1.2493 0.65537 1.7807 2.1062 0.032008 2.504 2.9187 0.82349 1.1586 2.1242 2.2994 1.9021 0.86904 1.7294 1.9047 1.1495 1.6568 2.9832 2.504 2.0313 2.374 3.4666 2.6608 1.8815 2.504 2.2184 2.504 2.1792 1.7526 3.1986 3.2315 1.6237 2.665 0.0 0.0 0.7567 2.2024 0.49805 2.2024 2.3882 0.7567 0.49805 2.2024 0.68369 2.3882 0.7567 0.49805 2.2024 0.68369
2.1309 2.9436 2.4932 2.1329 2.6449 2.1258 0.73185 2.3113 1.793 1.7589 1.6051 3.0628 0.0 1.2911 2.3694 0.90893 1.2657 2.4998 0.8719 2.2859 1.2281 1.335 2.993 0.80129 1.523 2.2797 0.99955 2.0576 2.6435 2.1807 1.9895 2.1246 2.5157 1.2281 0.70816 3.4792 1.1297 0.81401 2.0862 1.2281 3.86 1.2281 0.67681 2.4403 3.9692 0.61252 2.0721 2.4772 2.1521 3.0048 1.1463 0.51532 1.6909 2.2287 0.69787 1.1129 1.762 1.9468 0.3643 3.3985 0.71832 1.1898 2.8975 2.1821 2.8472 1.7915 1.5619 3.0308 1.2281 0.75346 3.0153 2.0783 1.336 1.2961 1.6359 2.8048 2.1972 1.3225 2.0572 2.1246 0.8639 1.2281 1.2177 1.0848 0.73936 1.2915 2.8843 1.2281 1.5772 1.2281 1.432 2.2203 1.2913 1.0823 2.0215 1.2958 0.0 0.0 2.6924 1.2762 3.2709 1.2762 0.82243 2.6924 3.2709 1.2762 2.9884 0.82243 2.6924 3.2709 1.2762 2.9884
1.4828 2.0945 1.6441 1.8238 1.7958 1.8167 1.4747 1.4102 2.0528 2.0188 1.4379 2.2137 1.4554 0.0 1.5203 1.1198 1.0986 1.6507 1.3648 1.4367 0.543 1.7378 2.1439 1.7192 1.3559 1.4306 1.1904 1.7484 1.7944 1.2795 1.6803 1.4764 1.6666 0.543 0.90503 2.6301 1.018 1.7319 1.7771 0.543 3.0109 0.543 1.5947 1.5912 3.12 1.1434 1.763 1.576 1.5039 2.1557 1.1081 1.0082 1.9508 1.9196 1.3747 1.1505 1.6859 1.7736 1.3072 2.5493 0.81518 2.1077 2.0484 1.2809 1.998 1.1433 1.4858 2.1817 0.543 1.6713 2.1662 1.1772 0.073852 0.70801 1.8958 1.9556 1.549 1.5705 1.7481 1.4764 1.3948 0.543 1.4435 1.5777 1.4162 1.1244 2.7681 0.543 0.92905 0.543 1.2648 1.5722 1.1482 1.1811 1.1203 1.1286 0.0 0.0 1.8433 1.109 2.4217 1.109 0.85181 1.8433 2.4217 1.109 2.1393 0.85181 1.8433 2.4217 1.109 2.1393
1.2229 0.63559 0.95617 1.2589 1.1079 1.2518 2.5128 0.89028 2.0559 2.0219 2.0141 0.72979 2.5805 1.8311 0.0 2.1325 1.9787 0.96278 2.3789 0.95484 2.0407 1.914 0.68499 2.7573 1.932 0.94873 2.0705 1.1465 1.1065 0.79765 1.0784 1.4325 0.97871 2.0407 1.9781 1.1462 2.6051 2.543 1.1752 2.0407 1.64 2.0407 2.6328 1.1093 1.7492 2.2685 1.7191 0.43417 1.2441 0.69683 2.6953 2.1333 1.9539 1.3547 2.9619 2.7376 1.586 1.7298 2.8783 1.0655 2.3743 3.1458 0.56448 0.85204 1.3102 1.4985 2.0619 0.69778 2.0407 2.7094 1.4783 0.69532 1.661 1.8361 1.8989 0.47177 1.5051 1.9014 1.1462 1.4325 2.5199 2.0407 2.028 2.3708 3.0033 2.1975 2.2032 2.0407 1.7552 2.0407 1.9659 1.5283 2.7353 2.7682 1.1605 2.2018 0.0 0.0 0.35942 1.9891 1.1838 1.9891 1.9249 0.35942 1.1838 1.9891 0.68042 1.9249 0.35942 1.1838 1.9891 0.68042
1.4949 2.2946 1.8441 1.4839 1.9959 1.4768 0.58081 1.9147 1.1439 1.1098 0.90403 2.4138 0.92293 0.90346 1.7203 0.0 0.56468 1.8508 0.47086 1.6368 0.84052 0.68594 2.344 0.82525 0.82194 1.6307 0.13851 1.4085 1.9945 1.784 1.3404 1.4885 1.8667 0.84052 0.32055 2.8302 1.3215 0.83797 1.4371 0.84052 3.211 0.84052 0.70077 1.7913 3.3201 0.61091 1.4231 1.8601 1.516 2.3558 1.2497 0.4757 1.0419 1.5797 1.5163 1.454 1.113 1.2977 1.2207 2.7494 0.7167 1.2138 2.2485 1.7854 2.1981 1.1949 0.91285 2.3818 0.84052 0.77742 2.3663 1.6817 0.94838 0.90853 0.98684 2.1557 1.5611 0.51859 1.4082 1.4885 0.86229 0.84052 0.39162 0.68375 1.5578 0.6469 2.3142 0.84052 0.98057 0.84052 0.78735 1.5843 1.2897 1.4846 1.6249 0.65116 0.0 0.0 2.0434 0.63155 2.6218 0.63155 0.43482 2.0434 2.6218 0.63155 2.3394 0.43482 2.0434 2.6218 0.63155 2.3394
1.2422 1.8309 1.3805 1.0202 1.5322 1.0131 1.1971 1.8526 1.0163 0.98219 0.40136 1.9501 1.6368 1.4004 1.2567 0.8508 0.0 1.3871 0.8572 1.1732 1.61 0.70428 1.8803 1.4416 0.31928 1.167 0.78884 0.94485 1.5308 1.631 0.87675 1.4168 1.403 1.61 1.1235 2.3665 2.0354 1.0213 0.97349 1.61 2.7473 1.61 1.1271 1.3276 2.8565 1.3248 0.9594 1.3965 1.2634 1.8921 1.9636 1.2276 0.9142 1.116 2.2302 2.1679 0.64934 0.83406 1.9346 2.2858 1.4306 1.8301 1.7848 1.9753 1.7345 1.5758 0.44919 1.9181 1.61 1.3938 1.9026 1.5286 1.4453 1.4054 0.85918 1.6921 1.4894 0.53693 0.94451 1.4168 1.5762 1.61 0.5063 0.84908 2.2717 1.4498 1.8506 1.61 1.4325 1.61 1.2393 1.5126 2.0036 2.1985 1.4718 1.4541 0.0 0.0 1.5797 1.2625 2.1581 1.2625 1.2377 1.5797 2.1581 1.2625 1.8757 1.2377 1.5797 2.1581 1.2625 1.8757
0.56511 1.1538 0.077386 0.38011 0.8551 0.37304 1.84 1.1755 1.1772 1.1431 1.1763 1.273 2.2017 1.4523 0.57959 1.4637 1.3099 0.0 1.5001 0.49606 1.6619 1.0352 1.2032 2.0845 1.0942 0.48995 1.4017 0.26775 0.2277 0.95386 0.19966 0.77475 0.015928 1.6619 1.5994 1.6894 2.2503 1.6642 0.29639 1.6619 2.0702 1.6619 1.77 0.65053 2.1794 1.8897 1.0173 0.71938 0.58628 1.215 2.3405 1.7545 1.0751 0.47589 2.6071 2.3828 0.70724 0.89197 2.4995 1.6087 1.9955 2.473 1.1077 1.2983 1.0574 0.89867 1.2241 1.241 1.6619 2.0367 1.2255 0.85154 1.3062 1.4573 1.0201 1.015 0.84735 1.0226 0.26741 0.77475 2.1411 1.6619 1.1492 1.492 2.6486 1.8187 1.3245 1.6619 1.3764 1.6619 1.2972 0.87051 2.3805 2.4134 0.79467 1.823 0.0 0.0 0.90264 1.3204 1.481 1.3204 1.5461 0.90264 1.481 1.3204 1.1986 1.5461 0.90264 1.481 1.3204 1.1986
1.5483 2.171 1.7205 1.3603 1.8723 1.3532 0.38521 2.1927 1.0203 0.98625 0.95743 2.2902 0.8249 1.1914 1.5967 0.56986 0.61808 1.7272 0.0 1.5132 1.1285 0.56234 2.2204 0.62965 0.87534 1.5071 0.50791 1.2849 1.8709 1.937 1.2168 1.5419 1.7431 1.1285 0.60852 2.7066 1.2235 0.45237 1.3135 1.1285 3.0874 1.1285 0.31517 1.6677 3.1965 0.51288 1.2995 1.7365 1.5694 2.2322 1.1516 0.41567 0.91826 1.4561 1.4182 1.356 0.9894 1.1741 1.1227 2.6258 0.61867 1.0182 2.1249 2.0824 2.0745 1.5668 0.78925 2.2582 1.1285 0.58182 2.2427 1.8347 1.2363 1.1965 0.86324 2.0321 1.6145 0.54981 1.2846 1.5419 0.76426 1.1285 0.44502 0.31215 1.4597 1.0189 2.1116 1.1285 1.3525 1.1285 1.1593 1.6377 1.1917 1.3866 1.7778 1.0231 0.0 0.0 1.9198 1.0035 2.4982 1.0035 0.72279 1.9198 2.4982 1.0035 2.2158 0.72279 1.9198 2.4982 1.0035 2.2158
1.1811 0.8518 1.1204 1.4231 1.2721 1.416 2.471 0.84849 2.2202 2.1861 1.9723 0.946 2.5387 1.7893 0.25259 2.0907 1.9369 1.127 2.3611 0.0 1.9989 2.0782 0.9012 2.7155 1.8902 0.90694 2.0287 1.3107 1.2707 0.75586 1.2427 1.3907 1.1429 1.9989 1.9364 1.3624 2.5633 2.5922 1.3394 1.9989 1.8562 1.9989 2.591 0.15448 1.9654 2.2267 1.6773 0.39238 1.2023 0.91304 2.6535 2.0915 2.1181 1.5189 2.9201 2.6958 1.7502 1.688 2.8365 1.2817 2.3325 3.104 0.78069 0.97125 1.4744 1.4567 2.0201 0.91399 1.9989 2.6677 1.6425 0.65353 1.6192 1.7943 2.0631 0.68798 1.4633 2.0656 1.3104 1.3907 2.4781 1.9989 2.0772 2.42 2.9616 2.1557 2.3675 1.9989 1.7134 1.9989 1.9242 1.4865 2.6935 2.7264 1.1187 2.16 0.0 0.0 0.57563 1.9474 1.4 1.9474 1.8831 0.57563 1.4 1.9474 0.89663 1.8831 0.57563 1.4 1.9474 0.89663
1.6845 2.3028 1.8523 1.7775 2.004 1.7704 1.2474 1.6184 1.7736 1.7395 1.1587 2.422 1.2281 0.23722 1.7285 0.84052 0.81931 1.8589 1.1375 1.645 0.0 1.4586 2.3522 1.4919 1.0766 1.6389 0.91114 1.7021 2.0026 1.4878 1.634 1.6781 1.8749 0.0 0.62575 2.8384 1.2262 1.5046 1.7308 0.0 3.2192 0.0 1.3674 1.7995 3.3283 0.91611 1.7167 1.7843 1.7057 2.364 1.1579 0.7809 1.6715 1.8733 1.4245 1.3588 1.4066 1.5914 1.2449 2.7576 0.67291 1.8804 2.2566 1.4892 2.2063 1.3451 1.2065 2.3899 0.0 1.4441 2.3744 1.3855 0.28214 0.20455 1.6165 2.1639 1.7507 1.2912 1.7018 1.6781 1.1675 0.0 1.1643 1.3504 1.466 0.8451 2.6079 0.0 1.1308 0.0 0.98555 1.7739 1.1979 1.3894 1.3286 0.84936 0.0 0.0 2.0516 0.82975 2.63 0.82975 0.57253 2.0516 2.63 0.82975 2.3476 0.57253 2.0516 2.63 0.82975 2.3476
1.1869 1.7756 1.3252 0.96492 1.4769 0.95785 1.6239 1.7973 0.96097 0.92689 1.0631 1.8948 2.0635 1.3451 1.2014 1.2775 1.1967 1.3318 1.2839 1.1179 1.5547 0.0 1.825 1.8683 0.98099 1.1117 1.2156 0.88955 1.4755 1.5757 0.82146 1.3616 1.3477 1.5547 1.4922 2.3112 2.3341 1.448 0.91819 1.5547 2.692 1.5547 1.5538 1.2723 2.8012 1.7515 0.9041 1.3412 1.2081 1.8369 2.3903 1.6473 0.85891 1.0607 2.6569 2.4666 0.59405 0.77877 2.3613 2.2305 1.8573 2.2568 1.7295 1.9201 1.6792 1.5205 0.3939 1.8628 1.5547 1.8205 1.8473 1.4733 1.39 1.3501 0.80389 1.6368 1.4342 0.80645 0.88921 1.3616 2.0029 1.5547 0.93301 1.2758 2.6984 1.7115 1.7953 1.5547 1.3772 1.5547 1.184 1.4573 2.4303 2.4972 1.4165 1.7158 0.0 0.0 1.5244 1.2072 2.1029 1.2072 1.4389 1.5244 2.1029 1.2072 1.8204 1.4389 1.5244 2.1029 1.2072 1.8204
0.92817 0.89086 0.44045 0.74317 0.59216 0.7361 2.2031 1.5386 1.5402 1.5061 1.5393 1.0911 2.5648 1.8153 0.94265 1.8268 1.673 0.44706 1.8632 0.85912 2.0249 1.3982 0.0 2.4475 1.4572 0.853 1.7648 0.63081 0.59076 1.3169 0.56272 1.1378 0.46299 2.0249 1.9624 1.5075 2.6134 2.0273 0.65945 2.0249 1.8073 2.0249 2.1331 1.0136 1.9164 2.2528 1.3804 1.0824 0.94934 0.011838 2.7035 2.1176 1.4382 0.83895 2.9701 2.7459 1.0703 1.255 2.8626 1.4267 2.3586 2.8361 1.3158 1.6613 0.79443 1.2617 1.5872 1.0591 2.0249 2.3997 0.96255 1.2146 1.6692 1.8204 1.3831 1.378 1.2104 1.3857 0.63047 1.1378 2.5042 2.0249 1.5123 1.855 3.0116 2.1818 1.6875 2.0249 1.7394 2.0249 1.6602 1.2336 2.7436 2.7765 1.1577 2.186 0.0 0.0 1.2657 1.6834 1.2181 1.6834 1.9092 1.2657 1.2181 1.6834 0.93569 1.9092 1.2657 1.2181 1.6834 0.93569
2.2722 2.9819 2.5315 2.1712 2.6832 2.1641 0.75115 2.5776 1.8313 1.7972 1.6984 3.1011 0.34885 1.5574 2.4077 0.94723 1.359 2.5381 0.9102 2.3242 1.4944 1.3733 3.0313 0.0 1.6163 2.318 1.0379 2.0959 2.6818 2.447 2.0278 2.2659 2.554 1.4944 0.97446 3.5175 1.412 0.83331 2.1245 1.4944 3.8983 1.4944 0.69611 2.4786 4.0075 0.87882 2.1104 2.5475 2.2934 3.0431 1.4286 0.78162 1.7292 2.267 0.98017 1.3952 1.8003 1.9851 0.6466 3.4368 0.98462 0.50812 2.9358 2.4484 2.8855 1.9328 1.6002 3.0691 1.4944 0.77276 3.0536 2.3446 1.6023 1.5624 1.6742 2.8431 2.3384 1.3608 2.0955 2.2659 1.1302 1.4944 1.256 1.1231 1.0217 1.3848 2.9226 1.4944 1.7185 1.4944 1.5253 2.3616 1.5576 1.3646 2.2878 1.3891 0.0 0.0 2.7307 1.3695 3.3092 1.3695 1.0887 2.7307 3.3092 1.3695 3.0267 1.0887 2.7307 3.3092 1.3695 3.0267
1.4814 2.0701 1.6197 1.2594 1.7714 1.2523 0.95432 2.0918 0.91943 0.88536 0.082083 2.1893 1.394 1.4635 1.4959 0.60797 0.65619 1.6263 0.61437 1.4123 1.4006 0.46145 2.1195 1.1988 0.0 1.4062 0.54602 1.184 1.77 1.8701 1.1159 1.58 1.6422 1.4006 0.88063 2.6057 1.7926 0.77848 1.2127 1.4006 2.9865 1.4006 0.88428 1.5668 3.0956 1.082 1.1986 1.6357 1.5026 2.1313 1.7207 0.98479 0.81738 1.3552 1.9873 1.9251 0.88852 1.0732 1.6918 2.5249 1.1878 1.5873 2.024 2.2145 1.9736 1.7549 0.68836 2.1573 1.4006 1.1509 2.1418 1.7678 1.5085 1.4686 0.76236 1.9313 1.6526 0.2941 1.1837 1.58 1.3334 1.4006 0.26348 0.60626 2.0288 1.207 2.0897 1.4006 1.5407 1.4006 1.3474 1.6758 1.7608 1.9557 1.7109 1.2112 0.0 0.0 1.8189 1.1916 2.3973 1.1916 0.9949 1.8189 2.3973 1.1916 2.1149 0.9949 1.8189 2.3973 1.1916 2.1149
1.1872 0.85791 1.1265 1.4292 1.2782 1.4222 2.4772 0.8546 2.2263 2.1922 1.9784 0.95211 2.5449 1.7954 0.2587 2.0968 1.943 1.1331 2.3672 0.0061122 2.005 2.0843 0.90732 2.7216 1.8963 0.0 2.0349 1.3169 1.2768 0.76197 1.2488 1.3969 1.149 2.005 1.9425 1.3685 2.5694 2.5983 1.3455 2.005 1.8623 2.005 2.5971 0.16059 1.9715 2.2328 1.6834 0.39849 1.2084 0.91915 2.6596 2.0976 2.1242 1.525 2.9262 2.7019 1.7564 1.6941 2.8426 1.2878 2.3386 3.1101 0.7868 0.97736 1.4805 1.4628 2.0262 0.9201 2.005 2.6738 1.6486 0.65965 1.6253 1.8004 2.0692 0.69409 1.4695 2.0718 1.3165 1.3969 2.4842 2.005 2.0833 2.4261 2.9677 2.1618 2.3736 2.005 1.7195 2.005 1.9303 1.4926 2.6996 2.7325 1.1248 2.1661 0.0 0.0 0.58174 1.9535 1.4062 1.9535 1.8893 0.58174 1.4062 1.9535 0.90274 1.8893 0.58174 1.4062 1.9535 0.90274
1.9062 2.5289 2.0785 1.7182 2.2302 1.7111 0.56713 2.3936 1.3782 1.3442 1.3154 2.6481 1.0068 1.3734 1.9547 0.76321 0.976 2.0851 0.45718 1.8711 1.3104 0.92026 2.5783 0.81157 1.2333 1.865 0.0 1.6428 2.2288 2.2629 1.5747 1.8998 2.101 1.3104 0.79044 3.0645 1.4054 0.82429 1.6715 1.3104 3.4453 1.3104 0.68709 2.0256 3.5545 0.6948 1.6574 2.0945 1.9274 2.5901 1.3336 0.5976 1.2762 1.814 1.6002 1.5379 1.3473 1.5321 1.3046 2.9837 0.8006 1.2001 2.4828 2.2643 2.4325 1.7488 1.1472 2.6161 1.3104 0.76374 2.6006 2.1606 1.4183 1.3784 1.2212 2.3901 1.9724 0.90773 1.6425 1.8998 0.94618 1.3104 0.80295 0.67007 1.6416 1.2008 2.4695 1.3104 1.5345 1.3104 1.3412 1.9956 1.3736 1.5685 2.1038 1.2051 0.0 0.0 2.2777 1.1854 2.8561 1.1854 0.90471 2.2777 2.8561 1.1854 2.5737 0.90471 2.2777 2.8561 1.1854 2.5737
1.0078 0.9705 0.52009 0.82281 0.6718 0.81574 2.2827 0.99219 1.6199 1.5858 1.619 1.0897 2.6444 1.895 0.39629 1.9064 1.7526 0.5267 1.9428 0.31276 2.1046 1.4779 1.0199 2.5272 1.5369 0.30665 1.8444 0.0 0.6704 0.89956 0.64236 1.2175 0.54263 2.1046 2.0421 1.5061 2.693 2.1069 0.73909 2.1046 1.8869 2.1046 2.2127 0.46723 1.9961 2.3324 1.46 0.53608 1.029 1.0317 2.7832 2.1972 1.5178 0.91859 3.0498 2.8255 1.1499 1.3347 2.9422 1.4254 2.4382 2.9157 0.92439 1.115 0.87407 1.3414 1.6668 1.0577 2.1046 2.4794 1.0422 0.79724 1.7489 1.9 1.4628 0.83168 1.29 1.4653 0.71011 1.2175 2.5838 2.1046 1.5919 1.9347 3.0913 2.2614 1.7672 2.1046 1.8191 2.1046 1.7399 1.3132 2.8232 2.8561 1.2374 2.2657 0.0 0.0 0.71934 1.7631 1.2977 1.7631 1.9888 0.71934 1.2977 1.7631 1.0153 1.9888 0.71934 1.2977 1.7631 1.0153
0.45723 1.0459 0.59551 0.89823 0.74722 0.89116 1.8052 1.0676 1.6953 1.6612 1.2484 1.1651 2.0939 1.3444 0.47171 1.4248 1.271 0.60212 1.6952 0.38818 1.554 1.5513 1.0953 2.0496 1.1663 0.38207 1.3629 0.15987 0.0 0.84598 0.091778 0.66687 0.61805 1.554 1.4915 1.5815 2.1424 1.8683 0.18851 1.554 1.9624 1.554 1.9251 0.54265 2.0715 1.7818 0.95342 0.6115 0.4784 1.1072 2.2326 1.6466 1.5932 0.99401 2.4992 2.2749 1.2254 0.96409 2.3916 1.5008 1.8876 2.4381 0.99981 1.1904 0.94949 0.79079 1.2962 1.1331 1.554 2.0018 1.1176 0.74366 1.1983 1.3495 1.5382 0.9071 0.73947 1.384 0.15953 0.66687 2.0332 1.554 1.3533 1.6961 2.5407 1.7108 1.8426 1.554 1.2685 1.554 1.2583 0.76263 2.2726 2.3055 0.68679 1.7151 0.0 0.0 0.79476 1.2815 1.3732 1.2815 1.4383 0.79476 1.3732 1.2815 1.0908 1.4383 0.79476 1.3732 1.2815 1.0908
0.50253 1.7062 1.2558 1.0595 1.4075 1.0525 1.8505 1.2429 1.8566 1.8225 1.2937 1.8254 2.1392 1.3897 1.132 1.4701 1.3163 1.2624 1.7405 1.0485 1.5993 1.5966 1.7556 2.0949 1.2116 1.0424 1.4082 0.98417 1.4061 0.0 0.91608 0.71217 1.2783 1.5993 1.5368 2.2418 2.1877 1.9136 1.0128 1.5993 2.6227 1.5993 1.9704 1.203 2.7318 1.8271 0.99872 1.2718 0.5237 1.7675 2.2779 1.6919 1.7545 1.1553 2.5445 2.3202 1.3867 1.0094 2.4369 2.1611 1.9329 2.4834 1.6601 1.3657 1.6098 0.83609 1.3415 1.7934 1.5993 2.0471 1.7779 0.78896 1.2436 1.3948 1.6995 1.5674 0.78477 1.4293 0.98383 0.71217 2.0785 1.5993 1.3986 1.7414 2.586 1.7561 2.0039 1.5993 1.3138 1.5993 1.3036 0.80793 2.3179 2.3508 0.73209 1.7604 0.0 0.0 1.4551 1.3268 2.0335 1.3268 1.4836 1.4551 2.0335 1.3268 1.7511 1.4836 1.4551 2.0335 1.3268 1.7511
1.0754 1.0381 0.58768 0.8904 0.73939 0.88333 2.3503 1.0598 1.6875 1.6534 1.6866 1.1573 2.712 1.9626 0.46388 1.974 1.8202 0.59429 2.0104 0.38035 2.1722 1.5455 1.0875 2.5948 1.6045 0.37424 1.912 0.15204 0.73799 0.96715 0.0 1.285 0.61022 2.1722 2.1097 1.5737 2.7606 2.1745 0.80668 2.1722 1.9545 2.1722 2.2803 0.53482 2.0637 2.4 1.5276 0.60367 1.0966 1.0993 2.8508 2.2648 1.5854 0.98618 3.1174 2.8931 1.2175 1.4023 3.0098 1.493 2.5058 2.9833 0.99199 1.1825 0.94166 1.409 1.7344 1.1253 2.1722 2.547 1.1098 0.86483 1.8165 1.9676 1.5304 0.89927 1.3576 1.5329 0.067752 1.285 2.6514 2.1722 1.6595 2.0023 3.1589 2.329 1.8348 2.1722 1.8867 2.1722 1.8074 1.3808 2.8908 2.9237 1.305 2.3333 0.0 0.0 0.78693 1.8307 1.3653 1.8307 2.0564 0.78693 1.3653 1.8307 1.0829 2.0564 0.78693 1.3653 1.8307 1.0829
0.62473 1.2134 0.763 0.40273 0.91472 0.39566 1.8627 1.2351 1.1998 1.1657 1.1989 1.3326 2.2304 1.4809 0.63921 1.4863 1.3325 0.76962 1.5227 0.55567 1.6905 1.0578 1.2628 2.1071 1.1168 0.54956 1.4244 0.32737 0.91332 1.0135 0.25927 0.0 0.78554 1.6905 1.628 1.749 2.3099 1.6868 0.35601 1.6905 2.1298 1.6905 1.7926 0.71015 2.239 1.9183 0.34192 0.779 0.6459 1.2747 2.4001 1.7831 1.0977 0.49851 2.6667 2.4424 0.72986 0.91458 2.5281 1.6683 2.0241 2.4956 1.1673 1.3579 1.117 0.95828 1.2467 1.3006 1.6905 2.0593 1.2851 0.91116 1.3658 1.486 1.0427 1.0746 0.90696 1.0453 0.32703 0.0 2.1697 1.6905 1.1718 1.5146 2.7082 1.8473 1.3471 1.6905 1.436 1.6905 1.3198 0.93013 2.4401 2.473 0.85429 1.8516 0.0 0.0 0.96225 1.343 1.5407 1.343 1.5748 0.96225 1.5407 1.343 1.2582 1.5748 0.96225 1.5407 1.343 1.2582
0.54918 1.1379 0.061458 0.36419 0.83917 0.35712 1.8241 1.1596 1.1612 1.1272 1.1603 1.2571 2.1858 1.4363 0.56366 1.4478 1.294 0.69407 1.4842 0.48013 1.646 1.0193 1.1873 2.0686 1.0783 0.47402 1.3858 0.25182 0.21177 0.93793 0.18373 0.75883 0.0 1.646 1.5834 1.6735 2.2344 1.6483 0.28046 1.646 2.0543 1.646 1.7541 0.6346 2.1634 1.8738 1.0014 0.70345 0.57035 1.1991 2.3245 1.7386 1.0592 0.45997 2.5911 2.3669 0.69132 0.87604 2.4836 1.5927 1.9796 2.4571 1.0918 1.2823 1.0414 0.88274 1.2082 1.2251 1.646 2.0207 1.2096 0.83561 1.2903 1.4414 1.0042 0.99905 0.83142 1.0067 0.25148 0.75883 2.1252 1.646 1.1333 1.4761 2.6326 1.8028 1.3085 1.646 1.3605 1.646 1.2812 0.85458 2.3646 2.3975 0.77874 1.807 0.0 0.0 0.88671 1.3044 1.4651 1.3044 1.5302 0.88671 1.4651 1.3044 1.1827 1.5302 0.88671 1.4651 1.3044 1.1827
1.6845 2.3028 1.8523 1.7775 2.004 1.7704 1.2474 1.6184 1.7736 1.7395 1.1587 2.422 1.2281 0.23722 1.7285 0.84052 0.81931 1.8589 1.1375 1.645 0.0 1.4586 2.3522 1.4919 1.0766 1.6389 0.91114 1.7021 2.0026 1.4878 1.634 1.6781 1.8749 0.0 0.62575 2.8384 1.2262 1.5046 1.7308 0.0 3.2192 0.0 1.3674 1.7995 3.3283 0.91611 1.7167 1.7843 1.7057 2.364 1.1579 0.7809 1.6715 1.8733 1.4245 1.3588 1.4066 1.5914 1.2449 2.7576 0.67291 1.8804 2.2566 1.4892 2.2063 1.3451 1.2065 2.3899 0.0 1.4441 2.3744 1.3855 0.28214 0.20455 1.6165 2.1639 1.7507 1.2912 1.7018 1.6781 1.1675 0.0 1.1643 1.3504 1.466 0.8451 2.6079 0.0 1.1308 0.0 0.98555 1.7739 1.1979 1.3894 1.3286 0.84936 0.0 0.0 2.0516 0.82975 2.63 0.82975 0.57253 2.0516 2.63 0.82975 2.3476 0.57253 2.0516 2.63 0.82975 2.3476
1.5285 2.3932 1.9428 1.6215 2.0945 1.6145 0.72747 1.7089 1.4166 1.3825 1.0027 2.5124 0.70816 0.68869 1.819 0.32055 0.66334 1.9494 0.61752 1.7355 0.62575 0.9586 2.4426 0.97191 0.92061 1.7294 0.41117 1.5462 2.0931 1.5783 1.4781 1.5222 1.9653 0.62575 0.0 2.9288 1.1067 0.98463 1.5748 0.62575 3.3097 0.62575 0.84743 1.89 3.4188 0.39614 1.5607 1.8748 1.5497 2.4545 1.0349 0.26093 1.3145 1.7173 1.3015 1.2392 1.2507 1.4354 1.0059 2.8481 0.50193 1.3604 2.3471 1.5797 2.2968 1.1891 1.0505 2.4804 0.62575 0.92408 2.4649 1.476 0.73361 0.69376 1.2595 2.2544 1.5948 0.79125 1.5458 1.5222 0.64752 0.62575 0.66428 0.83041 1.343 0.68913 2.4519 0.62575 0.97481 0.62575 0.82958 1.6179 1.0749 1.2698 1.4191 0.69339 0.0 0.0 2.1421 0.67378 2.7205 0.67378 0.22005 2.1421 2.7205 0.67378 2.4381 0.22005 2.1421 2.7205 0.67378 2.4381
1.2377 0.42937 0.74996 1.0527 0.90167 1.0456 2.5126 1.1441 1.8497 1.8157 1.8488 0.52357 2.8343 2.0848 0.54816 2.1363 1.9825 0.75657 2.1727 1.1686 2.2945 1.7077 0.47878 2.7571 1.7668 1.1625 2.0743 0.94032 0.90027 1.0514 0.87223 1.4473 0.7725 2.2945 2.2319 0.0 2.8589 2.3368 0.96896 2.2945 1.4338 2.2945 2.4426 1.3231 1.5429 2.5223 1.6899 0.68795 1.2589 0.49062 2.949 2.3871 1.7477 1.1485 3.2156 2.9914 1.3798 1.5645 3.1321 0.85924 2.6281 3.1456 0.35826 1.0398 1.1039 1.5712 1.8967 0.49156 2.2945 2.7092 1.2721 0.94911 1.9148 2.0899 1.6927 0.65955 1.5199 1.6952 0.93998 1.4473 2.7737 2.2945 1.8218 2.1646 3.2571 2.4513 1.997 2.2945 2.009 2.2945 1.9697 1.5431 2.9891 3.022 1.4142 2.4555 0.0 0.0 0.5472 1.9929 0.97762 1.9929 2.1787 0.5472 0.97762 1.9929 0.4742 2.1787 0.5472 0.97762 1.9929 0.4742
2.4085 3.0202 2.5697 2.5205 2.7215 2.5134 1.3084 2.3358 2.1805 2.1464 1.9246 3.1394 1.0831 1.1896 2.4459 1.2965 1.5853 2.5764 1.2595 2.3624 1.0297 1.7225 3.0696 1.3778 1.8425 2.3563 1.3871 2.4451 2.7201 2.2052 2.377 2.4021 2.5923 1.0297 1.0957 3.5558 0.0 1.3906 2.4737 1.0297 3.9366 1.0297 1.2534 2.5169 4.0457 1.0381 2.4597 2.5017 2.4296 3.0814 0.71582 0.90287 2.0785 2.6162 0.51631 0.32616 2.1496 2.3343 0.91485 3.475 0.70987 1.7664 2.974 2.2066 2.9237 2.069 1.9494 3.1073 1.0297 1.33 3.0918 2.1029 0.99954 1.1947 2.0234 2.8813 2.4747 1.71 2.4448 2.4021 1.2895 1.0297 1.6052 1.4723 0.67291 1.6111 3.2718 1.0297 1.8547 1.0297 1.7515 2.4979 0.78686 0.35677 2.046 1.6153 0.0 0.0 2.769 1.5957 3.3474 1.5957 1.21 2.769 3.3474 1.5957 3.065 1.21 2.769 3.3474 1.5957 3.065
2.5009 3.1236 2.6732 2.3129 2.8249 2.3058 1.2728 3.0993 1.9729 1.9389 1.9101 3.2428 0.87053 2.0791 2.5494 1.4689 1.5707 2.6798 0.99789 2.4658 2.0161 1.515 3.173 0.64128 1.828 2.4597 1.4605 2.2375 2.8235 2.8896 2.1694 2.4945 2.6957 2.0161 1.4961 3.6592 1.9337 0.0 2.2662 2.0161 4.04 2.0161 0.7458 2.6203 4.1492 1.4005 2.2521 2.6892 2.5221 3.1848 1.9503 1.3033 1.8709 2.4087 1.5019 1.9169 1.942 2.1268 1.1683 3.5785 1.5063 1.0298 3.0775 2.97 3.0272 2.4545 1.7419 3.2108 2.0161 1.2944 3.1953 2.7873 2.124 2.0841 1.8159 2.9848 2.5671 1.5024 2.2372 2.4945 1.6519 2.0161 1.3977 1.2648 1.5433 1.9065 3.0642 2.0161 2.2402 2.0161 2.0469 2.5903 2.0793 1.8863 2.7305 1.9108 0.0 0.0 2.8724 1.8911 3.4508 1.8911 1.6104 2.8724 3.4508 1.8911 3.1684 1.6104 2.8724 3.4508 1.8911 3.1684
0.33047 1.5342 1.0837 0.88747 1.2355 0.8804 1.6784 1.0709 1.6845 1.6504 1.1216 1.6534 1.9671 1.2176 0.95995 1.2981 1.1443 1.0904 1.5685 0.87642 1.4273 1.4245 1.5836 1.9228 1.0395 0.87031 1.2361 0.81211 1.2341 0.71922 0.74402 0.54011 1.1063 1.4273 1.3647 2.0698 2.0157 1.7416 0.0 1.4273 2.4506 1.4273 1.7984 1.0309 2.5597 1.6551 0.82666 1.0997 0.35164 1.5954 2.1058 1.5199 1.5825 0.98325 2.3724 2.1482 1.2146 0.83733 2.2649 1.989 1.7609 2.3114 1.4881 1.1936 1.4377 0.66403 1.1695 1.6214 1.4273 1.875 1.6059 0.6169 1.0715 1.2227 1.5274 1.3953 0.61271 1.2572 0.81177 0.54011 1.9065 1.4273 1.2266 1.5693 2.4139 1.5841 1.8318 1.4273 1.1417 1.4273 1.1315 0.63587 2.1459 2.1788 0.56003 1.5883 0.0 0.0 1.283 1.1547 1.8614 1.1547 1.3115 1.283 1.8614 1.1547 1.579 1.3115 1.283 1.8614 1.1547 1.579
1.6845 2.3028 1.8523 1.7775 2.004 1.7704 1.2474 1.6184 1.7736 1.7395 1.1587 2.422 1.2281 0.23722 1.7285 0.84052 0.81931 1.8589 1.1375 1.645 0.0 1.4586 2.3522 1.4919 1.0766 1.6389 0.91114 1.7021 2.0026 1.4878 1.634 1.6781 1.8749 0.0 0.62575 2.8384 1.2262 1.5046 1.7308 0.0 3.2192 0.0 1.3674 1.7995 3.3283 0.91611 1.7167 1.7843 1.7057 2.364 1.1579 0.7809 1.6715 1.8733 1.4245 1.3588 1.4066 1.5914 1.2449 2.7576 0.67291 1.8804 2.2566 1.4892 2.2063 1.3451 1.2065 2.3899 0.0 1.4441 2.3744 1.3855 0.28214 0.20455 1.6165 2.1639 1.7507 1.2912 1.7018 1.6781 1.1675 0.0 1.1643 1.3504 1.466 0.8451 2.6079 0.0 1.1308 0.0 0.98555 1.7739 1.1979 1.3894 1.3286 0.84936 0.0 0.0 2.0516 0.82975 2.63 0.82975 0.57253 2.0516 2.63 0.82975 2.3476 0.57253 2.0516 2.63 0.82975 2.3476
1.6432 0.83489 1.1555 1.4582 1.3072 1.4511 2.9181 1.5496 2.1802 2.1462 2.2544 0.24002 3.2398 2.4904 0.95367 2.5418 2.388 1.1621 2.5782 1.5741 2.7 2.1133 0.88429 3.1626 2.1723 1.568 2.4798 1.3458 1.3058 1.4569 1.2777 1.8528 1.178 2.7 2.6374 0.95551 3.2644 2.7423 1.3745 2.7 0.0 2.7 2.8481 1.7286 0.10914 2.9278 2.0954 1.0935 1.6644 0.89613 3.3546 2.7926 2.1532 1.554 3.6212 3.3969 1.7853 1.9701 3.5376 0.46875 3.0336 3.5511 0.76378 1.4453 0.74446 1.9768 2.3022 0.27203 2.7 3.1147 0.91258 1.3546 2.3203 2.4954 2.0982 1.0651 1.9254 2.1007 1.3455 1.8528 3.1792 2.7 2.2273 2.5701 3.6626 2.8568 1.9705 2.7 2.4145 2.7 2.3752 1.9486 3.3946 3.4275 1.8198 2.8611 0.0 0.0 0.95272 2.3984 0.58713 2.3984 2.5842 0.95272 0.58713 2.3984 0.87972 2.5842 0.95272 0.58713 2.3984 0.87972
1.6845 2.3028 1.8523 1.7775 2.004 1.7704 1.2474 1.6184 1.7736 1.7395 1.1587 2.422 1.2281 0.23722 1.7285 0.84052 0.81931 1.8589 1.1375 1.645 0.0 1.4586 2.3522 1.4919 1.0766 1.6389 0.91114 1.7021 2.0026 1.4878 1.634 1.6781 1.8749 0.0 0.62575 2.8384 1.2262 1.5046 1.7308 0.0 3.2192 0.0 1.3674 1.7995 3.3283 0.91611 1.7167 1.7843 1.7057 2.364 1.1579 0.7809 1.6715 1.8733 1.4245 1.3588 1.4066 1.5914 1.2449 2.7576 0.67291 1.8804 2.2566 1.4892 2.2063 1.3451 1.2065 2.3899 0.0 1.4441 2.3744 1.3855 0.28214 0.20455 1.6165 2.1639 1.7507 1.2912 1.7018 1.6781 1.1675 0.0 1.1643 1.3504 1.466 0.8451 2.6079 0.0 1.1308 0.0 0.98555 1.7739 1.1979 1.3894 1.3286 0.84936 0.0 0.0 2.0516 0.82975 2.63 0.82975 0.57253 2.0516 2.63 0.82975 2.3476 0.57253 2.0516 2.63 0.82975 2.3476
1.8182 2.4409 1.9905 1.6302 2.1422 1.6231 0.65512 2.4626 1.2902 1.2562 1.2273 2.5601 0.72981 1.4613 1.8667 0.83977 0.88799 1.9971 0.31517 1.7831 1.3984 0.83225 2.4903 0.50056 1.1453 1.777 0.77782 1.5548 2.1408 2.2069 1.4867 1.8118 2.013 1.3984 0.87843 2.9765 1.4934 0.20028 1.5835 1.3984 3.3573 1.3984 0.0 1.9376 3.4664 0.78279 1.5694 2.0064 1.8393 2.5021 1.4215 0.68558 1.1882 1.726 1.3611 1.6259 1.2593 1.444 1.0276 2.8957 0.88858 0.88909 2.3948 2.3523 2.3444 1.8367 1.0592 2.5281 1.3984 0.85173 2.5126 2.1046 1.5063 1.4664 1.1332 2.302 1.8844 0.81971 1.5545 1.8118 1.0342 1.3984 0.71493 0.58206 1.4026 1.2888 2.3815 1.3984 1.6225 1.3984 1.4292 1.9076 1.4616 1.6565 2.0477 1.293 0.0 0.0 2.1897 1.2734 2.7681 1.2734 0.9927 2.1897 2.7681 1.2734 2.4857 0.9927 2.1897 2.7681 1.2734 2.4857
1.0266 0.69732 0.96591 1.2686 1.1176 1.2616 2.3166 0.69401 2.0657 2.0316 1.8178 0.79152 2.3843 1.6348 0.098111 1.9362 1.7824 0.97252 2.2066 0.75858 1.8444 1.9237 0.74673 2.561 1.7357 0.75247 1.8743 1.1563 1.1162 0.60138 1.0882 1.2363 0.98845 1.8444 1.7819 1.2079 2.4088 2.4377 1.1849 1.8444 1.7018 1.8444 2.4365 0.0 1.8109 2.0722 1.5228 0.2379 1.0478 0.75857 2.499 1.937 1.9636 1.3644 2.7656 2.5413 1.5958 1.5335 2.682 1.1272 2.178 2.9495 0.62622 0.81677 1.3199 1.3022 1.8656 0.75951 1.8444 2.5132 1.488 0.49906 1.4647 1.6399 1.9086 0.5335 1.3089 1.9112 1.1559 1.2363 2.3236 1.8444 1.9227 2.2655 2.8071 2.0012 2.213 1.8444 1.5589 1.8444 1.7697 1.332 2.539 2.5719 0.96419 2.0055 0.0 0.0 0.42116 1.7929 1.2456 1.7929 1.7287 0.42116 1.2456 1.7929 0.74215 1.7287 0.42116 1.2456 1.7929 0.74215
1.5341 0.72575 1.0463 1.3491 1.1981 1.342 2.809 1.4404 2.0711 2.037 2.1452 0.13089 3.1307 2.3812 0.84454 2.4326 2.2789 1.0529 2.469 1.465 2.5908 2.0041 0.77516 3.0534 2.0631 1.4589 2.3707 1.2367 1.1966 1.3478 1.1686 1.7437 1.0689 2.5908 2.5283 0.84637 3.1552 2.6332 1.2653 2.5908 0.90918 2.5908 2.739 1.6195 0.0 2.8187 1.9862 0.98433 1.5552 0.78699 3.2454 2.6835 2.0441 1.4448 3.512 3.2878 1.6762 1.8609 3.4284 0.35962 2.9245 3.442 0.65464 1.3362 0.63532 1.8676 2.193 0.1629 2.5908 3.0056 0.80344 1.2455 2.2111 2.3863 1.989 0.95593 1.8163 1.9916 1.2364 1.7437 3.07 2.5908 2.1182 2.4609 3.5535 2.7477 1.8614 2.5908 2.3053 2.5908 2.2661 1.8395 3.2855 3.3184 1.7106 2.7519 0.0 0.0 0.84358 2.2893 0.478 2.2893 2.4751 0.84358 0.478 2.2893 0.77058 2.4751 0.84358 0.478 2.2893 0.77058
2.2431 3.0558 2.6054 2.2451 2.7571 2.2381 1.0941 2.4235 1.9052 1.8711 1.7173 3.175 1.0748 1.1453 2.4816 1.0211 1.3779 2.612 0.98412 2.3981 0.98535 1.4472 3.1052 1.3385 1.6352 2.392 1.1118 2.1698 2.7557 2.2929 2.1017 2.2368 2.6279 0.98535 0.82038 3.5914 0.98531 1.3512 2.1984 0.98535 3.9723 0.98535 1.214 2.5526 4.0814 0.0 2.1843 2.5894 2.2643 3.1171 0.91349 0.62753 1.8031 2.3409 1.1801 1.1178 1.8743 2.059 0.95252 3.5107 0.38053 1.727 3.0097 2.2943 2.9594 1.9037 1.6741 3.143 0.98535 1.2907 3.1275 2.1906 1.1902 1.1504 1.7481 2.917 2.3094 1.4347 2.1694 2.2368 0.25138 0.98535 1.3299 1.197 1.2216 1.4037 2.9965 0.98535 1.6894 0.98535 1.5442 2.3325 0.95353 1.1484 2.1337 1.408 0.0 0.0 2.8047 1.3884 3.3831 1.3884 0.93465 2.8047 3.3831 1.3884 3.1006 0.93465 2.8047 3.3831 1.3884 3.1006
0.44904 1.0377 0.58732 0.89004 0.73903 0.88297 1.797 1.0594 1.6871 1.653 1.2402 1.1569 2.0857 1.3362 0.46352 1.4166 1.2629 0.59393 1.687 0.37999 1.5458 1.5431 1.0871 2.0414 1.1581 0.37388 1.3547 0.15168 0.73763 0.83779 0.083588 0.65868 0.60986 1.5458 1.4833 1.5734 2.1342 1.8601 0.18032 1.5458 1.9542 1.5458 1.9169 0.53446 2.0633 1.7737 0.0 0.60331 0.47021 1.099 2.2244 1.6384 1.585 0.98582 2.491 2.2667 1.2172 0.9559 2.3834 1.4926 1.8794 2.43 0.99162 1.1822 0.9413 0.7826 1.288 1.1249 1.5458 1.9936 1.1094 0.73547 1.1901 1.3413 1.53 0.89891 0.73128 1.3758 0.15134 0.65868 2.025 1.5458 1.3451 1.6879 2.5325 1.7026 1.8344 1.5458 1.2603 1.5458 1.2501 0.75444 2.2644 2.2973 0.6786 1.7069 0.0 0.0 0.78657 1.2733 1.365 1.2733 1.4301 0.78657 1.365 1.2733 1.0826 1.4301 0.78657 1.365 1.2733 1.0826
1.4042 1.3149 1.3435 1.6462 1.4952 1.6391 2.1722 0.54959 2.4433 2.4092 1.9774 1.4091 2.2398 1.4904 1.2197 1.7918 1.638 1.3501 2.0622 1.1362 1.7 2.2773 1.3643 2.4166 1.8953 1.13 1.7298 1.5339 1.4938 0.97896 1.4658 1.6139 1.366 1.7 1.6375 1.8255 2.2644 2.4293 1.5625 1.7 2.3193 1.7 2.2921 1.2906 2.4285 1.9278 1.9004 0.0 1.4254 1.3761 2.3546 1.7926 2.3412 1.742 2.6212 2.3969 1.9733 1.9111 2.5376 1.7448 2.0336 2.8051 1.2438 0.67235 1.6975 1.1578 2.0252 1.3771 1.7 2.3688 1.8656 0.87664 1.3203 1.4954 2.2862 1.1511 1.6864 2.1099 1.5335 1.6139 2.1792 1.7 1.983 2.2751 2.6627 1.8568 2.5906 1.7 1.4145 1.7 1.6253 1.7096 2.3946 2.4275 0.81977 1.8611 0.0 0.0 1.0387 1.6485 1.8632 1.6485 1.5842 1.0387 1.8632 1.6485 1.3597 1.5842 1.0387 1.8632 1.6485 1.3597
0.86958 1.2593 0.80886 1.1116 0.96057 1.1045 2.2175 0.79596 1.9086 1.8746 1.6607 1.3785 2.4862 1.7367 0.68506 1.8372 1.6834 0.81547 2.1076 0.60153 1.9464 1.7666 1.3087 2.462 1.5787 0.59541 1.7752 0.99922 0.95917 0.44433 0.93113 1.0792 0.8314 1.9464 1.8838 1.7949 2.5108 2.2807 1.0279 1.9464 2.1757 1.9464 2.3375 0.756 2.2848 2.1742 1.3658 0.82485 0.0 1.3205 2.6009 2.039 1.8066 1.2074 2.8675 2.6433 1.4387 1.3764 2.784 1.7141 2.28 2.8505 1.2132 0.91872 1.1628 1.2031 1.7086 1.3465 1.9464 2.4141 1.331 0.34201 1.5667 1.7418 1.7516 1.1204 1.1518 1.7541 0.99888 1.0792 2.4256 1.9464 1.7657 2.1085 2.909 2.1032 2.0559 1.9464 1.6609 1.9464 1.6706 1.175 2.641 2.6739 0.28514 2.1074 0.0 0.0 1.0081 1.6938 1.5865 1.6938 1.8306 1.0081 1.5865 1.6938 1.3041 1.8306 1.0081 1.5865 1.6938 1.3041
0.91633 0.87902 0.42861 0.73133 0.58032 0.72426 2.1913 1.5267 1.5284 1.4943 1.5275 1.0792 2.553 1.8035 0.93081 1.8149 1.6611 0.43522 1.8513 0.84728 2.0131 1.3864 0.92843 2.4357 1.4454 0.84117 1.753 0.61897 0.57892 1.3051 0.55088 1.126 0.45115 2.0131 1.9506 1.4956 2.6015 2.0154 0.64761 2.0131 1.7955 2.0131 2.1212 1.0018 1.9046 2.2409 1.3685 1.0706 0.9375 0.0 2.6917 2.1057 1.4263 0.82712 2.9583 2.734 1.0585 1.2432 2.8507 1.4149 2.3467 2.8242 1.3039 1.6495 0.78259 1.2499 1.5753 1.0472 2.0131 2.3879 0.95072 1.2028 1.6574 1.8086 1.3713 1.3662 1.1986 1.3739 0.61863 1.126 2.4923 2.0131 1.5004 1.8432 2.9998 2.1699 1.6757 2.0131 1.7276 2.0131 1.6484 1.2217 2.7317 2.7646 1.1459 2.1742 0.0 0.0 1.2539 1.6716 1.2063 1.6716 1.8974 1.2539 1.2063 1.6716 0.92385 1.8974 1.2539 1.2063 1.6716 0.92385
2.6571 3.2688 2.8184 2.6761 2.9701 2.6691 1.3851 2.5845 2.3362 2.3021 2.1483 3.388 1.1598 1.4383 2.6946 1.4522 1.8089 2.825 1.4151 2.6111 1.2784 1.8782 3.3182 1.4545 2.0662 2.605 1.5428 2.6008 2.9687 2.4539 2.5327 2.6508 2.8409 1.2784 1.2514 3.8044 0.77592 1.4672 2.6294 1.2784 4.1853 1.2784 1.33 2.7656 4.2944 1.1937 2.6153 2.7504 2.6783 3.3301 0.0 1.0585 2.2341 2.7719 0.34409 0.7591 2.3053 2.49 0.99152 3.7237 0.86554 1.843 3.2227 2.4553 3.1724 2.3177 2.1051 3.356 1.2784 1.4067 3.3405 2.3516 1.2482 1.4434 2.1791 3.13 2.7234 1.8657 2.6004 2.6508 1.4451 1.2784 1.7609 1.628 0.38558 1.8347 3.4275 1.2784 2.1034 1.2784 1.9752 2.7465 0.94253 0.72849 2.2947 1.839 0.0 0.0 3.0177 1.8194 3.5961 1.8194 1.3656 3.0177 3.5961 1.8194 3.3137 1.3656 3.0177 3.5961 1.8194 3.3137
1.7918 2.5015 2.0511 1.6908 2.2028 1.6837 0.53973 2.1722 1.3508 1.3168 1.2179 2.6207 0.97942 1.1609 1.9273 0.46681 0.8786 2.0577 0.42978 1.8437 1.098 0.89286 2.5509 0.78417 1.1359 1.8376 0.55743 1.6154 2.2014 2.0415 1.5473 1.7854 2.0736 1.098 0.57804 3.0371 1.378 0.79689 1.6441 1.098 3.4179 1.098 0.65969 1.9982 3.527 0.6674 1.63 2.0671 1.813 2.5627 1.3061 0.0 1.2488 1.7866 1.5727 1.5105 1.3199 1.5046 1.2772 2.9563 0.77319 1.1727 2.4554 2.0429 2.4051 1.4523 1.1198 2.5887 1.098 0.73634 2.5732 1.9392 1.2059 1.166 1.1938 2.3627 1.858 0.88032 1.6151 1.7854 0.91877 1.098 0.77554 0.64267 1.6142 0.90439 2.4421 1.098 1.2381 1.098 1.0448 1.8812 1.3462 1.5411 1.8823 0.90865 0.0 0.0 2.2503 0.88904 2.8287 0.88904 0.69231 2.2503 2.8287 0.88904 2.5463 0.69231 2.2503 2.8287 0.88904 2.5463
1.8422 2.2899 1.6965 1.6202 1.9912 1.6132 1.6272 2.4526 0.65629 0.62222 1.6684 2.3701 2.0669 2.0004 1.8567 1.2808 1.329 1.9871 1.2872 1.7732 2.0735 0.82231 2.3393 1.8716 1.5863 1.7671 1.2189 1.5449 1.8468 2.231 1.4768 2.0169 2.0031 2.0735 1.5535 2.9066 2.4654 1.4513 1.5735 2.0735 2.7874 2.0735 1.5571 1.9277 2.8965 1.7548 1.5594 1.9965 1.8634 2.3512 2.3936 1.6576 0.0 1.286 2.6602 2.5979 1.2494 1.4341 2.3646 2.5988 1.8606 2.2601 2.3848 2.5754 2.1935 2.1758 1.0492 2.4021 2.0735 1.8238 2.3616 2.1287 2.0453 2.0055 0.49921 2.2921 2.0895 0.80977 1.5445 2.0169 2.0062 2.0735 0.93633 1.2791 2.7017 1.8798 1.7466 2.0735 2.0325 2.0735 1.8393 2.1126 2.4336 2.6285 2.0718 1.8841 0.0 0.0 2.1798 1.8625 2.1982 1.8625 1.6678 2.1798 2.1982 1.8625 2.3348 1.6678 2.1798 2.1982 1.8625 2.3348
0.97536 1.0811 0.48764 0.79037 0.78235 0.7833 2.2503 1.5857 1.5874 1.5533 1.5865 1.2813 2.612 1.8625 0.98984 1.874 1.7202 1.1203 1.9104 0.90631 2.0721 1.4454 1.1305 2.4947 1.5044 0.9002 1.812 0.678 0.63795 1.3641 0.60991 1.185 1.1362 2.0721 2.0096 1.6977 2.6605 2.0745 0.70664 2.0721 1.9975 2.0721 2.1803 1.0608 2.1066 2.3 1.4276 1.1296 0.99653 1.1423 2.7507 2.1648 1.4854 0.0 3.0173 2.7931 1.1175 1.3022 2.9098 1.6169 2.4058 2.8833 1.5059 1.7085 0.98463 1.3089 1.6343 1.2492 2.0721 2.4469 1.1527 1.2618 1.7164 1.8676 1.4303 1.4252 1.2576 1.4329 0.67766 1.185 2.5514 2.0721 1.5595 1.9022 3.0588 2.229 1.7347 2.0721 1.7866 2.0721 1.7074 1.2808 2.7908 2.8237 1.2049 2.2332 0.0 0.0 1.3129 1.7306 1.4083 1.7306 1.9564 1.3129 1.4083 1.7306 1.1259 1.9564 1.3129 1.4083 1.7306 1.1259
2.4811 3.0928 2.6424 2.5001 2.7941 2.4931 1.2091 2.4085 2.1602 2.1261 1.9723 3.212 0.98376 1.2623 2.5186 1.2761 1.6329 2.649 1.2391 2.4351 1.1023 1.7022 3.1422 1.2785 1.8902 2.429 1.3668 2.4248 2.7927 2.2779 2.3567 2.4748 2.6649 1.1023 1.0754 3.6284 0.71502 1.2912 2.4534 1.1023 4.0092 1.1023 1.154 2.5895 4.1184 1.0177 2.4393 2.5744 2.5023 3.1541 0.61648 0.88253 2.0581 2.5959 0.0 0.6982 2.1293 2.314 0.81551 3.5477 0.68953 1.667 3.0467 2.2793 2.9964 2.1417 1.9291 3.18 1.1023 1.2307 3.1645 2.1756 1.0722 1.2674 2.0031 2.954 2.5474 1.6897 2.4244 2.4748 1.2691 1.1023 1.5849 1.452 0.32469 1.6587 3.2515 1.1023 1.9274 1.1023 1.7992 2.5705 0.76652 0.66759 2.1187 1.663 0.0 0.0 2.8416 1.6434 3.4201 1.6434 1.1896 2.8416 3.4201 1.6434 3.1376 1.1896 2.8416 3.4201 1.6434 3.1376
2.541 3.1527 2.7023 2.653 2.854 2.6459 1.4759 2.4684 2.313 2.279 2.0571 3.2719 1.2506 1.3221 2.5785 1.429 1.7178 2.7089 1.392 2.4949 1.1622 1.855 3.2021 1.5454 1.9751 2.4888 1.5196 2.5776 2.8526 2.3377 2.5095 2.5346 2.7248 1.1622 1.2282 3.6883 0.25516 1.5581 2.6063 1.1622 4.0691 1.1622 1.4209 2.6494 4.1782 1.1706 2.5922 2.6342 2.5621 3.2139 0.88333 1.0354 2.211 2.7488 0.68382 0.0 2.2821 2.4668 1.0824 3.6075 0.84238 1.9339 3.1066 2.3391 3.0562 2.2015 2.082 3.2399 1.1622 1.4975 3.2244 2.2354 1.1321 1.3272 2.156 3.0138 2.6072 1.8425 2.5773 2.5346 1.422 1.1622 1.7377 1.6049 0.84043 1.7436 3.4043 1.1622 1.9873 1.1622 1.884 2.6304 0.91937 0.030607 2.1785 1.7478 0.0 0.0 2.9015 1.7282 3.4799 1.7282 1.3425 2.9015 3.4799 1.7282 3.1975 1.3425 2.9015 3.4799 1.7282 3.1975
0.89389 2.0186 1.5682 1.2079 1.7199 1.2008 1.2568 1.6343 1.2039 1.1699 0.58905 2.1378 1.6205 0.87106 1.4444 0.87648 0.72271 1.5748 1.0449 1.3608 1.0807 0.89196 2.068 1.5013 0.50697 1.3547 0.81453 1.1325 1.7185 1.2826 1.0644 0.88754 1.5907 1.0807 1.0181 2.5542 1.8601 1.209 1.1612 1.0807 2.935 1.0807 1.3148 1.5153 3.0442 1.3085 1.1471 1.5842 0.91507 2.0798 1.9473 1.1733 1.1019 1.3037 2.2139 1.9926 0.0 0.30475 1.9183 2.4735 1.4143 1.8898 1.9725 1.708 1.9222 1.1175 0.63687 2.1058 1.0807 1.4534 2.0903 1.1803 0.91597 0.87613 1.0469 1.8798 0.96013 0.72462 1.1322 0.88754 1.5599 1.0807 0.69399 1.0368 2.2553 1.2375 2.0382 1.0807 0.90317 1.0807 0.70994 0.9833 1.9873 2.0232 1.1235 1.2418 0.0 0.0 1.7674 0.73314 2.3458 0.73314 0.96493 1.7674 2.3458 0.73314 2.0634 0.96493 1.7674 2.3458 0.73314 2.0634
0.71047 1.8622 1.4117 1.0515 1.5635 1.0444 1.0734 1.4508 1.4935 1.4594 0.87862 1.9814 1.4371 0.68763 1.2879 0.69305 0.53928 1.4184 0.96346 1.2044 0.89725 1.1785 1.9116 1.3178 0.79654 1.1983 0.6311 0.97611 1.5621 1.0992 0.90801 0.70411 1.4343 0.89725 0.83472 2.3978 1.6767 1.3306 1.0047 0.89725 2.7786 0.89725 1.1934 1.3589 2.8877 1.1251 0.99066 1.4277 0.73164 1.9234 1.7638 0.98987 1.3915 1.1472 2.0304 1.8092 1.1266 0.0 1.7349 2.317 1.2309 1.7064 1.8161 1.5246 1.7657 0.93402 0.92645 1.9493 0.89725 1.27 1.9339 0.99689 0.73254 0.6927 1.3364 1.7233 0.7767 1.0112 0.97577 0.70411 1.3765 0.89725 0.88422 1.1763 2.0719 1.0541 1.9958 0.89725 0.71974 0.89725 0.52651 0.79987 1.8039 1.8398 0.94003 1.0583 0.0 0.0 1.611 0.54972 2.1894 0.54972 0.7815 1.611 2.1894 0.54972 1.907 0.7815 1.611 2.1894 0.54972 1.907
2.7086 3.3203 2.8698 2.7276 3.0216 2.7205 1.4365 2.636 2.3876 2.3536 2.1997 3.4395 1.2112 1.4897 2.7461 1.5036 1.8604 2.8765 1.4666 2.6625 1.3298 1.9296 3.3697 1.506 2.1176 2.6564 1.5942 2.6522 3.0202 2.5053 2.5841 2.7022 2.8924 1.3298 1.3028 3.8559 0.82736 1.5187 2.6809 1.3298 4.2367 1.3298 1.3815 2.817 4.3458 1.2452 2.6668 2.8018 2.7297 3.3815 0.84393 1.11 2.2856 2.8234 0.39553 0.81054 2.3567 2.5414 0.0 3.7751 0.91698 1.8945 3.2742 2.5067 3.2238 2.3691 2.1566 3.4075 1.3298 1.4581 3.392 2.403 1.2997 1.4948 2.2305 3.1814 2.7748 1.9171 2.6519 2.7022 1.4966 1.3298 1.8123 1.6795 0.43702 1.8862 3.4789 1.3298 2.1548 1.3298 2.0266 2.798 0.99397 0.77993 2.3461 1.8904 0.0 0.0 3.0691 1.8708 3.6475 1.8708 1.4171 3.0691 3.6475 1.8708 3.3651 1.4171 3.0691 3.6475 1.8708 3.3651
1.256 0.44771 0.7683 1.071 0.92001 1.064 2.531 1.1624 1.7871 1.753 1.8672 0.64791 2.8527 2.1032 0.5665 2.1546 2.0008 0.77491 2.191 1.187 2.3128 1.7261 0.49712 2.7754 1.7851 1.1809 2.0927 0.95866 0.91861 1.0698 0.89057 1.4657 0.79084 2.3128 2.2503 1.0643 2.8772 2.3551 0.9873 2.3128 1.5581 2.3128 2.4609 1.3414 1.6673 2.5406 1.7082 0.70629 1.2772 0.50896 2.9674 2.4054 1.766 1.1668 3.234 3.0097 1.3982 1.5829 3.1504 0.0 2.6464 3.1639 0.87261 1.2852 0.35128 1.5896 1.915 0.61591 2.3128 2.7276 0.51941 0.96745 1.9331 2.1083 1.711 1.0019 1.5383 1.7136 0.95832 1.4657 2.792 2.3128 1.8401 2.1829 3.2755 2.4696 1.5774 2.3128 2.0273 2.3128 1.9881 1.5614 3.0074 3.0403 1.4326 2.4739 0.0 0.0 0.88955 2.0113 0.19396 2.0113 2.1971 0.88955 0.19396 2.0113 0.49254 2.1971 0.88955 0.19396 2.0113 0.49254
1.9307 2.7434 2.293 1.9327 2.4447 1.9256 0.78162 2.1111 1.5927 1.5587 1.4048 2.8626 0.76232 0.83285 2.1692 0.7087 1.0655 2.2996 0.67167 2.0856 0.67291 1.1348 2.7928 1.0261 1.3228 2.0795 0.79932 1.8573 2.4433 1.9804 1.7892 1.9243 2.3155 0.67291 0.50793 3.279 0.67287 1.0388 1.886 0.67291 3.6598 0.67291 0.90158 2.2401 3.7689 0.45029 1.8719 2.277 1.9519 2.8046 0.60104 0.31509 1.4907 2.0285 0.86764 0.80538 1.5618 1.7465 0.64007 3.1982 0.0 1.4146 2.6973 1.9818 2.6469 1.5912 1.3617 2.8306 0.67291 0.97823 2.8151 1.8781 0.87776 0.83792 1.4357 2.6046 1.9969 1.1222 1.857 1.9243 0.70167 0.67291 1.0174 0.88456 0.90914 1.0913 2.684 0.67291 1.377 0.67291 1.2317 2.0201 0.64108 0.83599 1.8212 1.0955 0.0 0.0 2.4922 1.0759 3.0706 1.0759 0.6222 2.4922 3.0706 1.0759 2.7882 0.6222 2.4922 3.0706 1.0759 2.7882
1.8956 2.6052 2.1548 1.7946 2.3065 1.7875 0.37449 2.2009 1.4546 1.4205 1.3217 2.7244 0.67319 1.1807 2.031 0.57057 0.98236 2.1614 0.53354 1.9475 1.1178 0.99662 2.6547 0.44393 1.2396 1.9414 0.66119 1.7192 2.3051 2.0703 1.6511 1.8892 2.1774 1.1178 0.5978 3.1409 1.2127 0.45665 1.7478 1.1178 3.5217 1.1178 0.31945 2.102 3.6308 0.50216 1.7337 2.1708 1.9167 2.6665 1.1409 0.40496 1.3525 1.8903 1.3045 1.3453 1.4237 1.6084 0.97094 3.0601 0.60796 0.0 2.5591 2.0717 2.5088 1.5561 1.2235 2.6924 1.1178 0.3961 2.6769 1.968 1.2256 1.1858 1.2975 2.4664 1.9618 0.98409 1.7189 1.8892 0.75354 1.1178 0.87931 0.74643 1.346 1.0082 2.5459 1.1178 1.3418 1.1178 1.1486 1.985 1.181 1.3759 1.9111 1.0124 0.0 0.0 2.3541 0.9928 2.9325 0.9928 0.71207 2.3541 2.9325 0.9928 2.6501 0.71207 2.3541 2.9325 0.9928 2.6501
1.0478 0.23947 0.56006 0.86278 0.71177 0.85571 2.3227 0.95416 1.6598 1.6258 1.6589 1.0517 2.6444 1.8949 0.35826 1.9464 1.7926 0.56667 1.9828 0.97873 2.1046 1.5178 0.28888 2.5672 1.5769 0.97261 1.8844 0.75042 0.71037 0.86153 0.68233 1.2574 0.5826 2.1046 2.042 1.4681 2.669 2.1469 0.77906 2.1046 1.9269 2.1046 2.2527 1.1332 2.036 2.3324 1.5 0.49805 1.069 0.30072 2.7591 2.1972 1.5578 0.95856 3.0257 2.8015 1.1899 1.3746 2.9422 1.3873 2.4382 2.9557 0.0 1.0769 0.91404 1.3813 1.7068 1.0197 2.1046 2.5193 1.0822 0.75921 1.7249 1.9 1.5028 0.79365 1.33 1.5053 0.75008 1.2574 2.5838 2.1046 1.6319 1.9747 3.0672 2.2614 1.8071 2.1046 1.8191 2.1046 1.7798 1.3532 2.7992 2.8321 1.2243 2.2656 0.0 0.0 0.6813 1.803 1.3377 1.803 1.9888 0.6813 1.3377 1.803 0.2843 1.9888 0.6813 1.3377 1.803 0.2843
1.3874 1.2901 1.3267 1.6294 1.4784 1.6224 2.1554 0.5248 2.4265 2.3924 1.9606 1.3843 2.1821 1.4326 1.2029 1.775 1.6212 1.3333 2.0454 1.1194 1.6422 2.2605 1.3395 2.3998 1.8785 1.1133 1.7131 1.5171 1.477 0.96217 1.449 1.5971 1.3492 1.6422 1.5797 1.8007 2.2066 2.4125 1.5457 1.6422 2.2945 1.6422 2.2753 1.2738 2.4037 1.87 1.8836 0.69069 1.4086 1.3514 2.2968 1.7348 2.3244 1.7252 2.5634 2.3391 1.9566 1.8943 2.4798 1.72 1.9758 2.7883 1.219 0.0 1.6807 1.141 2.0084 1.3523 1.6422 2.352 1.8488 0.85985 1.2625 1.4377 2.2694 1.1263 1.6697 2.0931 1.5167 1.5971 2.1214 1.6422 1.9662 2.2583 2.6049 1.799 2.5738 1.6422 1.3567 1.6422 1.6085 1.6928 2.3368 2.3697 0.80298 1.8033 0.0 0.0 1.0139 1.6317 1.8384 1.6317 1.5265 1.0139 1.8384 1.6317 1.3349 1.5265 1.0139 1.8384 1.6317 1.3349
1.4776 0.66932 0.9899 1.2926 1.1416 1.2856 2.7526 1.384 2.0897 2.0556 2.0888 0.37352 3.0743 2.3248 0.7881 2.3762 2.2224 0.99651 2.4126 1.4086 2.5344 1.9477 0.71872 2.997 2.0067 1.4025 2.3143 1.1803 1.1402 1.2914 1.1122 1.6873 1.0124 2.5344 2.4719 0.78994 3.0988 2.5767 1.2089 2.5344 1.2837 2.5344 2.6825 1.563 1.3929 2.7622 1.9298 0.9279 1.4988 0.73056 3.189 2.627 1.9876 1.3884 3.4556 3.2313 1.6198 1.8045 3.372 0.70918 2.868 3.3855 0.59821 1.2798 0.0 1.8112 2.1366 0.34151 2.5344 2.9492 0.16812 1.1891 2.1547 2.3299 1.9326 0.89949 1.7599 1.9352 1.1799 1.6873 3.0136 2.5344 2.0617 2.4045 3.4971 2.6912 2.211 2.5344 2.2489 2.5344 2.2097 1.783 3.229 3.2619 1.6542 2.6955 0.0 0.0 0.78715 2.2329 0.82756 2.2329 2.4187 0.78715 0.82756 2.2329 0.71414 2.4187 0.78715 0.82756 2.2329 0.71414
1.0786 1.4683 1.0179 1.3206 1.1696 1.3135 1.7625 0.78399 2.1177 2.0836 1.6518 1.5875 1.7432 0.99377 0.89409 1.3556 1.3124 1.0245 1.6526 0.81055 1.2034 1.9517 1.5177 2.007 1.5697 0.80444 1.4042 1.2082 1.1682 0.65336 1.1402 1.2882 1.0404 1.2034 1.1409 2.0039 1.7678 2.0197 1.2369 1.2034 2.3847 1.2034 1.8825 0.96503 2.4939 1.4312 1.5748 0.94988 1.0998 1.5295 1.858 1.296 2.0156 1.4164 2.1246 1.9003 1.6477 1.5855 2.041 1.9232 1.537 2.3955 1.4222 0.65475 1.3719 0.0 1.6996 1.5555 1.2034 1.9592 1.54 0.55103 0.82368 0.99884 1.9606 1.3295 1.3608 1.7843 1.2079 1.2882 1.6826 1.2034 1.6574 1.8655 2.1661 1.3602 2.265 1.2034 0.91788 1.2034 1.2997 1.384 1.898 1.9309 0.49417 1.3645 0.0 0.0 1.2171 1.3229 1.7955 1.3229 1.0876 1.2171 1.7955 1.3229 1.5131 1.0876 1.2171 1.7955 1.3229 1.5131
1.5033 1.805 1.2116 1.2813 1.5063 1.2743 1.2883 2.1137 0.62538 0.59131 1.3295 2.0052 1.728 1.6615 1.5178 0.94192 0.99014 1.6482 0.94832 1.4343 1.7345 0.4834 1.8544 1.5327 1.2474 1.4282 0.87997 1.206 1.3619 1.8921 1.1379 1.678 1.6641 1.7345 1.2146 2.4216 2.1265 1.1124 1.2346 1.7345 2.5004 1.7345 1.2182 1.5887 2.6096 1.4159 1.2205 1.6576 1.5245 1.8663 2.0547 1.3187 0.52332 0.80111 2.3213 2.259 0.91046 1.0952 2.0257 2.3119 1.5217 1.9212 2.0459 2.2365 1.7086 1.8369 0.0 1.9732 1.7345 1.4849 1.8767 1.7898 1.7064 1.6666 0.4683 1.9532 1.7506 0.47086 1.2056 1.678 1.6673 1.7345 0.59742 0.94021 2.3628 1.5409 1.4597 1.7345 1.6936 1.7345 1.5004 1.7737 2.0947 2.2896 1.7329 1.5452 0.0 0.0 1.8409 1.5236 1.9113 1.5236 1.3288 1.8409 1.9113 1.5236 1.8498 1.3288 1.8409 1.9113 1.5236 1.8498
1.4152 0.60686 0.92744 1.2302 1.0792 1.2231 2.6901 1.3215 2.0272 1.9931 2.0263 0.032008 3.0118 2.2623 0.72564 2.3138 2.16 0.93405 2.3502 1.3461 2.4719 1.8852 0.65626 2.9345 1.9442 1.34 2.2518 1.1178 1.0778 1.2289 1.0497 1.6248 0.94998 2.4719 2.4094 0.72748 3.0363 2.5143 1.1464 2.4719 0.98624 2.4719 2.6201 1.5006 1.0954 2.6998 1.8674 0.86543 1.4363 0.6681 3.1265 2.5646 1.9252 1.3259 3.3931 3.1689 1.5573 1.742 3.3096 0.41167 2.8056 3.3231 0.53575 1.2173 0.68738 1.7487 2.0741 0.0 2.4719 2.8867 0.8555 1.1266 2.0922 2.2674 1.8701 0.83703 1.6974 1.8727 1.1175 1.6248 2.9511 2.4719 1.9993 2.342 3.4346 2.6288 1.9135 2.4719 2.1864 2.4719 2.1472 1.7206 3.1666 3.1995 1.5917 2.633 0.0 0.0 0.72469 2.1704 0.53006 2.1704 2.3562 0.72469 0.53006 2.1704 0.65168 2.3562 0.72469 0.53006 2.1704 0.65168
1.6845 2.3028 1.8523 1.7775 2.004 1.7704 1.2474 1.6184 1.7736 1.7395 1.1587 2.422 1.2281 0.23722 1.7285 0.84052 0.81931 1.8589 1.1375 1.645 0.0 1.4586 2.3522 1.4919 1.0766 1.6389 0.91114 1.7021 2.0026 1.4878 1.634 1.6781 1.8749 0.0 0.62575 2.8384 1.2262 1.5046 1.7308 0.0 3.2192 0.0 1.3674 1.7995 3.3283 0.91611 1.7167 1.7843 1.7057 2.364 1.1579 0.7809 1.6715 1.8733 1.4245 1.3588 1.4066 1.5914 1.2449 2.7576 0.67291 1.8804 2.2566 1.4892 2.2063 1.3451 1.2065 2.3899 0.0 1.4441 2.3744 1.3855 0.28214 0.20455 1.6165 2.1639 1.7507 1.2912 1.7018 1.6781 1.1675 0.0 1.1643 1.3504 1.466 0.8451 2.6079 0.0 1.1308 0.0 0.98555 1.7739 1.1979 1.3894 1.3286 0.84936 0.0 0.0 2.0516 0.82975 2.63 0.82975 0.57253 2.0516 2.63 0.82975 2.3476 0.57253 2.0516 2.63 0.82975 2.3476
2.333 3.0427 2.5923 2.232 2.744 2.225 0.81197 2.6384 1.8921 1.858 1.7592 3.1619 0.40967 1.6182 2.4685 1.0081 1.4198 2.5989 0.97102 2.385 1.5553 1.4341 3.0921 0.18041 1.6771 2.3789 1.0987 2.1567 2.7426 2.5078 2.0886 2.3267 2.6149 1.5553 1.0353 3.5783 1.4728 0.89413 2.1853 1.5553 3.9592 1.5553 0.75693 2.5395 4.0683 0.93964 2.1712 2.6083 2.3542 3.104 1.4894 0.84244 1.79 2.3278 1.041 1.456 1.8612 2.0459 0.70742 3.4976 1.0454 0.56894 2.9966 2.5092 2.9463 1.9936 1.661 3.1299 1.5553 0.0 3.1144 2.4055 1.6631 1.6233 1.735 2.9039 2.3993 1.4216 2.1563 2.3267 1.191 1.5553 1.3168 1.1839 1.0825 1.4456 2.9834 1.5553 1.7793 1.5553 1.5861 2.4224 1.6184 1.4254 2.3486 1.4499 0.0 0.0 2.7916 1.4303 3.37 1.4303 1.1496 2.7916 3.37 1.4303 3.0876 1.1496 2.7916 3.37 1.4303 3.0876
1.3095 0.50119 0.82178 1.1245 0.97349 1.1174 2.5844 1.2159 1.9216 1.8875 1.9207 0.20539 2.9061 2.1567 0.61998 2.2081 2.0543 0.82839 2.2445 1.2404 2.3663 1.7796 0.5506 2.8289 1.8386 1.2343 2.1461 1.0121 0.97209 1.1233 0.94405 1.5191 0.84432 2.3663 2.3038 0.62182 2.9307 2.4086 1.0408 2.3663 1.1156 2.3663 2.5144 1.3949 1.2248 2.5941 1.7617 0.75977 1.3307 0.56244 3.0209 2.4589 1.8195 1.2203 3.2875 3.0632 1.4516 1.6364 3.2039 0.54106 2.6999 3.2174 0.43009 1.1116 0.81676 1.6431 1.9685 0.17339 2.3663 2.7811 0.0 1.0209 1.9866 2.1617 1.7645 0.73137 1.5917 1.767 1.0118 1.5191 2.8455 2.3663 1.8936 2.2364 3.329 2.5231 2.0429 2.3663 2.0808 2.3663 2.0416 1.6149 3.0609 3.0938 1.4861 2.5274 0.0 0.0 0.61903 2.0648 0.65944 2.0648 2.2505 0.61903 0.65944 2.0648 0.54602 2.2505 0.61903 0.65944 2.0648 0.54602
0.60485 1.8085 1.3581 1.1619 1.5098 1.1548 1.9528 1.3452 1.9589 1.9248 1.396 1.9277 2.2415 1.492 1.2343 1.5724 1.4187 1.3647 1.8428 1.1508 1.7016 1.6989 1.8579 2.1972 1.3139 1.1447 1.5105 1.0865 1.5084 0.10232 1.0184 0.8145 1.3807 1.7016 1.6391 2.3442 2.29 2.016 1.1151 1.7016 2.725 1.7016 2.0728 1.3053 2.8341 1.9295 1.101 1.3741 0.62602 1.8698 2.3802 1.7943 1.8568 1.2576 2.6468 2.4225 1.489 1.1117 2.5392 2.2634 2.0353 2.5858 1.7624 1.468 1.7121 0.93841 1.4438 1.8957 1.7016 2.1494 1.8802 0.0 1.3459 1.4971 1.8018 1.6697 0.88709 1.5316 1.0862 0.8145 2.1808 1.7016 1.5009 1.8437 2.6883 1.8585 2.1062 1.7016 1.4161 1.7016 1.4059 0.91025 2.4203 2.4532 0.83441 1.8627 0.0 0.0 1.5574 1.4291 2.1358 1.4291 1.5859 1.5574 2.1358 1.4291 1.8534 1.5859 1.5574 2.1358 1.4291 1.8534
1.4644 2.076 1.6256 1.8054 1.7773 1.7983 1.4563 1.3917 2.0344 2.0003 1.4195 2.1952 1.437 0.68452 1.5018 1.1014 1.0802 1.6322 1.3463 1.4183 0.52458 1.7194 2.1255 1.7007 1.3374 1.4122 1.172 1.73 1.7759 1.2611 1.6619 1.458 1.6482 0.52458 0.88661 2.6117 0.99954 1.7135 1.7586 0.52458 2.9925 0.52458 1.5763 1.5728 3.1016 1.125 1.7445 1.5576 1.4855 2.1373 1.0897 0.98976 1.9324 1.9011 1.3563 1.1321 1.6675 1.7552 1.2887 2.5309 0.79676 2.0893 2.0299 1.2625 1.9796 1.1249 1.4673 2.1632 0.52458 1.6529 2.1477 1.1588 0.0 0.68959 1.8773 1.9372 1.5306 1.5521 1.7297 1.458 1.3763 0.52458 1.4251 1.5592 1.3978 1.106 2.7497 0.52458 0.91063 0.52458 1.2464 1.5538 1.1298 1.1627 1.1019 1.1102 0.0 0.0 1.8249 1.0906 2.4033 1.0906 0.83339 1.8249 2.4033 1.0906 2.1209 0.83339 1.8249 2.4033 1.0906 2.1209
1.4865 2.0982 1.6478 1.8275 1.7995 1.8204 1.4124 1.4139 1.9386 1.9045 1.3237 2.2174 1.3931 0.032671 1.524 1.0055 0.98432 1.6544 1.3025 1.4405 0.20455 1.6236 2.1476 1.6569 1.2416 1.4343 1.0761 1.7521 1.7981 1.2833 1.6841 1.4802 1.6703 0.20455 0.79076 2.6338 1.0217 1.6696 1.7808 0.20455 3.0146 0.20455 1.5324 1.5949 3.1238 1.0811 1.7667 1.5798 1.5077 2.1594 1.1119 0.94591 1.8365 1.9233 1.3785 1.1542 1.5716 1.7564 1.3109 2.5531 0.81892 2.0454 2.0521 1.2847 2.0018 1.1471 1.3715 2.1854 0.20455 1.6091 2.1699 1.1809 0.077587 0.0 1.7815 1.9594 1.5527 1.4562 1.7518 1.4802 1.3325 0.20455 1.3293 1.5154 1.42 1.0101 2.7719 0.20455 0.93279 0.20455 1.1506 1.5759 1.1519 1.1848 1.1241 1.0144 0.0 0.0 1.847 0.99476 2.4254 0.99476 0.73754 1.847 2.4254 0.99476 2.143 0.73754 1.847 2.4254 0.99476 2.143
1.5483 1.9959 1.4025 1.3263 1.6972 1.3192 1.3332 2.1586 0.20031 0.16623 1.3744 2.0591 1.7729 1.7064 1.5627 0.98684 1.0351 1.6931 0.99324 1.4792 1.7795 0.52832 2.0454 1.5776 1.2923 1.4731 0.92489 1.2509 1.5528 1.937 1.1828 1.7229 1.7091 1.7795 1.2595 2.6126 2.1714 1.1574 1.2795 1.7795 2.4764 1.7795 1.2632 1.6337 2.5855 1.4609 1.2654 1.7025 1.5694 2.0572 2.0996 1.3637 0.56825 0.99204 2.3662 2.304 0.95539 1.1401 2.0706 2.2878 1.5667 1.9662 2.0908 2.2814 1.8995 1.8818 0.75524 2.0911 1.7795 1.5298 2.0676 1.8347 1.7513 1.7115 0.0 1.9981 1.7955 0.51579 1.2506 1.7229 1.7122 1.7795 0.64235 0.98513 2.4077 1.5859 1.4356 1.7795 1.7385 1.7795 1.5453 1.8187 2.1397 2.3346 1.7778 1.5901 0.0 0.0 1.8858 1.5685 1.8872 1.5685 1.3738 1.8858 1.8872 1.5685 2.0408 1.3738 1.8858 1.8872 1.5685 2.0408
1.6686 1.2323 1.5529 1.8556 1.7046 1.8485 2.5365 0.90599 2.6527 2.6186 2.3418 1.3265 2.5632 1.8138 1.3511 2.1562 2.0024 1.5595 2.4266 1.4006 2.0234 2.5107 1.2817 2.781 2.2597 1.3944 2.0942 1.7432 1.7032 1.2434 1.6752 1.8783 1.5754 2.0234 1.9609 1.7429 2.5878 2.7937 1.7719 2.0234 2.2367 2.0234 2.6565 1.555 2.3459 2.2512 2.1648 0.87988 1.6898 1.2935 2.678 2.116 2.5506 1.9514 2.9446 2.7203 2.1827 2.1755 2.861 1.6622 2.357 3.1695 1.1612 0.54875 1.9069 1.5222 2.3896 1.2945 2.0234 2.7332 2.075 1.141 1.6437 1.8188 2.4956 0.0 1.9508 2.4743 1.7429 1.8783 2.5026 2.0234 2.3474 2.6395 2.9861 2.1802 2.8 2.0234 1.7379 2.0234 1.9897 1.974 2.718 2.7509 1.1842 2.1845 0.0 0.0 0.95613 2.0129 1.7805 2.0129 1.9076 0.95613 1.7805 2.0129 1.2771 1.9076 0.95613 1.7805 2.0129 1.2771
0.85988 1.9846 1.5342 1.1739 1.6859 1.1668 1.2228 1.6003 1.1699 1.1359 0.55504 2.1038 1.5865 0.83704 1.4104 0.84247 0.68869 1.5408 1.0109 1.3268 1.0467 0.85795 2.034 1.4673 0.47296 1.3207 0.78052 1.0985 1.6845 1.2486 1.0304 0.85352 1.5567 1.0467 0.98413 2.5202 1.8261 1.175 1.1272 1.0467 2.901 1.0467 1.2808 1.4813 3.0101 1.2745 1.1131 1.5502 0.88105 2.0458 1.9132 1.1393 1.0679 1.2697 2.1798 1.9586 0.80301 0.27074 1.8843 2.4394 1.3803 1.8558 1.9385 1.674 1.8881 1.0834 0.60286 2.0718 1.0467 1.4194 2.0563 1.1463 0.88196 0.84211 1.0129 1.8458 0.0 0.6906 1.0982 0.85352 1.5259 1.0467 0.65998 1.0028 2.2213 1.2035 2.0042 1.0467 0.86916 1.0467 0.67593 0.023164 1.9533 1.9892 1.0894 1.2077 0.0 0.0 1.7334 0.69913 2.3118 0.69913 0.93091 1.7334 2.3118 0.69913 2.0294 0.93091 1.7334 2.3118 0.69913 2.0294
1.2348 1.8235 1.3731 1.0128 1.5248 1.0057 0.86494 1.8452 0.67287 0.6388 0.90616 1.9427 1.3046 1.3742 1.2493 0.51859 0.56681 1.3797 0.52499 1.1658 1.3112 0.21489 1.8729 1.1094 0.82408 1.1597 0.45664 0.93746 1.5234 1.6236 0.86936 1.4095 1.3956 1.3112 0.79125 2.3591 1.7032 0.6891 0.9661 1.3112 2.7399 1.3112 0.7949 1.3202 2.8491 0.99261 0.95201 1.3891 1.256 1.8848 1.6314 0.8954 0.57081 1.1086 1.898 1.8357 0.64195 0.82667 1.6024 2.2784 1.0984 1.4979 1.7774 1.968 1.7271 1.5684 0.4418 1.9107 1.3112 1.0615 1.8952 1.5212 1.4191 1.3792 0.51579 1.6847 1.4821 0.0 0.93712 1.4095 1.244 1.3112 0.1741 0.51688 1.9395 1.1176 1.8432 1.3112 1.4251 1.3112 1.2319 1.5052 1.6714 1.8663 1.4644 1.1219 0.0 0.0 1.5723 1.1023 2.1508 1.1023 0.90552 1.5723 2.1508 1.1023 1.8683 0.90552 1.5723 2.1508 1.1023 1.8683
1.0076 0.97034 0.51992 0.82265 0.67164 0.81558 2.2826 0.99203 1.6197 1.5856 1.6188 1.0895 2.6443 1.8948 0.39613 1.9062 1.7525 0.52654 1.9426 0.3126 2.1044 1.4777 1.0197 2.527 1.5367 0.30648 1.8443 0.084289 0.67024 0.8994 0.6422 1.2173 0.54247 2.1044 2.0419 1.506 2.6928 2.1067 0.73893 2.1044 1.8868 2.1044 2.2125 0.46707 1.9959 2.3323 1.4598 0.53592 1.0288 1.0316 2.783 2.1971 1.5176 0.91843 3.0496 2.8253 1.1498 1.3345 2.942 1.4252 2.4381 2.9156 0.92423 1.1148 0.87391 1.3412 1.6666 1.0575 2.1044 2.4792 1.042 0.79708 1.7487 1.8999 1.4626 0.83152 1.2899 1.4652 0.0 1.2173 2.5836 2.1044 1.5917 1.9345 3.0911 2.2612 1.767 2.1044 1.8189 2.1044 1.7397 1.3131 2.823 2.856 1.2372 2.2655 0.0 0.0 0.71917 1.7629 1.2976 1.7629 1.9887 0.71917 1.2976 1.7629 1.0152 1.9887 0.71917 1.2976 1.7629 1.0152
0.62473 1.2134 0.763 0.40273 0.91472 0.39566 1.8627 1.2351 1.1998 1.1657 1.1989 1.3326 2.2304 1.4809 0.63921 1.4863 1.3325 0.76962 1.5227 0.55567 1.6905 1.0578 1.2628 2.1071 1.1168 0.54956 1.4244 0.32737 0.91332 1.0135 0.25927 0.0 0.78554 1.6905 1.628 1.749 2.3099 1.6868 0.35601 1.6905 2.1298 1.6905 1.7926 0.71015 2.239 1.9183 0.34192 0.779 0.6459 1.2747 2.4001 1.7831 1.0977 0.49851 2.6667 2.4424 0.72986 0.91458 2.5281 1.6683 2.0241 2.4956 1.1673 1.3579 1.117 0.95828 1.2467 1.3006 1.6905 2.0593 1.2851 0.91116 1.3658 1.486 1.0427 1.0746 0.90696 1.0453 0.32703 0.0 2.1697 1.6905 1.1718 1.5146 2.7082 1.8473 1.3471 1.6905 1.436 1.6905 1.3198 0.93013 2.4401 2.473 0.85429 1.8516 0.0 0.0 0.96225 1.343 1.5407 1.343 1.5748 0.96225 1.5407 1.343 1.2582 1.5748 0.96225 1.5407 1.343 1.2582
1.9918 2.8044 2.354 1.9938 2.5057 1.9867 0.84269 2.1721 1.6538 1.6197 1.4659 2.9236 0.82339 0.89391 2.2302 0.76977 1.1266 2.3606 0.73274 2.1467 0.73397 1.1958 2.8538 1.0871 1.3838 2.1406 0.86039 1.9184 2.5043 2.0415 1.8503 1.9854 2.3766 0.73397 0.569 3.3401 0.73394 1.0999 1.947 0.73397 3.7209 0.73397 0.96265 2.3012 3.83 0.51136 1.9329 2.338 2.0129 2.8657 0.66211 0.37616 1.5517 2.0895 0.92871 0.86645 1.6229 1.8076 0.70114 3.2593 0.12916 1.4757 2.7583 2.0429 2.708 1.6523 1.4227 2.8916 0.73397 1.0393 2.8761 1.9392 0.93883 0.89898 1.4967 2.6656 2.058 1.1833 1.9181 1.9854 0.0 0.73397 1.0785 0.94563 0.9702 1.1524 2.7451 0.73397 1.438 0.73397 1.2928 2.0812 0.70215 0.89706 1.8823 1.1566 0.0 0.0 2.5533 1.137 3.1317 1.137 0.68327 2.5533 3.1317 1.137 2.8493 0.68327 2.5533 3.1317 1.137 2.8493
1.6845 2.3028 1.8523 1.7775 2.004 1.7704 1.2474 1.6184 1.7736 1.7395 1.1587 2.422 1.2281 0.23722 1.7285 0.84052 0.81931 1.8589 1.1375 1.645 0.0 1.4586 2.3522 1.4919 1.0766 1.6389 0.91114 1.7021 2.0026 1.4878 1.634 1.6781 1.8749 0.0 0.62575 2.8384 1.2262 1.5046 1.7308 0.0 3.2192 0.0 1.3674 1.7995 3.3283 0.91611 1.7167 1.7843 1.7057 2.364 1.1579 0.7809 1.6715 1.8733 1.4245 1.3588 1.4066 1.5914 1.2449 2.7576 0.67291 1.8804 2.2566 1.4892 2.2063 1.3451 1.2065 2.3899 0.0 1.4441 2.3744 1.3855 0.28214 0.20455 1.6165 2.1639 1.7507 1.2912 1.7018 1.6781 1.1675 0.0 1.1643 1.3504 1.466 0.8451 2.6079 0.0 1.1308 0.0 0.98555 1.7739 1.1979 1.3894 1.3286 0.84936 0.0 0.0 2.0516 0.82975 2.63 0.82975 0.57253 2.0516 2.63 0.82975 2.3476 0.57253 2.0516 2.63 0.82975 2.3476
1.3614 1.9501 1.4997 1.1394 1.6514 1.1323 0.77197 1.9718 0.79943 0.76535 0.77919 2.0693 1.2117 1.2472 1.3759 0.39162 0.43984 1.5063 0.44502 1.2923 1.1843 0.34144 1.9995 1.0164 0.69711 1.2862 0.32967 1.064 1.65 1.7501 0.99592 1.3637 1.5222 1.1843 0.66428 2.4857 1.6102 0.65847 1.0927 1.1843 2.8665 1.1843 0.71493 1.4468 2.9756 0.89964 1.0786 1.5156 1.3825 2.0113 1.5384 0.80244 0.69737 1.2352 1.805 1.7427 0.76851 0.95323 1.5094 2.4049 1.0054 1.4049 1.904 2.0945 1.8536 1.5386 0.56836 2.0373 1.1843 0.96858 2.0218 1.6478 1.2921 1.2523 0.64235 1.8112 1.4363 0.1741 1.0637 1.3637 1.151 1.1843 0.0 0.48625 1.8465 0.99063 1.9697 1.1843 1.3243 1.1843 1.1311 1.4594 1.5784 1.7733 1.5909 0.99489 0.0 0.0 1.6989 0.97528 2.2773 0.97528 0.77855 1.6989 2.2773 0.97528 1.9949 0.77855 1.6989 2.2773 0.97528 1.9949
1.5797 2.2024 1.752 1.3917 1.9037 1.3846 0.41662 2.2241 1.0517 1.0177 0.98884 2.3216 0.85632 1.2228 1.6282 0.60127 0.6495 1.7586 0.076675 1.5446 1.1599 0.59376 2.2518 0.66106 0.90676 1.5385 0.53932 1.3163 1.9023 1.9684 1.2482 1.5733 1.7745 1.1599 0.63994 2.738 1.2549 0.48379 1.345 1.1599 3.1188 1.1599 0.34658 1.6991 3.2279 0.5443 1.3309 1.768 1.6009 2.2636 1.183 0.44709 0.94968 1.4875 1.4496 1.3874 1.0208 1.2055 1.1541 2.6572 0.65009 1.0496 2.1563 2.1138 2.1059 1.5982 0.82067 2.2896 1.1599 0.61324 2.2741 1.8661 1.2678 1.2279 0.89466 2.0636 1.6459 0.58122 1.316 1.5733 0.79567 1.1599 0.47644 0.0 1.4911 1.0503 2.143 1.1599 1.384 1.1599 1.1907 1.6691 1.2231 1.418 1.8092 1.0545 0.0 0.0 1.9512 1.0349 2.5296 1.0349 0.7542 1.9512 2.5296 1.0349 2.2472 0.7542 1.9512 2.5296 1.0349 2.2472
2.6997 3.3114 2.861 2.7187 3.0127 2.7116 1.4276 2.6271 2.3788 2.3447 2.1909 3.4306 1.2023 1.4809 2.7372 1.4947 1.8515 2.8676 1.4577 2.6537 1.3209 1.9208 3.3608 1.4971 2.1088 2.6475 1.5853 2.6433 3.0113 2.4965 2.5753 2.6933 2.8835 1.3209 1.294 3.847 1.0169 1.5098 2.672 1.3209 4.2278 1.3209 1.3726 2.8081 4.337 1.2363 2.6579 2.793 2.7209 3.3726 0.83506 1.1011 2.2767 2.8145 0.63555 1.1494 2.3478 2.5326 1.0341 3.7663 0.90811 1.8856 3.2653 2.4978 3.215 2.3603 2.1477 3.3986 1.3209 1.4493 3.3831 2.3941 1.2908 1.4859 2.2217 3.1726 2.7659 1.9082 2.643 2.6933 1.4877 1.3209 1.8035 1.6706 0.0 1.8773 3.4701 1.3209 2.146 1.3209 2.0178 2.7891 0.9851 1.1351 2.3373 1.8816 0.0 0.0 3.0602 1.862 3.6386 1.862 1.4082 3.0602 3.6386 1.862 3.3562 1.4082 3.0602 3.6386 1.862 3.3562
1.0194 2.0841 1.6337 1.3604 1.7854 1.3534 1.2024 1.3998 1.7285 1.6944 1.1136 2.2033 1.1831 0.4336 1.5099 0.79546 0.77425 1.6403 1.0924 1.4264 0.64322 1.4135 2.1335 1.4468 1.0315 1.4203 0.86608 1.2851 1.784 1.2692 1.217 1.0131 1.6563 0.64322 0.58069 2.6198 1.4226 1.4595 1.3137 0.64322 3.0006 0.64322 1.3223 1.5809 3.1097 0.87105 1.2996 1.5657 1.0406 2.1454 1.5098 0.73585 1.6264 1.4562 1.7764 1.5551 1.3616 1.3103 1.4808 2.539 0.97685 1.8354 2.038 1.2706 1.9877 0.68 1.1614 2.1713 0.64322 1.399 2.1558 1.1669 0.47852 0.43867 1.5714 1.9453 1.0857 1.2462 1.2847 1.0131 1.1224 0.64322 1.1192 1.3053 1.8179 0.0 2.3048 0.64322 0.46572 0.64322 0.27249 1.1088 1.5498 1.5857 1.11 0.0042611 0.0 0.0 1.833 0.78469 2.4114 0.78469 0.52748 1.833 2.4114 0.78469 2.129 0.52748 1.833 2.4114 0.78469 2.129
1.6447 0.83643 1.157 1.4597 1.3087 1.4527 2.9197 1.5511 2.1758 2.1417 2.2559 0.75457 3.2414 2.4919 0.95522 2.5433 2.3895 1.1636 2.5797 1.5757 2.7015 2.1148 0.88583 3.1641 2.1738 1.5696 2.4814 1.3474 1.3073 1.4585 1.2793 1.8544 1.1796 2.7015 2.639 1.4501 3.2659 2.7438 1.376 2.7015 1.1719 2.7015 2.8496 1.7302 1.281 2.9293 2.0969 1.095 1.6659 0.89767 3.3561 2.7941 2.1547 1.5555 3.6227 3.3984 1.7869 1.9716 3.5391 0.98329 3.0351 3.5526 1.2613 1.6739 0.74 1.9783 2.3037 0.78657 2.7015 3.1163 0.90812 1.3562 2.3218 2.497 2.0997 1.3906 1.927 2.1023 1.347 1.8544 3.1807 2.7015 2.2288 2.5716 3.6642 2.8583 0.0 2.7015 2.416 2.7015 2.3768 1.9501 3.3961 3.429 1.8213 2.8626 0.0 0.0 1.2783 2.4 0.58268 2.4 2.5858 1.2783 0.58268 2.4 0.88126 2.5858 1.2783 0.58268 2.4 0.88126
1.6845 2.3028 1.8523 1.7775 2.004 1.7704 1.2474 1.6184 1.7736 1.7395 1.1587 2.422 1.2281 0.23722 1.7285 0.84052 0.81931 1.8589 1.1375 1.645 0.0 1.4586 2.3522 1.4919 1.0766 1.6389 0.91114 1.7021 2.0026 1.4878 1.634 1.6781 1.8749 0.0 0.62575 2.8384 1.2262 1.5046 1.7308 0.0 3.2192 0.0 1.3674 1.7995 3.3283 0.91611 1.7167 1.7843 1.7057 2.364 1.1579 0.7809 1.6715 1.8733 1.4245 1.3588 1.4066 1.5914 1.2449 2.7576 0.67291 1.8804 2.2566 1.4892 2.2063 1.3451 1.2065 2.3899 0.0 1.4441 2.3744 1.3855 0.28214 0.20455 1.6165 2.1639 1.7507 1.2912 1.7018 1.6781 1.1675 0.0 1.1643 1.3504 1.466 0.8451 2.6079 0.0 1.1308 0.0 0.98555 1.7739 1.1979 1.3894 1.3286 0.84936 0.0 0.0 2.0516 0.82975 2.63 0.82975 0.57253 2.0516 2.63 0.82975 2.3476 0.57253 2.0516 2.63 0.82975 2.3476
0.64975 1.8014 1.351 0.99075 1.5027 0.98368 1.1787 1.3901 1.5988 1.5647 0.98391 1.9206 1.5424 0.79291 1.2272 0.79834 0.64456 1.3576 1.0687 1.1437 1.0025 1.2838 1.8508 1.4231 0.90182 1.1376 0.73639 0.91539 1.5013 1.0385 0.8473 0.64339 1.3736 1.0025 0.94 2.3371 1.7819 1.4358 0.94403 1.0025 2.7179 1.0025 1.2986 1.2982 2.827 1.2304 0.92994 1.367 0.67092 1.8627 1.8691 1.0952 1.4967 1.0865 2.1357 1.9144 1.2319 0.94061 1.8401 2.2563 1.3362 1.8117 1.7553 1.5129 1.705 0.98331 1.0317 1.8886 1.0025 1.3753 1.8731 0.93618 0.83783 0.79798 1.4417 1.6626 0.71599 1.1165 0.91505 0.64339 1.4817 1.0025 0.9895 1.2816 2.1772 1.1593 1.9351 1.0025 0.0 1.0025 0.6318 0.73915 1.9091 1.9451 0.87931 1.1636 0.0 0.0 1.5503 0.655 2.1287 0.655 0.88678 1.5503 2.1287 0.655 1.8463 0.88678 1.5503 2.1287 0.655 1.8463
1.6845 2.3028 1.8523 1.7775 2.004 1.7704 1.2474 1.6184 1.7736 1.7395 1.1587 2.422 1.2281 0.23722 1.7285 0.84052 0.81931 1.8589 1.1375 1.645 0.0 1.4586 2.3522 1.4919 1.0766 1.6389 0.91114 1.7021 2.0026 1.4878 1.634 1.6781 1.8749 0.0 0.62575 2.8384 1.2262 1.5046 1.7308 0.0 3.2192 0.0 1.3674 1.7995 3.3283 0.91611 1.7167 1.7843 1.7057 2.364 1.1579 0.7809 1.6715 1.8733 1.4245 1.3588 1.4066 1.5914 1.2449 2.7576 0.67291 1.8804 2.2566 1.4892 2.2063 1.3451 1.2065 2.3899 0.0 1.4441 2.3744 1.3855 0.28214 0.20455 1.6165 2.1639 1.7507 1.2912 1.7018 1.6781 1.1675 0.0 1.1643 1.3504 1.466 0.8451 2.6079 0.0 1.1308 0.0 0.98555 1.7739 1.1979 1.3894 1.3286 0.84936 0.0 0.0 2.0516 0.82975 2.63 0.82975 0.57253 2.0516 2.63 0.82975 2.3476 0.57253 2.0516 2.63 0.82975 2.3476
0.81233 1.877 1.4266 1.1533 1.5783 1.1463 1.3413 1.1927 1.7614 1.7273 1.1465 1.9962 1.705 0.95549 1.3028 0.96092 0.80714 1.4332 1.2313 1.2193 1.1651 1.4464 1.9264 1.5857 1.0644 1.2132 0.89896 1.078 1.5769 1.0621 1.0099 0.80597 1.4491 1.1651 1.1026 2.4126 1.8245 1.5984 1.1066 1.1651 2.7934 1.1651 1.4612 1.3737 2.9026 1.3929 1.0925 1.3586 0.8335 1.9383 1.9147 1.2577 1.6593 1.2491 2.1813 1.957 1.3945 1.1032 2.0027 2.3319 1.4987 1.9742 1.8309 1.0635 1.7806 0.47288 1.1943 1.9642 1.1651 1.5379 1.9487 0.95975 0.8804 0.96056 1.6043 1.7382 0.87856 1.279 1.0776 0.80597 1.6443 1.1651 1.1521 1.4442 2.2228 1.3219 2.0977 1.1651 0.2586 1.1651 0.0 0.90173 1.9547 1.9876 0.90289 1.3262 0.0 0.0 1.6259 0.81758 2.2043 0.81758 1.0494 1.6259 2.2043 0.81758 1.9218 1.0494 1.6259 2.2043 0.81758 1.9218
0.83672 1.9614 1.511 1.1507 1.6627 1.1436 1.1997 1.5771 1.1468 1.1127 0.53187 2.0806 1.5634 0.81388 1.3872 0.81931 0.66553 1.5176 0.98771 1.3037 1.0235 0.83479 2.0108 1.4441 0.44979 1.2976 0.75735 1.0754 1.6613 1.2255 1.0073 0.83036 1.5335 1.0235 0.96097 2.497 1.8029 1.1518 1.104 1.0235 2.8778 1.0235 1.2576 1.4581 2.987 1.2513 1.0899 1.527 0.85789 2.0227 1.8901 1.1161 1.0447 1.2465 2.1567 1.9354 0.77985 0.24757 1.8611 2.4163 1.3571 1.8326 1.9153 1.6509 1.865 1.0603 0.5797 2.0486 1.0235 1.3963 2.0331 1.1231 0.85879 0.81895 0.98969 1.8226 0.90295 0.66744 1.075 0.83036 1.5027 1.0235 0.63681 0.97959 2.1982 1.1803 1.9811 1.0235 0.84599 1.0235 0.65276 0.0 1.9301 1.966 1.0663 1.1846 0.0 0.0 1.7102 0.67597 2.2887 0.67597 0.90775 1.7102 2.2887 0.67597 2.0062 0.90775 1.7102 2.2887 0.67597 2.0062
1.9007 2.5123 2.0619 2.0357 2.2136 2.0286 1.3716 1.828 2.0317 1.9976 1.4168 2.6315 1.3523 0.68182 1.9381 1.0987 1.0775 2.0685 1.2616 1.8546 0.52188 1.7167 2.5618 1.616 1.3347 1.8485 1.1693 1.9603 2.2122 1.6974 1.8922 1.8943 2.0845 0.52188 0.88391 3.048 0.56584 1.6288 1.9889 0.52188 3.4288 0.52188 1.4916 2.0091 3.5379 1.0403 1.9748 1.9939 1.9218 2.5736 1.005 0.90506 1.9297 2.1314 0.9945 0.69835 1.6648 1.8495 1.204 2.9672 0.71206 2.0046 2.4662 1.6988 2.4159 1.5612 1.4646 2.5995 0.52188 1.5682 2.584 1.5951 0.49173 0.68689 1.8746 2.3735 1.9669 1.5494 1.96 1.8943 1.2916 0.52188 1.4224 1.4745 1.1511 1.1033 2.866 0.52188 1.3469 0.52188 1.2437 1.9901 0.0 0.72896 1.5382 1.1075 0.0 0.0 2.2612 1.0879 2.8396 1.0879 0.83069 2.2612 2.8396 1.0879 2.5572 0.83069 2.2612 2.8396 1.0879 2.5572
2.5716 3.1833 2.7329 2.6836 2.8846 2.6765 1.5065 2.499 2.3436 2.3096 2.0877 3.3025 1.2812 1.3527 2.6091 1.4596 1.7484 2.7395 1.4226 2.5255 1.1928 1.8857 3.2327 1.576 2.0057 2.5194 1.5502 2.6082 2.8832 2.3683 2.5401 2.5652 2.7554 1.1928 1.2588 3.7189 0.28577 1.5887 2.6369 1.1928 4.0997 1.1928 1.4515 2.68 4.2088 1.2012 2.6228 2.6649 2.5928 3.2445 0.91394 1.066 2.2416 2.7794 0.71443 0.030607 2.3127 2.4974 1.113 3.6381 0.87299 1.9645 3.1372 2.3697 3.0868 2.2321 2.1126 3.2705 1.1928 1.5281 3.255 2.266 1.1627 1.3578 2.1866 3.0445 2.6378 1.8731 2.6079 2.5652 1.4526 1.1928 1.7683 1.6355 0.87103 1.7742 3.4349 1.1928 2.0179 1.1928 1.9146 2.661 0.94998 0.0 2.2091 1.7784 0.0 0.0 2.9321 1.7588 3.5105 1.7588 1.3731 2.9321 3.5105 1.7588 3.2281 1.3731 2.9321 3.5105 1.7588 3.2281
0.70544 1.0951 0.64472 0.94745 0.79643 0.94038 2.0534 1.1168 1.7445 1.7104 1.4966 1.2143 2.3421 1.5926 0.52092 1.673 1.5193 0.65133 1.9434 0.43739 1.8022 1.6025 1.1445 2.2978 1.4145 0.43128 1.6111 0.83508 0.79503 0.28019 0.76699 0.91509 0.66726 1.8022 1.7397 1.6308 2.3906 2.1165 0.86372 1.8022 2.0116 1.8022 2.1733 0.59187 2.1207 2.0301 1.2016 0.66072 0.72662 1.1564 2.4808 1.8948 1.6424 1.0432 2.7474 2.5231 1.2746 1.2123 2.6398 1.55 2.1358 2.6864 1.049 1.2396 0.99871 1.039 1.5444 1.1823 1.8022 2.25 1.1668 0.17787 1.4465 1.5977 1.5874 0.95631 0.98768 1.59 0.83474 0.91509 2.2814 1.8022 1.6015 1.9443 2.7889 1.959 1.8918 1.8022 1.5167 1.8022 1.5065 1.0108 2.5208 2.5537 0.0 1.9633 0.0 0.0 0.84397 1.5297 1.4224 1.5297 1.6865 0.84397 1.4224 1.5297 1.14 1.6865 0.84397 1.4224 1.5297 1.14
1.0152 2.0799 1.6295 1.3562 1.7812 1.3491 1.1981 1.3956 1.7242 1.6902 1.1093 2.1991 1.1788 0.42934 1.5057 0.7912 0.76999 1.6361 1.0882 1.4221 0.63896 1.4093 2.1293 1.4426 1.0273 1.416 0.86182 1.2808 1.7798 1.2649 1.2127 1.0088 1.652 0.63896 0.57643 2.6155 1.4184 1.4553 1.3095 0.63896 2.9963 0.63896 1.3181 1.5766 3.1054 0.86679 1.2954 1.5615 1.0364 2.1411 1.5055 0.73159 1.6222 1.452 1.7721 1.5509 1.3573 1.306 1.4766 2.5347 0.97259 1.8311 2.0338 1.2663 1.9834 0.67574 1.1572 2.1671 0.63896 1.3947 2.1516 1.1626 0.47426 0.43441 1.5672 1.9411 1.0814 1.2419 1.2805 1.0088 1.1182 0.63896 1.1149 1.3011 1.8136 0.79578 2.3005 0.63896 0.46146 0.63896 0.26823 1.1046 1.5456 1.5815 1.1057 0.0 0.0 0.0 1.8287 0.78043 2.4071 0.78043 0.52321 1.8287 2.4071 0.78043 2.1247 0.52321 1.8287 2.4071 0.78043 2.1247
0.0 0.0 0.0 0.0 0.0 0.0 0.0 0.0 0.0 0.0 0.0 0.0 0.0 0.0 0.0 0.0 0.0 0.0 0.0 0.0 0.0 0.0 0.0 0.0 0.0 0.0 0.0 0.0 0.0 0.0 0.0 0.0 0.0 0.0 0.0 0.0 0.0 0.0 0.0 0.0 0.0 0.0 0.0 0.0 0.0 0.0 0.0 0.0 0.0 0.0 0.0 0.0 0.0 0.0 0.0 0.0 0.0 0.0 0.0 0.0 0.0 0.0 0.0 0.0 0.0 0.0 0.0 0.0 0.0 0.0 0.0 0.0 0.0 0.0 0.0 0.0 0.0 0.0 0.0 0.0 0.0 0.0 0.0 0.0 0.0 0.0 0.0 0.0 0.0 0.0 0.0 0.0 0.0 0.0 0.0 0.0 0.0 0.0 0.0 0.0 0.0 0.0 0.0 0.0 0.0 0.0 0.0 0.0 0.0 0.0 0.0 0.0
0.0 0.0 0.0 0.0 0.0 0.0 0.0 0.0 0.0 0.0 0.0 0.0 0.0 0.0 0.0 0.0 0.0 0.0 0.0 0.0 0.0 0.0 0.0 0.0 0.0 0.0 0.0 0.0 0.0 0.0 0.0 0.0 0.0 0.0 0.0 0.0 0.0 0.0 0.0 0.0 0.0 0.0 0.0 0.0 0.0 0.0 0.0 0.0 0.0 0.0 0.0 0.0 0.0 0.0 0.0 0.0 0.0 0.0 0.0 0.0 0.0 0.0 0.0 0.0 0.0 0.0 0.0 0.0 0.0 0.0 0.0 0.0 0.0 0.0 0.0 0.0 0.0 0.0 0.0 0.0 0.0 0.0 0.0 0.0 0.0 0.0 0.0 0.0 0.0 0.0 0.0 0.0 0.0 0.0 0.0 0.0 0.0 0.0 0.0 0.0 0.0 0.0 0.0 0.0 0.0 0.0 0.0 0.0 0.0 0.0 0.0 0.0
1.781 1.3446 1.6652 1.968 1.8169 1.9609 2.6489 1.0183 2.765 2.7309 2.4541 1.4388 2.6756 1.9261 1.4634 2.2685 2.1148 1.6718 2.5389 1.5129 2.1357 2.623 1.394 2.8933 2.372 1.5068 2.2066 1.8556 1.8155 1.3557 1.7875 1.9906 1.6878 2.1357 2.0732 1.8553 2.7001 2.9061 1.8842 2.1357 2.3491 2.1357 2.7688 1.6674 2.4582 2.3636 2.2771 0.99222 1.8021 1.4059 2.7903 2.2284 2.6629 2.0637 3.0569 2.8326 2.2951 2.2878 2.9733 1.7745 2.4694 3.2819 1.2735 0.66109 2.0192 1.6345 2.5019 1.4068 2.1357 2.8455 2.1873 1.2534 1.756 1.9312 2.6079 0.11234 2.0632 2.5867 1.8553 1.9906 2.6149 2.1357 2.4597 2.7518 3.0984 2.2926 2.9123 2.1357 1.8502 2.1357 2.102 2.0864 2.8304 2.8633 1.2965 2.2968 0.0 0.0 0.0 2.1252 1.8929 2.1252 2.02 0.0 1.8929 2.1252 1.3895 2.02 0.0 1.8929 2.1252 1.3895
1.5686 2.3683 1.9179 1.5576 2.0696 1.5505 0.65452 2.141 1.2176 1.1836 0.97774 2.4875 1.0942 1.1297 1.7941 0.27417 0.63839 1.9245 0.54457 1.7105 1.0668 0.75965 2.4177 0.89896 0.89566 1.7044 0.21222 1.4822 2.0682 1.9573 1.4141 1.5622 1.9404 1.0668 0.54683 2.9039 1.4928 0.91168 1.5109 1.0668 3.2847 1.0668 0.77448 1.865 3.3938 0.78219 1.4968 1.9339 1.5898 2.4295 1.4209 0.68499 1.1156 1.6534 1.6875 1.6253 1.1867 1.3714 1.392 2.8231 0.88799 1.2875 2.3222 2.0117 2.2718 1.4211 0.98656 2.4555 1.0668 0.85113 2.44 1.855 1.1747 1.1348 1.0606 2.2295 1.6348 0.5923 1.4819 1.5622 1.0336 1.0668 0.46534 0.75746 1.729 0.87318 2.3879 1.0668 1.2069 1.0668 1.0136 1.658 1.461 1.6559 1.7981 0.87744 0.0 0.0 2.1171 0.0 2.6955 0.0 0.6611 2.1171 2.6955 0.0 2.4131 0.6611 2.1171 2.6955 0.0 2.4131
1.1576 0.34932 0.6699 0.97263 0.82162 0.96556 2.4326 1.064 1.7697 1.7356 1.7688 0.54952 2.7543 2.0048 0.4681 2.0562 1.9024 0.67651 2.0926 1.0886 2.2144 1.6277 0.39872 2.677 1.6867 1.0825 1.9943 0.86026 0.82021 0.97137 0.79217 1.3673 0.69244 2.2144 2.1519 0.96594 2.7788 2.2567 0.8889 2.2144 1.4597 2.2144 2.3625 1.243 1.5689 2.4422 1.6098 0.6079 1.1788 0.41056 2.869 2.307 1.6676 1.0684 3.1356 2.9113 1.2998 1.4845 3.052 0.88518 2.548 3.0655 0.77421 1.1868 0.25289 1.4912 1.8166 0.51751 2.2144 2.6292 0.42101 0.86905 1.8347 2.0099 1.6126 0.90349 1.4399 1.6152 0.85992 1.3673 2.6936 2.2144 1.7417 2.0845 3.1771 2.3712 1.917 2.2144 1.9289 2.2144 1.8897 1.463 2.909 2.9419 1.3342 2.3755 0.0 0.0 0.79115 1.9129 0.0 1.9129 2.0987 0.79115 0.0 1.9129 0.39414 2.0987 0.79115 0.0 1.9129 0.39414
1.5686 2.3683 1.9179 1.5576 2.0696 1.5505 0.65452 2.141 1.2176 1.1836 0.97774 2.4875 1.0942 1.1297 1.7941 0.27417 0.63839 1.9245 0.54457 1.7105 1.0668 0.75965 2.4177 0.89896 0.89566 1.7044 0.21222 1.4822 2.0682 1.9573 1.4141 1.5622 1.9404 1.0668 0.54683 2.9039 1.4928 0.91168 1.5109 1.0668 3.2847 1.0668 0.77448 1.865 3.3938 0.78219 1.4968 1.9339 1.5898 2.4295 1.4209 0.68499 1.1156 1.6534 1.6875 1.6253 1.1867 1.3714 1.392 2.8231 0.88799 1.2875 2.3222 2.0117 2.2718 1.4211 0.98656 2.4555 1.0668 0.85113 2.44 1.855 1.1747 1.1348 1.0606 2.2295 1.6348 0.5923 1.4819 1.5622 1.0336 1.0668 0.46534 0.75746 1.729 0.87318 2.3879 1.0668 1.2069 1.0668 1.0136 1.658 1.461 1.6559 1.7981 0.87744 0.0 0.0 2.1171 0.0 2.6955 0.0 0.6611 2.1171 2.6955 0.0 2.4131 0.6611 2.1171 2.6955 0.0 2.4131
1.4753 2.34 1.8896 1.5683 2.0413 1.5612 0.84174 1.6557 1.5308 1.4968 0.94947 2.4592 0.82243 0.63547 1.7658 0.43482 0.61012 1.8962 0.73179 1.6823 0.57253 1.0729 2.3894 1.0862 0.86739 1.6761 0.52544 1.493 2.0399 1.5251 1.4249 1.469 1.9121 0.57253 0.22005 2.8756 1.221 1.0989 1.5216 0.57253 3.2564 0.57253 0.9617 1.8367 3.3656 0.51041 1.5075 1.8216 1.4965 2.4012 1.1492 0.3752 1.4288 1.6641 1.4158 1.3535 1.1974 1.3822 1.1202 2.7949 0.6162 1.4747 2.2939 1.5265 2.2436 1.1359 0.99729 2.4272 0.57253 1.0383 2.4117 1.4227 0.68039 0.64054 1.3738 2.2012 1.5415 0.90552 1.4926 1.469 0.76178 0.57253 0.77855 0.94468 1.4572 0.63591 2.3987 0.57253 0.92159 0.57253 0.77636 1.5647 1.1892 1.3841 1.3659 0.64017 0.0 0.0 2.0888 0.62056 2.6673 0.62056 0.0 2.0888 2.6673 0.62056 2.3848 0.0 2.0888 2.6673 0.62056 2.3848
1.781 1.3446 1.6652 1.968 1.8169 1.9609 2.6489 1.0183 2.765 2.7309 2.4541 1.4388 2.6756 1.9261 1.4634 2.2685 2.1148 1.6718 2.5389 1.5129 2.1357 2.623 1.394 2.8933 2.372 1.5068 2.2066 1.8556 1.8155 1.3557 1.7875 1.9906 1.6878 2.1357 2.0732 1.8553 2.7001 2.9061 1.8842 2.1357 2.3491 2.1357 2.7688 1.6674 2.4582 2.3636 2.2771 0.99222 1.8021 1.4059 2.7903 2.2284 2.6629 2.0637 3.0569 2.8326 2.2951 2.2878 2.9733 1.7745 2.4694 3.2819 1.2735 0.66109 2.0192 1.6345 2.5019 1.4068 2.1357 2.8455 2.1873 1.2534 1.756 1.9312 2.6079 0.11234 2.0632 2.5867 1.8553 1.9906 2.6149 2.1357 2.4597 2.7518 3.0984 2.2926 2.9123 2.1357 1.8502 2.1357 2.102 2.0864 2.8304 2.8633 1.2965 2.2968 0.0 0.0 0.0 2.1252 1.8929 2.1252 2.02 0.0 1.8929 2.1252 1.3895 2.02 0.0 1.8929 2.1252 1.3895
1.1576 0.34932 0.6699 0.97263 0.82162 0.96556 2.4326 1.064 1.7697 1.7356 1.7688 0.54952 2.7543 2.0048 0.4681 2.0562 1.9024 0.67651 2.0926 1.0886 2.2144 1.6277 0.39872 2.677 1.6867 1.0825 1.9943 0.86026 0.82021 0.97137 0.79217 1.3673 0.69244 2.2144 2.1519 0.96594 2.7788 2.2567 0.8889 2.2144 1.4597 2.2144 2.3625 1.243 1.5689 2.4422 1.6098 0.6079 1.1788 0.41056 2.869 2.307 1.6676 1.0684 3.1356 2.9113 1.2998 1.4845 3.052 0.88518 2.548 3.0655 0.77421 1.1868 0.25289 1.4912 1.8166 0.51751 2.2144 2.6292 0.42101 0.86905 1.8347 2.0099 1.6126 0.90349 1.4399 1.6152 0.85992 1.3673 2.6936 2.2144 1.7417 2.0845 3.1771 2.3712 1.917 2.2144 1.9289 2.2144 1.8897 1.463 2.909 2.9419 1.3342 2.3755 0.0 0.0 0.79115 1.9129 0.0 1.9129 2.0987 0.79115 0.0 1.9129 0.39414 2.0987 0.79115 0.0 1.9129 0.39414
1.5686 2.3683 1.9179 1.5576 2.0696 1.5505 0.65452 2.141 1.2176 1.1836 0.97774 2.4875 1.0942 1.1297 1.7941 0.27417 0.63839 1.9245 0.54457 1.7105 1.0668 0.75965 2.4177 0.89896 0.89566 1.7044 0.21222 1.4822 2.0682 1.9573 1.4141 1.5622 1.9404 1.0668 0.54683 2.9039 1.4928 0.91168 1.5109 1.0668 3.2847 1.0668 0.77448 1.865 3.3938 0.78219 1.4968 1.9339 1.5898 2.4295 1.4209 0.68499 1.1156 1.6534 1.6875 1.6253 1.1867 1.3714 1.392 2.8231 0.88799 1.2875 2.3222 2.0117 2.2718 1.4211 0.98656 2.4555 1.0668 0.85113 2.44 1.855 1.1747 1.1348 1.0606 2.2295 1.6348 0.5923 1.4819 1.5622 1.0336 1.0668 0.46534 0.75746 1.729 0.87318 2.3879 1.0668 1.2069 1.0668 1.0136 1.658 1.461 1.6559 1.7981 0.87744 0.0 0.0 2.1171 0.0 2.6955 0.0 0.6611 2.1171 2.6955 0.0 2.4131 0.6611 2.1171 2.6955 0.0 2.4131
1.0464 0.71708 0.98566 1.2884 1.1374 1.2813 2.3363 0.71377 2.0854 2.0514 1.8375 0.81128 2.404 1.6545 0.11787 1.956 1.8022 0.99228 2.2264 0.77833 1.8642 1.9435 0.76649 2.5808 1.7555 0.77222 1.894 1.176 1.136 0.62114 1.1079 1.256 1.0082 1.8642 1.8016 1.2277 2.4286 2.4575 1.2047 1.8642 1.7215 1.8642 2.4563 0.93281 1.8306 2.092 1.5426 0.25766 1.0676 0.77832 2.5187 1.9568 1.9834 1.3842 2.7853 2.5611 1.6155 1.5532 2.7018 1.1469 2.1978 2.9693 0.64597 0.83653 1.3397 1.3219 1.8854 0.77927 1.8642 2.5329 1.5078 0.51882 1.4845 1.6596 1.9284 0.55326 1.3286 1.9309 1.1757 1.256 2.3434 1.8642 1.9425 2.2853 2.8268 2.021 2.2327 1.8642 1.5787 1.8642 1.7894 1.3518 2.5588 2.5917 0.98395 2.0252 0.0 0.0 0.44091 1.8126 1.2653 1.8126 1.7484 0.44091 1.2653 1.8126 0.0 1.7484 0.44091 1.2653 1.8126 0.0
1.4753 2.34 1.8896 1.5683 2.0413 1.5612 0.84174 1.6557 1.5308 1.4968 0.94947 2.4592 0.82243 0.63547 1.7658 0.43482 0.61012 1.8962 0.73179 1.6823 0.57253 1.0729 2.3894 1.0862 0.86739 1.6761 0.52544 1.493 2.0399 1.5251 1.4249 1.469 1.9121 0.57253 0.22005 2.8756 1.221 1.0989 1.5216 0.57253 3.2564 0.57253 0.9617 1.8367 3.3656 0.51041 1.5075 1.8216 1.4965 2.4012 1.1492 0.3752 1.4288 1.6641 1.4158 1.3535 1.1974 1.3822 1.1202 2.7949 0.6162 1.4747 2.2939 1.5265 2.2436 1.1359 0.99729 2.4272 0.57253 1.0383 2.4117 1.4227 0.68039 0.64054 1.3738 2.2012 1.5415 0.90552 1.4926 1.469 0.76178 0.57253 0.77855 0.94468 1.4572 0.63591 2.3987 0.57253 0.92159 0.57253 0.77636 1.5647 1.1892 1.3841 1.3659 0.64017 0.0 0.0 2.0888 0.62056 2.6673 0.62056 0.0 2.0888 2.6673 0.62056 2.3848 0.0 2.0888 2.6673 0.62056 2.3848
1.781 1.3446 1.6652 1.968 1.8169 1.9609 2.6489 1.0183 2.765 2.7309 2.4541 1.4388 2.6756 1.9261 1.4634 2.2685 2.1148 1.6718 2.5389 1.5129 2.1357 2.623 1.394 2.8933 2.372 1.5068 2.2066 1.8556 1.8155 1.3557 1.7875 1.9906 1.6878 2.1357 2.0732 1.8553 2.7001 2.9061 1.8842 2.1357 2.3491 2.1357 2.7688 1.6674 2.4582 2.3636 2.2771 0.99222 1.8021 1.4059 2.7903 2.2284 2.6629 2.0637 3.0569 2.8326 2.2951 2.2878 2.9733 1.7745 2.4694 3.2819 1.2735 0.66109 2.0192 1.6345 2.5019 1.4068 2.1357 2.8455 2.1873 1.2534 1.756 1.9312 2.6079 0.11234 2.0632 2.5867 1.8553 1.9906 2.6149 2.1357 2.4597 2.7518 3.0984 2.2926 2.9123 2.1357 1.8502 2.1357 2.102 2.0864 2.8304 2.8633 1.2965 2.2968 0.0 0.0 0.0 2.1252 1.8929 2.1252 2.02 0.0 1.8929 2.1252 1.3895 2.02 0.0 1.8929 2.1252 1.3895
1.1576 0.34932 0.6699 0.97263 0.82162 0.96556 2.4326 1.064 1.7697 1.7356 1.7688 0.54952 2.7543 2.0048 0.4681 2.0562 1.9024 0.67651 2.0926 1.0886 2.2144 1.6277 0.39872 2.677 1.6867 1.0825 1.9943 0.86026 0.82021 0.97137 0.79217 1.3673 0.69244 2.2144 2.1519 0.96594 2.7788 2.2567 0.8889 2.2144 1.4597 2.2144 2.3625 1.243 1.5689 2.4422 1.6098 0.6079 1.1788 0.41056 2.869 2.307 1.6676 1.0684 3.1356 2.9113 1.2998 1.4845 3.052 0.88518 2.548 3.0655 0.77421 1.1868 0.25289 1.4912 1.8166 0.51751 2.2144 2.6292 0.42101 0.86905 1.8347 2.0099 1.6126 0.90349 1.4399 1.6152 0.85992 1.3673 2.6936 2.2144 1.7417 2.0845 3.1771 2.3712 1.917 2.2144 1.9289 2.2144 1.8897 1.463 2.909 2.9419 1.3342 2.3755 0.0 0.0 0.79115 1.9129 0.0 1.9129 2.0987 0.79115 0.0 1.9129 0.39414 2.0987 0.79115 0.0 1.9129 0.39414
1.5686 2.3683 1.9179 1.5576 2.0696 1.5505 0.65452 2.141 1.2176 1.1836 0.97774 2.4875 1.0942 1.1297 1.7941 0.27417 0.63839 1.9245 0.54457 1.7105 1.0668 0.75965 2.4177 0.89896 0.89566 1.7044 0.21222 1.4822 2.0682 1.9573 1.4141 1.5622 1.9404 1.0668 0.54683 2.9039 1.4928 0.91168 1.5109 1.0668 3.2847 1.0668 0.77448 1.865 3.3938 0.78219 1.4968 1.9339 1.5898 2.4295 1.4209 0.68499 1.1156 1.6534 1.6875 1.6253 1.1867 1.3714 1.392 2.8231 0.88799 1.2875 2.3222 2.0117 2.2718 1.4211 0.98656 2.4555 1.0668 0.85113 2.44 1.855 1.1747 1.1348 1.0606 2.2295 1.6348 0.5923 1.4819 1.5622 1.0336 1.0668 0.46534 0.75746 1.729 0.87318 2.3879 1.0668 1.2069 1.0668 1.0136 1.658 1.461 1.6559 1.7981 0.87744 0.0 0.0 2.1171 0.0 2.6955 0.0 0.6611 2.1171 2.6955 0.0 2.4131 0.6611 2.1171 2.6955 0.0 2.4131
1.0464 0.71708 0.98566 1.2884 1.1374 1.2813 2.3363 0.71377 2.0854 2.0514 1.8375 0.81128 2.404 1.6545 0.11787 1.956 1.8022 0.99228 2.2264 0.77833 1.8642 1.9435 0.76649 2.5808 1.7555 0.77222 1.894 1.176 1.136 0.62114 1.1079 1.256 1.0082 1.8642 1.8016 1.2277 2.4286 2.4575 1.2047 1.8642 1.7215 1.8642 2.4563 0.93281 1.8306 2.092 1.5426 0.25766 1.0676 0.77832 2.5187 1.9568 1.9834 1.3842 2.7853 2.5611 1.6155 1.5532 2.7018 1.1469 2.1978 2.9693 0.64597 0.83653 1.3397 1.3219 1.8854 0.77927 1.8642 2.5329 1.5078 0.51882 1.4845 1.6596 1.9284 0.55326 1.3286 1.9309 1.1757 1.256 2.3434 1.8642 1.9425 2.2853 2.8268 2.021 2.2327 1.8642 1.5787 1.8642 1.7894 1.3518 2.5588 2.5917 0.98395 2.0252 0.0 0.0 0.44091 1.8126 1.2653 1.8126 1.7484 0.44091 1.2653 1.8126 0.0 1.7484 0.44091 1.2653 1.8126 0.0
