4 40 1 1 5 1 471
1 37.783497 -122.41252 0.5 1.0 0.0 471.0
2 37.78713 -122.41005 0.5 1.0 0.0 471.0
3 37.781029 -122.41708 0.5 1.0 0.0 471.0
4 37.787598 -122.4214 0.5 1.0 0.0 471.0
5 37.786481 -122.41514 0.5 1.0 0.0 471.0
6 37.778658 -122.41827 0.5 1.0 0.0 471.0
7 37.784951 -122.41218 0.5 1.0 0.0 471.0
8 37.783881 -122.41597 0.5 1.0 0.0 471.0
9 37.77471 -122.42086 0.5 1.0 0.0 471.0
10 37.78537 -122.40953 0.5 1.0 0.0 471.0
11 37.787218 -122.41665 0.5 1.0 0.0 471.0
12 37.786446 -122.41649 0.5 1.0 0.0 471.0
13 37.780966 -122.42092 0.5 1.0 0.0 471.0
14 37.781549 -122.42379 0.5 1.0 0.0 471.0
15 37.78831 -122.40829 0.5 1.0 0.0 471.0
16 37.787418 -122.41519 0.5 1.0 0.0 471.0
17 37.781861 -122.41725 0.5 1.0 0.0 471.0
18 37.782444 -122.41231 0.5 1.0 0.0 471.0
19 37.788155 -122.41514 0.5 1.0 0.0 471.0
20 37.787205 -122.40948 0.5 1.0 0.0 471.0
21 37.788729 -122.41258 0.5 1.0 0.0 471.0
22 37.780365 -122.41695 0.5 1.0 0.0 471.0
23 37.782485 -122.414 0.5 1.0 0.0 471.0
24 37.784923 -122.41239 0.5 1.0 0.0 471.0
25 37.786196 -122.40969 0.5 1.0 0.0 471.0
26 37.7811 -122.41239 0.5 1.0 0.0 471.0
27 37.786431 -122.41554 0.5 1.0 0.0 471.0
28 37.787939 -122.41118 0.5 1.0 0.0 471.0
29 37.780324 -122.41694 0.5 1.0 0.0 471.0
30 37.784339 -122.41437 0.5 1.0 0.0 471.0
31 37.782725 -122.41743 0.5 1.0 0.0 471.0
32 37.777682 -122.41682 0.5 1.0 0.0 471.0
33 37.78496 -122.41281 0.5 1.0 0.0 471.0
34 37.787944 -122.42177 0.5 1.0 0.0 471.0
35 37.786286 -122.40927 0.5 1.0 0.0 471.0
36 37.784969 -122.4162 0.5 1.0 0.0 471.0
37 37.786646 -122.4081 0.5 1.0 0.0 471.0
38 37.789285 -122.40817 0.5 1.0 0.0 471.0
39 37.781732 -122.42051 0.5 1.0 0.0 471.0
40 37.788421 -122.41015 0.5 1.0 0.0 471.0
41 37.780915 -122.4137 0.5 -1.0 0.0 15.0
42 37.785065 -122.40947 0.5 -1.0 8.0 23.0
43 37.7877 -122.41841 0.5 -1.0 17.0 32.0
44 37.776816 -122.42298 0.5 -1.0 21.0 36.0
45 37.786063 -122.42138 0.5 -1.0 41.0 56.0
46 37.785876 -122.41807 0.5 -1.0 71.0 86.0
47 37.783441 -122.42405 0.5 -1.0 86.0 101.0
48 37.782214 -122.4107 0.5 -1.0 109.0 124.0
49 37.786152 -122.41026 0.5 -1.0 114.0 129.0
50 37.782757 -122.41237 0.5 -1.0 129.0 144.0
51 37.781604 -122.42049 0.5 -1.0 150.0 165.0
52 37.780038 -122.42059 0.5 -1.0 151.0 166.0
53 37.77879 -122.41483 0.5 -1.0 160.0 175.0
54 37.774829 -122.42258 0.5 -1.0 188.0 203.0
55 37.788322 -122.42185 0.5 -1.0 199.0 214.0
56 37.788012 -122.42179 0.5 -1.0 206.0 221.0
57 37.78949 -122.41411 0.5 -1.0 209.0 224.0
58 37.779857 -122.41516 0.5 -1.0 218.0 233.0
59 37.78176 -122.42213 0.5 -1.0 256.0 271.0
60 37.781013 -122.41877 0.5 -1.0 265.0 280.0
61 37.784554 -122.40936 0.5 -1.0 265.0 280.0
62 37.786545 -122.40718 0.5 -1.0 287.0 302.0
63 37.774583 -122.41998 0.5 -1.0 289.0 304.0
64 37.777146 -122.42305 0.5 -1.0 315.0 330.0
65 37.784413 -122.40891 0.5 -1.0 327.0 342.0
66 37.780397 -122.42201 0.5 -1.0 331.0 346.0
67 37.778872 -122.41492 0.5 -1.0 344.0 359.0
68 37.786602 -122.40809 0.5 -1.0 344.0 359.0
69 37.785867 -122.41246 0.5 -1.0 374.0 389.0
70 37.785877 -122.41991 0.5 -1.0 378.0 393.0
71 37.790021 -122.40991 0.5 -1.0 383.0 398.0
72 37.780462 -122.42202 0.5 -1.0 407.0 422.0
73 37.77797 -122.41815 0.5 -1.0 409.0 424.0
74 37.785393 -122.41965 0.5 -1.0 417.0 432.0
75 37.788381 -122.40771 0.5 -1.0 430.0 445.0
76 37.784199 -122.40827 0.5 -1.0 441.0 456.0
77 37.784313 -122.40838 0.5 -1.0 441.0 456.0
78 37.789216 -122.40886 0.5 -1.0 452.0 467.0
79 37.781366 -122.42044 0.5 -1.0 452.0 467.0
80 37.787854 -122.41003 0.5 -1.0 452.0 467.0
81 37.782269 -122.41818 0.0 0.0 0.0 471.0
82 37.782269 -122.41818 0.0 0.0 0.0 471.0
83 37.782269 -122.41818 0.0 0.0 0.0 471.0
84 37.78846 -122.41016 0.0 0.0 0.0 471.0
85 37.786472 -122.40974 0.0 0.0 0.0 471.0
86 37.786549 -122.40715 0.0 0.0 0.0 471.0
87 37.780384 -122.41783 0.0 0.0 0.0 471.0
88 37.786549 -122.40715 0.0 0.0 0.0 471.0
89 37.78846 -122.41016 0.0 0.0 0.0 471.0
90 37.782269 -122.41818 0.0 0.0 0.0 471.0
91 37.786472 -122.40974 0.0 0.0 0.0 471.0
92 37.780384 -122.41783 0.0 0.0 0.0 471.0
93 37.786549 -122.40715 0.0 0.0 0.0 471.0
94 37.78846 -122.41016 0.0 0.0 0.0 471.0
95 37.782269 -122.41818 0.0 0.0 0.0 471.0
96 37.786472 -122.40974 0.0 0.0 0.0 471.0
81
82
83 84 85 86
87 88 89 90 91
92 93 94 95 96
8 8 8 8 8 8 8 8 8 8 8 8 8 8 8 8 8 8 8 8 8 8 8 8 8 8 8 8 8 8 8 8 8 8 8 8 8 8 8 8
3 3 3 3
3.5 3.5 3.5 3.5
3.5 3.5 3.5 3.5
0.7 0.7 0.7 0.7
0.055 0.055 0.055 0.055 0.055
0.0715
0.75 0.25
0.0 1.8263 1.0822 2.0819 1.2077 1.4663 1.163 1.1759 1.8956 1.4859 1.7474 1.9562 1.9087 1.7716 1.8579 2.0559 1.1861 0.28447 1.5226 1.8979 1.6619 0.98175 0.90651 1.2085 1.2632 0.46788 1.2929 1.4739 0.99273 0.71081 0.88577 1.1393 1.2889 1.9968 1.3083 1.4777 1.4924 2.8633 1.4943 2.2184 0.57818 1.3884 1.6052 1.9285 1.7658 1.3134 2.006 0.50206 1.3021 0.20015 1.4597 1.3705 1.0526 2.2291 2.0289 2.0153 2.0022 0.99028 1.5407 1.2265 1.5268 1.6226 1.6682 2.1271 1.1718 1.6641 1.0232 1.4804 1.2328 1.5329 2.012 1.6816 1.5555 1.5736 1.9808 0.93741 0.97596 2.0757 1.4639 1.6952 0.0 0.0 0.96707 2.2078 1.9253 1.6293 1.1238 1.6293 2.2078 0.96707 1.9253 1.1238 1.6293 2.2078 0.96707 1.9253
1.0083 0.0 1.9712 1.8149 0.75167 2.3553 1.518 1.2819 2.7846 1.2259 1.4804 1.6892 2.7978 2.5876 1.0529 1.7889 2.0751 1.1735 1.0667 1.483 0.77591 1.8708 1.7955 1.5636 1.0032 1.3569 0.83692 0.58791 1.8817 1.5998 1.7058 2.0283 0.79594 1.7318 1.0483 1.1077 1.2325 1.9773 2.3103 1.3324 1.4672 1.2124 1.3382 2.8175 1.5008 1.6605 2.389 1.3911 1.0421 1.0892 2.2757 2.2595 1.9416 3.1181 1.7639 1.7503 1.5462 1.8793 2.3568 2.0465 1.3508 1.3626 2.5572 3.0161 1.3968 2.5531 1.9122 1.2204 0.73981 1.2659 1.126 2.5706 2.4445 1.3196 1.1759 1.5313 1.4927 1.2708 2.2799 0.80918 0.0 0.0 1.7871 1.3218 1.0393 1.3694 2.0129 1.3694 1.3218 1.7871 1.0393 2.0129 1.3694 1.3218 1.7871 1.0393
1.2989 2.1239 0.0 1.5345 1.2723 1.1329 1.6697 1.1045 1.7932 1.7835 1.2 1.4088 1.5124 1.2242 2.1555 1.5086 0.22473 1.4641 1.5873 2.1956 1.9595 0.68838 0.72114 1.7152 1.5608 0.87154 1.3575 1.7715 0.69936 1.0714 0.33839 1.0369 1.3536 1.4494 1.6059 0.93029 1.7901 3.1609 0.94691 2.5161 0.64681 1.77 1.0578 1.7201 1.2184 0.76607 1.4586 1.0087 1.5997 1.3798 0.91236 0.97411 0.75919 2.0207 1.4815 1.4679 1.9528 0.69691 0.99337 0.67914 1.9084 1.9202 1.5658 1.7307 1.6784 1.2677 0.72979 1.778 1.2974 0.98551 2.3096 1.2852 1.2222 1.0263 2.2785 1.444 1.4826 2.3734 0.91648 1.9928 0.0 0.0 0.41969 2.5054 2.223 1.927 0.83048 1.927 2.5054 0.41969 2.223 0.83048 1.927 2.5054 0.41969 2.223
2.1285 2.2145 2.1324 0.0 1.8349 2.1605 2.6382 1.6671 2.8428 2.3461 1.1496 1.3584 2.5059 2.2178 2.3271 1.4581 1.9793 2.2937 1.6128 2.7571 2.1591 2.032 2.2947 2.6838 2.1234 2.4451 1.9201 1.9711 2.0429 2.082 2.091 2.6105 1.9161 0.16696 2.1685 1.4929 2.3527 2.6705 1.9405 2.0256 2.2204 2.3326 1.1144 2.7137 1.131 1.3286 2.0192 2.5113 2.1623 2.2094 1.9059 1.9677 2.3328 3.0143 0.19906 0.1855 1.3184 2.2705 1.9869 1.7067 2.471 2.4828 2.6154 2.7243 2.517 2.2613 2.3034 2.3406 1.86 0.89609 1.8192 2.2788 2.2497 0.94984 2.4501 2.6515 2.6129 2.156 1.9101 2.0834 0.0 0.0 2.1723 2.015 2.3135 2.4895 1.9775 2.4895 2.015 2.1723 2.3135 1.9775 2.4895 2.015 2.1723 2.3135
1.1613 1.7193 1.3952 1.2329 0.0 1.7793 1.6711 0.69989 2.3996 1.3789 0.8984 1.1072 2.2218 2.0056 1.7509 1.207 1.4991 1.3265 1.1827 1.791 1.5549 1.2948 1.3275 1.7166 1.1562 1.4779 0.085251 1.3669 1.3058 1.1148 1.1238 1.6433 0.94896 1.1498 1.2013 0.52569 1.3855 2.7563 1.7283 2.1115 1.2532 1.3654 0.75619 2.4295 0.91881 1.0785 1.807 1.5441 1.1951 1.2422 1.6938 1.6835 1.3656 2.7301 1.1819 1.1683 1.6512 1.3033 1.7748 1.4645 1.5038 1.5156 2.1722 2.4401 1.5498 1.9771 1.3362 1.3735 0.89283 0.68391 1.905 1.9946 1.8686 0.73766 1.8739 1.6843 1.6457 1.9688 1.6979 1.5882 0.0 0.0 1.2051 2.1008 1.8184 1.5224 1.4369 1.5224 2.1008 1.2051 1.8184 1.4369 1.5224 2.1008 1.2051 1.8184
1.7942 2.5682 0.66412 1.8848 1.8156 0.0 1.905 1.6478 0.9965 2.2278 1.7433 1.9521 1.1347 1.3055 2.5998 2.0519 0.76803 1.7944 2.1306 2.6399 2.4038 0.56369 1.2164 1.9505 2.0051 1.1128 1.9008 2.2158 0.57466 1.5667 0.8817 0.64625 1.8969 1.5307 2.0502 1.4736 2.2344 3.6052 0.75921 2.9604 0.88811 2.1303 1.6011 0.86741 1.2997 1.3094 1.5399 1.504 2.044 1.7101 0.72466 0.59641 0.5795 1.168 1.5628 1.5492 2.4961 0.93822 1.0747 0.50412 2.2687 2.3645 0.7691 0.99405 1.9137 0.89005 0.55009 2.2224 1.8407 1.3358 2.7539 0.90752 0.18547 1.2336 2.7228 1.6793 1.7179 2.8177 0.72878 2.4371 0.0 0.0 0.963 2.9497 2.6673 2.3713 0.51727 2.3713 2.9497 0.963 2.6673 0.51727 2.3713 2.9497 0.963 2.6673
0.38151 1.5545 1.3444 1.9301 0.86691 1.7285 0.0 0.83511 2.1578 1.2141 1.5956 1.8045 2.171 2.0338 1.5862 1.9042 1.4484 0.54672 1.1819 1.6262 1.3901 1.244 1.1688 0.045519 0.99144 0.73013 0.95216 1.2021 1.255 0.97306 1.148 1.4016 0.94818 1.847 1.0365 1.2229 1.2207 2.5915 1.7565 1.9467 0.84043 1.2007 1.4534 2.1907 1.616 1.2137 2.0742 0.76431 1.0303 0.4624 1.722 1.6327 1.3148 2.4913 1.8791 1.8655 1.6615 1.2525 1.803 1.4888 1.339 1.3509 1.9304 2.3894 0.90007 1.9264 1.2854 1.2087 0.89205 1.3811 1.7403 1.9438 1.8178 1.4349 1.7091 1.0345 0.99594 1.804 1.7261 1.4234 0.0 0.0 1.2293 1.936 1.6536 1.3576 1.3861 1.3576 1.936 1.2293 1.6536 1.3861 1.3576 1.936 1.2293 1.6536
0.76373 1.8847 0.81666 1.7414 1.0331 1.2007 1.2735 0.0 1.821 1.5444 1.4068 1.6157 1.6432 1.431 1.9164 1.7154 0.92057 0.92893 1.3481 1.9564 1.7204 0.71622 0.74898 1.319 1.3217 0.89938 1.1184 1.5324 0.7272 0.53628 0.54523 1.0648 1.1144 1.6562 1.3668 1.1371 1.5509 2.9217 1.1537 2.2769 0.67465 1.5309 1.2646 1.8509 1.4252 0.97291 1.6655 1.0365 1.3606 0.84461 1.1192 1.1049 0.78703 2.1515 1.6883 1.6748 1.8277 0.72475 1.2002 0.88598 1.6692 1.6811 1.5936 1.8616 1.2823 1.3986 0.75763 1.5389 1.0583 1.1923 2.0705 1.4161 1.29 1.2331 2.0393 1.4167 1.3782 2.1342 1.1233 1.7536 0.0 0.0 0.62653 2.2662 1.9838 1.6878 0.85831 1.6878 2.2662 0.62653 1.9838 0.85831 1.6878 2.2662 0.62653 1.9838
2.4619 3.0429 1.3488 2.3355 2.4093 0.94391 2.3797 2.2415 0.0 2.7025 2.337 2.5458 1.1174 1.3192 3.0745 2.6456 1.4527 2.2691 2.7243 3.1146 2.8785 1.2484 1.8841 2.4252 2.4798 1.6545 2.4945 2.6905 1.2594 2.2344 1.5664 0.87495 2.4906 1.8594 2.5249 2.0673 2.7091 4.0799 1.0879 3.4351 1.5558 2.605 2.1948 0.63111 1.6284 1.9031 1.5536 2.1717 2.5187 2.1848 1.0534 0.92511 1.2892 0.58071 1.8915 1.8779 3.0108 1.6229 1.4034 1.1808 2.7434 2.8392 0.64279 0.86974 2.3884 0.87274 1.2598 2.697 2.4344 1.7865 3.2286 0.89022 1.0332 1.6843 3.1975 2.154 2.1926 3.2924 1.0575 2.9118 0.0 0.0 1.6477 3.4244 3.142 2.846 1.194 2.846 3.4244 1.6477 3.142 1.194 2.846 3.4244 1.6477 3.142
0.82137 1.1804 1.5053 2.055 0.99177 1.8854 0.51714 1.275 2.2947 0.0 1.7205 1.9293 2.3318 2.4157 1.212 2.029 1.6092 0.92858 1.3068 1.252 1.016 1.4049 1.3296 0.56266 0.6173 0.89099 1.077 0.82801 1.4158 1.3549 1.5299 1.5384 1.036 1.9719 0.6624 1.3478 0.84656 2.2174 1.9564 1.5725 1.0013 0.082517 1.5783 2.3276 1.7409 1.6536 2.5141 1.1462 0.6562 0.84426 1.9218 1.7936 1.4757 2.6282 2.004 1.9904 1.7863 1.4134 2.1848 1.7013 0.22087 0.97672 2.0673 2.5502 0.26693 2.0872 1.4463 0.83453 0.97991 1.506 1.3661 2.1047 1.9746 1.5597 1.335 0.40135 0.3628 1.4299 1.926 1.0493 0.0 0.0 1.6112 1.5619 1.2794 0.98345 1.547 0.98345 1.5619 1.6112 1.2794 1.547 0.98345 1.5619 1.6112 1.2794
1.1223 1.6803 1.3563 1.194 0.82872 1.7403 1.6321 0.66092 2.3606 1.34 0.0 0.20883 2.1828 1.9666 1.712 1.168 1.4602 1.2875 1.1437 1.752 1.516 1.2558 1.2886 1.6776 1.1173 1.439 0.91397 1.328 1.2668 1.0759 1.0848 1.6044 0.90999 1.1108 1.1623 0.48672 1.3465 2.7173 1.6893 2.0725 1.2142 1.3265 0.71723 2.3905 0.87984 1.0395 1.7681 1.5051 1.1562 1.2032 1.6548 1.6445 1.3266 2.6911 1.1429 1.1294 1.6123 1.2643 1.7358 1.4256 1.4648 1.4767 2.1332 2.4012 1.5109 1.9382 1.2972 1.3345 0.85386 0.64495 1.8661 1.9557 1.8296 0.69869 1.8349 1.6453 1.6068 1.9298 1.6589 1.5492 0.0 0.0 1.1661 2.0618 1.7794 1.4834 1.3979 1.4834 2.0618 1.1661 1.7794 1.3979 1.4834 2.0618 1.1661 1.7794
0.91349 1.4715 1.1474 0.98512 0.61989 1.5315 1.4233 0.45209 2.1518 1.1311 0.6506 0.0 1.974 1.7578 1.5031 0.95917 1.2513 1.0787 0.93487 1.5432 1.3071 1.047 1.0797 1.4688 0.90842 1.2301 0.70514 1.1191 1.058 0.86704 0.876 1.3955 0.70116 0.90199 0.95352 0.27789 1.1377 2.5085 1.4805 1.8637 1.0054 1.1176 0.50839 2.1817 0.67101 0.83067 1.5592 1.2963 0.94732 0.99438 1.446 1.4357 1.1178 2.4823 0.93408 0.92052 1.4034 1.0555 1.527 1.2167 1.256 1.2678 1.9244 2.1923 1.302 1.7293 1.0884 1.1257 0.64503 0.43611 1.6572 1.7468 1.6208 0.48986 1.6261 1.4365 1.3979 1.721 1.4501 1.3404 0.0 0.0 0.9573 1.853 1.5706 1.2746 1.1891 1.2746 1.853 0.9573 1.5706 1.1891 1.2746 1.853 0.9573 1.5706
1.719 2.398 0.71396 1.4727 1.5464 0.74205 2.0148 1.3786 1.1273 2.0577 1.4741 1.683 0.0 0.77132 2.4297 1.7827 0.64487 1.8842 1.8614 2.4697 2.2337 0.61352 1.1413 2.0603 1.835 1.1627 1.6317 2.0457 0.6245 1.4916 0.75853 1.1321 1.6277 0.99652 1.8801 1.2044 2.0642 3.435 0.22505 2.7902 0.93795 2.0442 1.3319 0.99824 0.76554 1.0402 1.0058 1.4288 1.8739 1.7999 0.1905 0.25225 1.0503 1.2988 1.0286 1.0151 2.148 0.98805 0.5405 0.37228 2.1825 2.1944 0.89993 1.0089 2.0236 0.54588 1.0209 2.0522 1.5716 0.92365 2.5838 0.56336 0.8313 0.8214 2.5526 1.7892 1.8277 2.6475 0.19462 2.2669 0.0 0.0 0.83983 2.7795 2.4971 2.2011 0.5591 2.2011 2.7795 0.83983 2.4971 0.5591 2.2011 2.7795 0.83983 2.4971
2.2253 2.9043 1.2202 1.9789 2.0527 1.2483 2.5211 1.8849 1.4666 2.5639 1.9804 2.1892 0.63177 0.0 2.9359 2.289 1.1511 2.3905 2.3677 2.976 2.7399 1.1198 1.6475 2.5666 2.3412 1.6689 2.1379 2.5519 1.1308 1.9978 1.2648 1.6383 2.134 1.5028 2.3863 1.7107 2.5705 3.9413 0.73131 3.2965 1.4442 2.5504 1.8382 0.70051 1.2718 1.5465 1.068 1.9351 2.3801 2.3062 0.69676 0.75851 1.5566 1.0011 1.5349 1.5213 2.6542 1.4943 1.0468 0.87854 2.6888 2.7006 1.4062 0.67315 2.5298 0.65015 1.5272 2.5585 2.0778 1.4299 3.09 0.66762 1.3376 1.3277 3.0589 2.2954 2.334 3.1538 0.70088 2.7732 0.0 0.0 1.3461 3.2858 3.0034 2.7074 1.0654 2.7074 3.2858 1.3461 3.0034 1.0654 2.7074 3.2858 1.3461 3.0034
1.6984 0.8594 2.4383 2.505 1.4418 2.8184 1.6332 1.972 3.2277 1.212 2.1705 2.3794 3.2649 3.2777 0.0 2.4791 2.5423 1.8636 1.7568 0.90609 1.466 2.3379 2.2627 1.6787 0.98934 1.824 1.5271 1.278 2.3489 2.29 2.3959 2.4715 1.4861 2.4219 1.0344 1.7978 0.83669 1.9844 2.8894 1.4726 1.9343 1.1986 2.0283 3.2606 2.1909 2.3506 3.0791 2.0812 1.7322 1.7793 2.8549 2.7266 2.4087 3.5612 2.454 2.4404 2.2364 2.3464 3.0469 2.6343 1.3369 1.0248 3.0003 3.4833 1.383 3.0203 2.3793 0.84871 1.4299 1.956 1.8162 3.0377 2.9077 2.0098 0.12294 1.2196 1.2581 1.0839 2.859 1.4993 0.0 0.0 2.4772 1.4619 0.95849 1.0315 2.48 1.0315 1.4619 2.4772 0.95849 2.48 1.0315 1.4619 2.4772 0.95849
0.98184 1.0568 1.9428 1.3365 0.72523 2.3269 1.4916 1.2474 2.7581 1.1995 0.67995 0.88878 2.7693 2.5531 1.1695 0.0 2.0467 1.147 0.23122 1.5995 0.89247 1.8423 1.7691 1.5371 0.97677 1.3305 0.81049 0.70448 1.8533 1.5734 1.6713 2.0019 0.76951 1.4303 1.0219 1.0732 1.206 2.0628 2.2759 1.418 1.4408 1.186 1.3037 2.7911 1.4664 1.626 2.3546 1.3646 1.0157 1.0627 2.2413 2.2311 1.9131 3.0917 1.4624 1.4489 0.71078 1.8509 2.3223 2.0121 1.3243 1.3362 2.5307 2.9877 1.3704 2.5247 1.8837 1.194 0.71338 1.2315 1.2116 2.5422 2.4161 1.2852 1.2924 1.5048 1.4663 1.3873 2.2454 0.92574 0.0 0.0 1.7526 1.4073 1.1559 1.3429 1.9844 1.3429 1.4073 1.7526 1.1559 1.9844 1.3429 1.4073 1.7526 1.1559
1.2112 2.0192 1.0001 1.4298 1.1676 1.0282 1.721 0.9998 1.7445 1.6788 1.0953 1.3041 1.4077 1.1195 2.0509 1.4039 0.0 1.3764 1.4826 2.0909 1.8548 0.8997 1.1965 1.7665 1.4561 1.3469 1.2529 1.6668 0.91068 0.98376 0.23371 1.5123 1.2489 1.3447 1.5012 0.8256 1.6854 3.0562 0.84222 2.4114 1.1221 1.6654 0.95311 1.6154 1.1137 0.66138 1.3539 1.484 1.495 1.2921 0.80768 0.86943 1.2345 1.916 1.3768 1.3632 1.8481 1.1722 0.88868 0.57446 1.8037 1.8156 1.5171 1.6261 1.7298 1.1631 1.2051 1.6734 1.1927 0.88083 2.205 1.1805 1.1175 0.92158 2.1738 1.8642 1.8256 2.2687 0.8118 1.8881 0.0 0.0 0.31501 2.4007 2.1183 1.8223 0.84528 1.8223 2.4007 0.31501 2.1183 0.84528 1.8223 2.4007 0.31501 2.1183
1.304 1.663 0.91894 2.3326 1.4744 1.303 0.99978 1.5586 1.7323 1.3226 1.9981 2.207 1.7455 1.9163 1.6947 2.3067 1.0229 0.0 1.7894 1.7347 1.4986 0.81851 0.74327 1.0453 1.0999 0.30463 1.5597 1.3106 0.82948 1.0936 1.1365 0.97607 1.5187 2.1415 1.145 1.7284 1.3292 2.7 1.37 2.0552 0.41493 1.2252 1.8559 1.7652 1.9105 1.5642 2.1507 0.33881 1.1388 0.8049 1.3355 1.2072 0.88932 2.0658 2.1736 2.16 2.269 0.82704 1.6855 1.1149 1.3635 1.4594 1.5049 1.9639 1.0086 1.5009 0.85991 1.3172 1.4625 1.7836 1.8488 1.5183 1.3923 1.8244 1.8176 0.77416 0.81271 1.9125 1.3396 1.5319 0.0 0.0 1.2178 2.0445 1.7621 1.4661 0.9606 1.4661 2.0445 1.2178 1.7621 0.9606 1.4661 2.0445 1.2178 1.7621
1.4658 1.4318 1.7677 1.1614 1.2092 2.1518 1.9756 1.0724 2.7721 1.6834 0.50493 0.71376 2.5943 2.3781 1.5445 0.81349 1.8717 1.631 0.0 1.9745 1.3764 1.6673 1.7001 2.0211 1.4607 1.8144 1.2945 1.1884 1.6783 1.4874 1.4963 2.0159 1.2535 1.2553 1.5058 0.89821 1.69 1.8878 2.1008 1.243 1.6257 1.67 1.1287 2.802 1.2913 1.451 2.1795 1.8486 1.4996 1.5467 2.0663 2.056 1.7381 3.1026 1.2874 1.2738 0.53575 1.6758 2.1473 1.8371 1.8083 1.8202 2.5447 2.8127 1.8544 2.3497 1.7087 1.678 1.1973 1.0564 1.0366 2.3671 2.2411 1.1102 1.6674 1.9888 1.9502 1.3733 2.0704 1.3007 0.0 0.0 1.5776 1.2323 1.5309 1.8269 1.8094 1.8269 1.2323 1.5776 1.5309 1.8094 1.8269 1.2323 1.5776 1.5309
0.96069 0.12168 1.8836 1.7673 0.70408 2.2637 0.89546 1.2343 2.673 0.47432 1.4328 1.6416 2.7102 2.54 0.84634 1.7414 1.9875 1.1259 1.0191 0.0 0.72832 1.7832 1.7079 0.94098 0.25162 1.2693 0.78933 0.54032 1.7942 1.5522 1.6582 1.9167 0.74836 1.6842 0.29671 1.0601 0.48087 1.9297 2.2627 1.2849 1.3796 0.46083 1.2906 2.7059 1.4532 1.6129 2.3414 1.3435 0.99452 1.0416 2.2282 2.1719 1.854 3.0065 1.7163 1.7027 1.4986 1.7917 2.3092 1.9989 0.59918 0.61103 2.4456 2.9285 0.64524 2.4655 1.8246 0.46885 0.69222 1.2183 1.0784 2.483 2.353 1.2721 0.96928 0.77967 0.74112 1.0642 2.2323 0.76159 0.0 0.0 1.7395 1.2742 0.22076 0.61777 1.9253 0.61777 1.2742 1.7395 0.22076 1.9253 0.61777 1.2742 1.7395 0.22076
1.0375 1.1125 2.0004 1.5771 0.78089 2.3845 1.5473 1.3111 2.8138 1.2551 0.92061 1.1294 2.827 2.6168 1.2251 1.2292 2.1043 1.2027 1.0959 1.6552 0.0 1.9 1.8248 1.5928 1.0324 1.3861 0.86615 0.76014 1.911 1.6291 1.735 2.0576 0.82517 1.671 1.0775 1.1369 1.2617 2.1495 2.3395 1.5047 1.4964 1.2416 1.3674 2.8467 1.53 1.6897 2.4182 1.4203 1.0713 1.1184 2.305 2.2887 1.9708 3.1473 1.7031 1.6895 0.95144 1.9085 2.386 2.0758 1.38 1.3918 2.5864 3.0454 1.4261 2.5824 1.9414 1.2497 0.76904 1.2951 1.2983 2.5998 2.4738 1.3489 1.3481 1.5605 1.5219 1.443 2.3091 0.9814 0.0 0.0 1.8163 1.494 1.2116 1.3986 2.0421 1.3986 1.494 1.8163 1.2116 2.0421 1.3986 1.494 1.8163 1.2116
1.3097 2.1437 0.17959 1.5933 1.3311 0.56369 1.4804 1.1633 1.343 1.8033 1.2588 1.4676 1.0061 1.177 2.1753 1.5673 0.2835 1.3699 1.646 2.2153 1.9793 0.0 0.73192 1.526 1.5806 0.62832 1.4163 1.7913 0.010977 1.0822 0.39717 0.79372 1.4123 1.4022 1.6257 0.98906 1.8098 3.1807 0.63068 2.5358 0.40358 1.7058 1.1166 1.2139 1.1712 0.82484 1.4114 1.0195 1.6195 1.2855 0.59613 0.46788 0.51597 1.5145 1.4343 1.4207 2.0116 0.45369 0.94614 0.37559 1.8442 1.94 1.1156 1.2245 1.4892 0.76152 0.48656 1.7978 1.3562 1.0443 2.3294 0.77899 0.65294 1.085 2.2983 1.2548 1.2934 2.3932 0.60025 2.0126 0.0 0.0 0.47847 2.5252 2.2427 1.9467 0.22125 1.9467 2.5252 0.47847 2.2427 0.22125 1.9467 2.5252 0.47847 2.2427
0.67377 1.7948 0.8927 1.8174 0.94317 1.2768 1.1835 0.91137 1.8971 1.4544 1.4829 1.6917 1.7192 1.5071 1.8264 1.7914 0.99661 0.83898 1.2582 1.8664 1.6304 0.79226 0.0 1.2291 1.2317 0.97543 1.0284 1.4424 0.80324 0.44632 0.62128 1.1408 1.0244 1.7323 1.2768 1.2132 1.461 2.8318 1.2298 2.1869 0.75069 1.4409 1.3407 1.927 1.5013 1.049 1.7415 1.0566 1.2706 0.75466 1.1952 1.181 0.86307 2.2276 1.7644 1.7508 1.7377 0.80079 1.2762 0.96202 1.5793 1.5911 1.6697 1.9376 1.1923 1.4746 0.83367 1.4489 0.96831 1.2684 1.9805 1.4921 1.366 1.3091 1.9494 1.3268 1.2882 2.0443 1.1994 1.6637 0.0 0.0 0.70258 2.1763 1.8938 1.5979 0.93436 1.5979 2.1763 0.70258 1.8938 0.93436 1.5979 2.1763 0.70258 1.8938
0.33599 1.509 1.2989 1.8846 0.82139 1.683 0.84576 0.78959 2.1123 1.1686 1.5501 1.7589 2.1255 1.9883 1.5406 1.8587 1.4028 0.5012 1.1364 1.5807 1.3446 1.1985 1.1232 0.0 0.94593 0.68461 0.90664 1.1566 1.2095 0.92754 1.1025 1.356 0.90266 1.8015 0.99102 1.1774 1.1752 2.546 1.711 1.9012 0.79491 1.1551 1.4079 2.1452 1.5705 1.1682 2.0287 0.7188 0.98482 0.41688 1.6765 1.5872 1.2693 2.4458 1.8336 1.82 1.6159 1.207 1.7575 1.4432 1.2935 1.3053 1.8849 2.3438 0.85455 1.8808 1.2399 1.1632 0.84653 1.3356 1.6947 1.8983 1.7723 1.3894 1.6636 0.98898 0.95043 1.7585 1.6806 1.3779 0.0 0.0 1.1838 1.8905 1.6081 1.3121 1.3406 1.3121 1.8905 1.1838 1.6081 1.3406 1.3121 1.8905 1.1838 1.6081
1.0441 1.4031 1.728 2.2777 1.2145 2.1081 0.73984 1.4977 2.5174 0.2227 1.9432 2.152 2.5545 2.6384 1.4347 2.2517 1.8319 1.1513 1.5294 1.4747 1.2387 1.6276 1.5523 0.78535 0.0 1.1137 1.2997 1.0507 1.6385 1.5776 1.7526 1.7611 1.2587 2.1946 0.88509 1.5705 1.0693 2.4401 2.1791 1.7952 1.224 0.30521 1.801 2.5503 1.9636 1.8762 2.7368 1.3689 0.8789 1.067 2.1445 2.0163 1.6984 2.8509 2.2267 2.2131 2.009 1.6361 2.4075 1.924 0.44356 1.1994 2.29 2.7729 0.48962 2.3099 1.669 1.0572 1.2026 1.7287 1.5888 2.3274 2.1973 1.7824 1.5577 0.62405 0.5855 1.6526 2.1487 1.272 0.0 0.0 1.8339 1.7846 1.5021 1.2061 1.7697 1.2061 1.7846 1.8339 1.5021 1.7697 1.2061 1.7846 1.8339 1.5021
1.1308 1.6298 0.72875 2.1425 1.4002 1.1128 0.96656 1.3684 1.5771 1.2894 1.8079 2.0168 1.5553 1.7261 1.6614 2.1165 0.83267 0.856 1.7152 1.7015 1.4654 0.62832 0.55308 1.0121 1.0667 0.0 1.4855 1.2774 0.6393 0.90338 0.94633 0.82085 1.4815 1.9513 1.1118 1.5382 1.296 2.6668 1.1798 2.022 0.22475 1.1919 1.6657 1.61 1.7203 1.374 1.9606 0.84063 1.1056 0.77168 1.1453 1.017 0.69913 1.9106 1.9834 1.9699 2.1948 0.63685 1.4953 0.92475 1.3303 1.4261 1.3497 1.7737 0.97535 1.3107 0.66973 1.284 1.4254 1.5934 1.8155 1.3282 1.2021 1.6342 1.7844 0.74094 0.77949 1.8793 1.1494 1.4987 0.0 0.0 1.0276 2.0113 1.7289 1.4329 0.77041 1.4329 2.0113 1.0276 1.7289 0.77041 1.4329 2.0113 1.0276 1.7289
1.076 1.634 1.31 1.1477 0.78243 1.6941 1.5858 0.61464 2.3143 1.2937 0.81315 1.022 2.1365 1.9203 1.6657 1.1217 1.4139 1.2412 1.0974 1.7057 1.4697 1.2095 1.2423 1.6313 1.071 1.3927 0.0 1.2817 1.2205 1.0296 1.0385 1.5581 0.86371 1.0645 1.1161 0.44044 1.3002 2.671 1.6431 2.0262 1.168 1.2802 0.67094 2.3443 0.83356 0.99322 1.7218 1.4588 1.1099 1.1569 1.6085 1.5983 1.2803 2.6449 1.0966 1.0831 1.566 1.2181 1.6895 1.3793 1.4185 1.4304 2.0869 2.3549 1.4646 1.8919 1.2509 1.2882 0.80758 0.59866 1.8198 1.9094 1.7833 0.65241 1.7886 1.599 1.5605 1.8835 1.6126 1.5029 0.0 0.0 1.1198 2.0155 1.7331 1.4371 1.3516 1.4371 2.0155 1.1198 1.7331 1.3516 1.4371 2.0155 1.1198 1.7331
1.2672 0.42821 2.1901 2.0738 1.0106 2.5702 1.202 1.5408 2.9795 0.78085 1.7393 1.9482 3.0167 2.8465 0.54086 2.0479 2.2941 1.4324 1.3256 0.97089 1.0348 2.0897 2.0145 1.2475 0.55815 1.5758 1.0959 0.0 2.1007 1.8588 1.9647 2.2233 1.0549 1.9907 0.60324 1.3666 0.7874 1.6592 2.5692 1.1474 1.6861 0.76736 1.5971 3.0124 1.7597 1.9194 2.6479 1.65 1.301 1.3481 2.5347 2.4784 2.1605 3.313 2.0228 2.0092 1.8052 2.0982 2.6157 2.3055 0.90571 0.91756 2.7521 3.2351 0.95177 2.7721 2.1311 0.77538 0.99875 1.5248 1.385 2.7895 2.6595 1.5786 0.6638 1.0862 1.0476 0.7587 2.5388 0.29712 0.0 0.0 2.046 1.1367 0.52729 0.9243 2.2318 0.9243 1.1367 2.046 0.52729 2.2318 0.9243 1.1367 2.046 0.52729
1.3206 2.1546 0.19057 1.6043 1.342 0.57466 1.4914 1.1742 1.3539 1.8143 1.2698 1.4786 1.0171 1.1879 2.1863 1.5783 0.29448 1.3808 1.657 2.2263 1.9903 0.010977 0.74289 1.5369 1.5916 0.6393 1.4273 1.8023 0.0 1.0932 0.40815 0.8047 1.4233 1.4131 1.6367 1.0 1.8208 3.1916 0.64166 2.5468 0.41456 1.7168 1.1275 1.2249 1.1822 0.83582 1.4224 1.0304 1.6305 1.2965 0.60711 0.47886 0.52695 1.5255 1.4452 1.4317 2.0226 0.46466 0.95712 0.38657 1.8551 1.951 1.1265 1.2355 1.5002 0.7725 0.49754 1.8088 1.3672 1.0553 2.3404 0.78997 0.66391 1.096 2.3092 1.2658 1.3043 2.4041 0.61123 2.0235 0.0 0.0 0.48945 2.5361 2.2537 1.9577 0.23223 1.9577 2.5361 0.48945 2.2537 0.23223 1.9577 2.5361 0.48945 2.2537
0.84539 1.4034 1.2153 1.615 0.55178 1.5994 1.3552 0.51998 2.2197 1.063 1.2805 1.4893 2.0419 1.8297 1.435 1.5891 1.3192 1.0106 0.86677 1.4751 1.239 1.1149 1.1476 1.4007 0.84032 1.194 0.63703 1.051 1.1259 0.0 0.94389 1.4634 0.63306 1.5319 0.88541 0.90779 1.0696 2.4404 1.5524 1.7956 1.0733 1.0495 1.1383 2.2496 1.3009 0.89857 1.7591 1.2282 0.87922 0.92627 1.5179 1.5036 1.1857 2.5502 1.564 1.5504 1.3463 1.1234 1.5989 1.2846 1.1879 1.1997 1.9923 2.2602 1.2339 1.7972 1.1563 1.0575 0.57692 1.066 1.5891 1.8147 1.6887 1.1198 1.558 1.3684 1.3298 1.6529 1.522 1.2723 0.0 0.0 1.0252 1.7849 1.5025 1.2065 1.257 1.2065 1.7849 1.0252 1.5025 1.257 1.2065 1.7849 1.0252 1.5025
1.0974 1.9054 1.1503 1.316 1.0538 1.2564 1.6072 0.886 1.9727 1.565 0.98151 1.1903 1.6359 1.3477 1.937 1.2901 1.0752 1.2626 1.3688 1.9771 1.741 1.0499 1.0827 1.6527 1.3423 1.2331 1.139 1.553 1.0609 0.86995 0.0 1.3985 1.1351 1.2329 1.3874 0.7118 1.5716 2.9424 1.0704 2.2976 1.0083 1.5515 0.8393 1.8436 1.0019 0.54758 1.3831 1.3702 1.3812 1.1783 1.0359 1.0976 1.1207 2.1442 1.265 1.2514 1.7343 1.0584 1.1169 0.80265 1.6899 1.7017 1.7453 1.8543 1.616 1.3913 1.0913 1.5596 1.0789 0.76702 2.0912 1.4087 1.3457 0.81077 2.06 1.7504 1.7118 2.1549 1.04 1.7743 0.0 0.0 0.96021 2.2869 2.0045 1.7085 1.0735 1.7085 2.2869 0.96021 2.0045 1.0735 1.7085 2.2869 0.96021 2.0045
2.2856 2.8665 1.1975 2.2582 2.332 0.86658 2.2033 2.1642 1.0489 2.5262 2.2597 2.4685 1.386 1.5568 2.8982 2.5682 1.3014 2.0928 2.6469 2.9382 2.7022 1.097 1.7078 2.2488 2.3035 1.4782 2.4172 2.5142 1.108 2.0581 1.4151 0.0 2.4132 1.7821 2.3486 1.99 2.5327 3.9036 1.0106 3.2587 1.3795 2.4287 2.1175 0.91977 1.5511 1.8257 1.7913 1.9954 2.3424 2.0084 0.97603 0.84778 1.1129 1.2204 1.8141 1.8006 2.9335 1.4716 1.326 1.1035 2.5671 2.6629 0.82146 1.1584 2.2121 1.1414 1.0835 2.5207 2.3571 1.7092 3.0523 1.1589 0.95583 1.6069 3.0211 1.9777 2.0163 3.116 0.98015 2.7355 0.0 0.0 1.4964 3.248 2.9656 2.6696 1.1166 2.6696 3.248 1.4964 2.9656 1.1166 2.6696 3.248 1.4964 2.9656
0.27408 1.4471 1.237 1.8227 0.75948 1.6211 0.78385 0.72768 2.0504 1.1067 1.4882 1.697 2.0636 1.9264 1.4787 1.7968 1.3409 0.43929 1.0745 1.5188 1.2827 1.1366 1.0613 0.82937 0.88401 0.6227 0.84473 1.0947 1.1476 0.86563 1.0406 1.2941 0.0 1.7396 0.92911 1.1155 1.1133 2.4841 1.6491 1.8392 0.733 1.0932 1.346 2.0833 1.5086 1.1063 1.9668 0.65688 0.92291 0.35497 1.6146 1.5253 1.2074 2.3839 1.7717 1.7581 1.554 1.1451 1.6956 1.3813 1.2316 1.2434 1.823 2.2819 0.79264 1.8189 1.178 1.1012 0.78462 1.2737 1.6328 1.8364 1.7104 1.3275 1.6017 0.92706 0.88851 1.6966 1.6187 1.316 0.0 0.0 1.1219 1.8286 1.5462 1.2502 1.2787 1.2502 1.8286 1.1219 1.5462 1.2787 1.2502 1.8286 1.1219 1.5462
2.0317 2.1177 2.0356 0.72032 1.7381 2.0637 2.5415 1.5703 2.746 2.2493 1.0528 1.2616 2.4092 2.121 2.2303 1.3614 1.8825 2.1969 1.5161 2.6604 2.0623 1.9352 2.1979 2.587 2.0266 2.3483 1.8233 1.8743 1.9462 1.9852 1.9942 2.5138 1.8194 0.0 2.0717 1.3961 2.2559 2.5737 1.8437 1.9289 2.1236 2.2358 1.0176 2.6169 1.0342 1.2319 1.9224 2.4145 2.0655 2.1126 1.8092 1.8709 2.236 2.9175 0.10228 0.018536 1.2216 2.1737 1.8902 1.6099 2.3742 2.386 2.5186 2.6276 2.4203 2.1645 2.2066 2.2439 1.7632 0.79932 1.7224 2.182 2.153 0.85307 2.3533 2.5547 2.5161 2.0592 1.8133 1.9866 0.0 0.0 2.0755 1.9182 2.2168 2.3928 1.8808 2.3928 1.9182 2.0755 2.2168 1.8808 2.3928 1.9182 2.0755 2.2168
1.1987 0.58072 1.8827 2.2264 1.1631 2.2627 0.8945 1.6523 2.672 0.93336 1.8918 2.1007 2.7092 2.793 0.58738 2.2004 1.9866 1.3059 1.4781 0.6274 1.1874 1.7822 1.707 0.94002 0.71066 1.2683 1.2484 0.99936 1.7932 1.7323 1.9072 1.9158 1.2074 2.1432 0.0 1.5191 0.22191 1.7057 2.3337 1.1939 1.3786 0.45987 1.7496 2.7049 1.9122 2.0309 2.8005 1.5235 1.0336 1.2216 2.2992 2.1709 1.853 3.0055 2.1753 2.1618 1.9577 1.7908 2.5622 2.0787 0.59822 0.35207 2.4446 2.9276 0.64428 2.4646 1.8236 0.20989 1.1513 1.6773 1.5375 2.4821 2.352 1.7311 0.71031 0.77871 0.74016 0.80522 2.3033 1.2206 0.0 0.0 1.9885 1.1832 0.6798 0.35881 1.9243 0.35881 1.1832 1.9885 0.6798 1.9243 0.35881 1.1832 1.9885 0.6798
0.93663 2.0306 0.98956 1.4413 1.179 1.3737 1.4464 0.29423 1.9939 1.6903 1.1067 1.3156 1.8161 1.6039 2.0623 1.4153 1.0935 1.1018 1.494 2.1023 1.8663 0.88912 0.92188 1.4919 1.4676 1.0723 1.2643 1.6783 0.9001 0.70918 0.71813 1.2377 1.2603 1.3581 1.5127 0.0 1.6968 3.0676 1.3266 2.4228 0.84755 1.6768 0.96453 2.0238 1.1271 0.67281 1.5334 1.2094 1.5065 1.0175 1.2921 1.2778 0.95993 2.3245 1.3902 1.3767 1.8596 0.89765 1.3731 1.0589 1.8151 1.827 1.7665 2.0345 1.4552 1.5715 0.93053 1.6848 1.2042 0.89225 2.2164 1.589 1.4629 0.936 2.1852 1.5896 1.5511 2.2801 1.2962 1.8995 0.0 0.0 0.79943 2.4121 2.1297 1.8337 1.0312 1.8337 2.4121 0.79943 2.1297 1.0312 1.8337 2.4121 0.79943 2.1297
1.2524 0.41344 2.0043 2.0591 0.99584 2.3844 1.0161 1.526 2.7937 0.76607 1.7246 1.9334 2.8308 2.8317 0.42009 2.0331 2.1082 1.4177 1.3108 0.46012 1.0201 1.9038 1.8286 1.0616 0.54338 1.39 1.0811 0.83208 1.9148 1.844 1.95 2.0374 1.0401 1.9759 0.58847 1.3518 0.0 1.5384 2.4554 1.0266 1.5003 0.5815 1.5823 2.8266 1.745 1.9046 2.6332 1.6352 1.1552 1.3333 2.4208 2.2926 1.9747 3.1272 2.008 1.9945 1.7904 1.9124 2.6009 2.2003 0.71985 0.2427 2.5663 3.0492 0.76591 2.5862 1.9453 0.012025 0.98398 1.5101 1.3702 2.6037 2.4736 1.5638 0.54303 0.8405 0.86179 0.63793 2.4249 1.0533 0.0 0.0 2.0313 1.0159 0.51252 0.24944 2.0459 0.24944 1.0159 2.0313 0.51252 2.0459 0.24944 1.0159 2.0313 0.51252
1.5533 0.71431 2.4762 2.2849 1.2967 2.8563 1.4881 1.8269 3.2656 1.0669 1.6284 1.8373 3.3028 3.1326 0.33097 1.937 2.5802 1.7185 1.6117 0.76099 0.78495 2.3758 2.3006 1.5336 0.84425 1.8619 1.382 1.133 2.3868 2.1449 2.2508 2.5094 1.341 2.2768 0.88934 1.6527 0.69159 0.0 2.8553 0.53149 1.9722 1.0535 1.8832 3.2985 2.0458 2.2055 2.934 1.9361 1.5871 1.6342 2.8208 2.7645 2.4466 3.5991 2.3089 2.2953 1.6593 2.3843 2.9018 2.5916 1.1918 0.87966 3.0382 3.5212 1.2379 3.0582 2.4172 0.70362 1.2849 1.8109 1.1351 3.0756 2.9456 1.8647 0.4539 1.3723 1.3337 0.14281 2.8249 0.58922 0.0 0.0 2.3321 0.52081 0.81339 0.8864 2.5179 0.8864 0.52081 2.3321 0.81339 2.5179 0.8864 0.52081 2.3321 0.81339
1.6514 2.2434 0.82829 1.318 1.3918 0.85639 2.1291 1.224 1.2417 1.903 1.3195 1.5283 0.90484 0.61666 2.275 1.628 0.7592 1.8166 1.7067 2.315 2.079 0.72786 1.2556 2.1747 1.6803 1.277 1.477 1.891 0.73884 1.4239 0.87287 1.2464 1.473 0.84186 1.7254 1.0498 1.9096 3.2804 0.0 2.6355 1.0523 1.8895 1.1773 1.1126 0.61088 0.88554 0.8511 1.5432 1.7192 1.7322 0.30484 0.36659 1.1647 1.4132 0.87395 0.86039 1.9933 1.1024 0.38584 0.48662 2.0279 2.0397 1.0143 1.1232 2.0739 0.66022 1.1353 1.8975 1.4169 0.76899 2.4291 0.67769 0.94564 0.66674 2.398 1.9035 1.9421 2.4929 0.30895 2.1123 0.0 0.0 0.95417 2.6249 2.3424 2.0464 0.67344 2.0464 2.6249 0.95417 2.3424 0.67344 2.0464 2.6249 0.95417 2.3424
1.1234 0.28439 2.0463 1.93 0.86679 2.4264 1.0582 1.397 2.8357 0.63702 1.5955 1.8043 2.8729 2.7027 0.39704 1.9041 2.1502 1.2886 1.1818 0.82707 0.89103 1.9459 1.8706 1.1037 0.41433 1.432 0.95204 0.70303 1.9569 1.7149 1.8209 2.0795 0.91106 1.8469 0.45942 1.2228 0.64358 1.5154 2.4254 0.0 1.5423 0.62354 1.4533 2.8686 1.6159 1.7756 2.5041 1.5062 1.1572 1.2043 2.3909 2.3346 2.0167 3.1692 1.879 1.8654 1.6613 1.9544 2.4719 2.1616 0.76189 0.77374 2.6083 3.0912 0.80795 2.6282 1.9873 0.63156 0.85493 1.381 1.2411 2.6457 2.5157 1.4348 0.51998 0.94238 0.90383 0.61488 2.395 0.1533 0.0 0.0 1.9022 0.99289 0.38347 0.78047 2.088 0.78047 0.99289 1.9022 0.38347 2.088 0.78047 0.99289 1.9022 0.38347
0.90609 1.7401 0.50402 1.9177 1.1755 0.88811 1.0769 1.1437 1.5084 1.3997 1.5832 1.792 1.3306 1.5014 1.7717 1.8918 0.60793 0.9663 1.4905 1.8118 1.5757 0.40358 0.32834 1.1224 1.177 0.22475 1.2607 1.3877 0.41456 0.67864 0.7216 0.75215 1.2568 1.7266 1.2221 1.3135 1.4063 2.7771 0.95511 2.1323 0.0 1.3022 1.441 1.5383 1.4956 1.1493 1.7358 0.61589 1.2159 0.88198 0.92056 0.79231 0.47439 1.8389 1.7587 1.7451 1.97 0.41211 1.2706 0.70002 1.4406 1.5364 1.281 1.5489 1.0856 1.0859 0.44499 1.3943 1.2006 1.3687 1.9258 1.1034 0.97736 1.4095 1.8947 0.85124 0.88979 1.9896 0.92468 1.609 0.0 0.0 0.8029 2.1216 1.8392 1.5432 0.54568 1.5432 2.1216 0.8029 1.8392 0.54568 1.5432 2.1216 0.8029 1.8392
1.3543 1.2343 1.5163 2.588 1.5247 1.8964 1.0501 1.8079 2.3056 1.373 2.2535 2.4623 2.3428 2.4266 1.241 2.562 1.6202 0.93954 1.8397 1.281 1.549 1.4158 1.3406 1.0956 1.1503 0.90196 1.61 1.361 1.4268 1.3659 1.5408 1.5494 1.569 2.5048 1.1954 1.8807 0.87552 2.3593 1.9674 1.8475 1.0123 0.0 2.1112 2.3386 2.2739 1.9685 2.6611 1.1571 1.1892 0.85522 1.9328 1.8046 1.4866 2.6392 2.5369 2.5234 2.3193 1.4244 2.1958 1.7123 0.13835 1.0057 2.0782 2.5612 0.27789 2.0982 1.4572 0.8635 1.5129 2.039 1.8991 2.1157 1.9856 2.0927 1.3639 0.41232 0.37377 1.4588 1.9369 1.5822 0.0 0.0 1.6221 1.8368 1.3334 1.0124 1.5579 1.0124 1.8368 1.6221 1.3334 1.5579 1.0124 1.8368 1.6221 1.3334
1.8025 1.8385 1.9375 0.62217 1.5089 1.9656 2.3123 1.3411 2.6478 2.0202 0.77365 0.98248 2.311 2.0228 1.9512 1.0822 1.7844 1.9677 1.2369 2.3812 1.7832 1.837 1.9688 2.3578 1.7975 2.1192 1.5942 1.5952 1.848 1.7561 1.765 2.2846 1.5902 0.71603 1.8426 1.1669 2.0267 2.2945 1.7456 1.6497 1.8945 2.0067 0.0 2.5188 0.93606 1.1337 1.8243 2.1853 1.8364 1.8834 1.711 1.7728 2.0068 2.8194 0.74813 0.73457 0.94248 1.9446 1.792 1.5118 2.145 2.1569 2.4204 2.5294 2.1911 2.0664 1.9774 2.0147 1.5341 0.70116 1.4433 2.0839 2.0548 0.75491 2.0741 2.3255 2.287 1.78 1.7151 1.7074 0.0 0.0 1.8463 1.639 1.9376 2.1636 1.7826 2.1636 1.639 1.8463 1.9376 1.7826 2.1636 1.639 1.8463 1.9376
2.605 3.186 1.4919 2.4786 2.5524 1.087 2.5227 2.3846 0.82528 2.8456 2.4801 2.6889 1.2605 1.4623 3.2176 2.7887 1.5958 2.4122 2.8674 3.2577 3.0216 1.3915 2.0272 2.5683 2.6229 1.7976 2.6376 2.8336 1.4024 2.3775 1.7095 1.018 2.6336 2.0025 2.668 2.2104 2.8522 4.223 1.231 3.5781 1.6989 2.7481 2.3379 0.0 1.7715 2.0462 1.6967 2.3148 2.6618 2.3279 1.1964 1.0682 1.4323 0.3598 2.0346 2.021 3.1539 1.766 1.5465 1.3239 2.8865 2.9823 0.78588 1.0128 2.5315 1.0158 1.4029 2.8401 2.5775 1.9296 3.3717 1.0333 1.1763 1.8273 3.3406 2.2971 2.3357 3.4355 1.2006 3.0549 0.0 0.0 1.7908 3.5675 3.2851 2.9891 1.3371 2.9891 3.5675 1.7908 3.2851 1.3371 2.9891 3.5675 1.7908 3.2851
1.7683 2.1853 1.7723 0.77697 1.4747 1.8004 2.2781 1.3069 2.4826 1.986 0.89645 1.1053 2.1458 1.8576 2.298 1.205 1.6192 1.9335 1.3597 2.398 2.021 1.6718 1.9346 2.3236 1.7633 2.085 1.56 1.833 1.6828 1.7219 1.7308 2.2504 1.556 0.29983 1.8084 1.1327 1.9925 2.8033 1.5804 2.1585 1.8603 1.9725 0.75424 2.3536 0.0 0.96852 1.6591 2.1511 1.8022 1.8492 1.5458 1.6076 1.9726 2.6542 0.33193 0.31837 1.4513 1.9104 1.6268 1.3466 2.1108 2.1227 2.2552 2.3642 2.1569 1.9012 1.9432 1.9805 1.4999 0.53596 1.9521 1.9187 1.8896 0.58971 2.4209 2.2913 2.2528 2.2888 1.5499 2.0542 0.0 0.0 1.8121 2.1478 2.2844 2.1294 1.6174 2.1294 2.1478 1.8121 2.2844 1.6174 2.1294 2.1478 1.8121 2.2844
1.5101 1.7811 1.5141 0.82676 1.2165 1.5422 2.0199 1.0487 2.2244 1.7278 0.49224 0.70107 1.8876 1.5994 1.8938 0.8008 1.361 1.6753 0.95551 2.1398 1.6168 1.4136 1.6764 2.0654 1.5051 1.8268 1.3018 1.4288 1.4246 1.4637 1.4726 1.9922 1.2978 0.74362 1.5502 0.87453 1.7343 2.5971 1.3221 1.9523 1.602 1.7143 0.35003 2.0953 0.51264 0.0 1.4009 1.8929 1.544 1.591 1.2876 1.3493 1.7144 2.396 0.77572 0.76216 1.2451 1.6522 1.3686 1.0884 1.8526 1.8645 1.997 2.106 1.8987 1.643 1.685 1.7223 1.2417 0.27775 1.7459 1.6605 1.6314 0.3315 2.0167 2.0331 1.9946 2.0826 1.2917 1.65 0.0 0.0 1.5539 1.9416 1.8802 1.8712 1.3592 1.8712 1.9416 1.5539 1.8802 1.3592 1.8712 1.9416 1.5539 1.8802
2.2193 2.8113 1.5072 1.8859 1.9597 1.5353 2.729 1.7919 1.7536 2.4709 1.8874 2.0962 0.91874 1.1206 2.8429 2.1959 1.4381 2.3845 2.2746 2.8829 2.6469 1.4068 1.9345 2.7746 2.2482 1.9559 2.0449 2.4589 1.4177 1.9918 1.5518 1.9253 2.0409 1.4098 2.2933 1.6177 2.4775 3.8483 1.0183 3.2034 1.7312 2.4574 1.7452 0.98748 1.1788 1.4534 0.0 2.2221 2.2871 2.3001 0.98374 1.0455 1.8436 1.2881 1.4419 1.4283 2.5612 1.7813 1.1297 1.1655 2.5958 2.6076 1.6932 0.96012 2.6418 0.93712 1.8142 2.4654 1.9848 1.3369 2.997 0.9546 1.6245 1.2346 2.9659 2.5824 2.621 3.0608 0.98786 2.6802 0.0 0.0 1.6331 3.1928 2.9103 2.6143 1.3523 2.6143 3.1928 1.6331 2.9103 1.3523 2.6143 3.1928 1.6331 2.9103
1.0294 1.3884 1.0203 2.263 1.1998 1.4004 0.72513 1.483 1.8097 1.048 1.9285 2.1373 1.8468 2.0177 1.42 2.237 1.1242 0.61457 1.5147 1.46 1.224 0.91985 0.84461 0.77065 0.82529 0.40598 1.285 1.036 0.93083 1.0409 1.2159 1.0534 1.244 2.1799 0.87039 1.5558 1.0545 2.4254 1.4714 1.7805 0.51628 0.95051 1.7863 1.8426 1.9489 1.6435 2.2521 0.0 0.86419 0.53025 1.4368 1.3086 0.99066 2.1432 2.212 2.1984 1.9943 0.92838 1.7868 1.2163 1.0889 1.1847 1.5823 2.0652 0.73392 1.6022 0.96126 1.0425 1.1879 1.714 1.5741 1.6197 1.4896 1.7677 1.5429 0.49951 0.53806 1.6378 1.441 1.2573 0.0 0.0 1.2972 1.7699 1.4874 1.1914 1.0619 1.1914 1.7699 1.2972 1.4874 1.0619 1.1914 1.7699 1.2972 1.4874
1.0782 0.71822 1.7622 2.3119 1.2486 2.1422 0.77399 1.5318 2.5515 0.35285 1.9773 2.1862 2.5887 2.6725 0.72487 2.2859 1.8661 1.1854 1.5636 0.7649 1.2729 1.6617 1.5865 0.81951 0.13016 1.1478 1.3339 1.0849 1.6727 1.6118 1.7867 1.7953 1.2929 2.2287 0.17525 1.6046 0.35941 1.8432 2.2132 1.3314 1.2581 0.33937 1.8351 2.5844 1.9977 1.9104 2.771 1.403 0.0 1.1011 2.1787 2.0504 1.7325 2.885 2.2608 2.2473 2.0432 1.6702 2.4417 1.9581 0.47772 0.48957 2.3241 2.8071 0.52378 2.3441 1.7031 0.34738 1.2368 1.7628 1.623 2.3616 2.2315 1.8166 0.84781 0.65821 0.61966 0.94271 2.1828 1.3061 0.0 0.0 1.868 1.3207 0.8173 0.4963 1.8038 0.4963 1.3207 1.868 0.8173 1.8038 0.4963 1.3207 1.868 0.8173
1.3883 1.7473 1.0033 2.417 1.5587 1.3874 1.0841 1.6429 1.8166 1.407 2.0824 2.2913 1.8298 2.0006 1.779 2.391 1.1072 0.08432 1.8737 1.819 1.583 0.90283 0.82759 1.1296 1.1843 0.38895 1.644 1.395 0.9138 1.1779 1.2208 1.0604 1.603 2.2258 1.2294 1.8127 1.4135 2.7843 1.4544 2.1395 0.49925 1.3095 1.9402 1.8495 1.9948 1.6485 2.2351 0.42313 1.2232 0.0 1.4198 1.2916 0.97364 2.1502 2.2579 2.2444 2.3533 0.91136 1.7698 1.1993 1.4478 1.5437 1.5892 2.0482 1.0929 1.5852 0.94423 1.4015 1.5469 1.868 1.9331 1.6027 1.4766 1.9087 1.9019 0.85848 0.89703 1.9968 1.4239 1.6162 0.0 0.0 1.3021 2.1288 1.8464 1.5504 1.0449 1.5504 2.1288 1.3021 1.8464 1.0449 1.5504 2.1288 1.3021 1.8464
1.6859 2.2779 0.86284 1.3525 1.4263 0.89094 2.1637 1.2585 1.2762 1.9375 1.354 1.5629 0.93939 0.6512 2.3096 1.6626 0.79375 1.8511 1.7413 2.3496 2.1135 0.76241 1.2902 2.2092 1.7148 1.3116 1.5116 1.9255 0.77338 1.4585 0.90742 1.281 1.5076 0.87641 1.7599 1.0843 1.9441 3.3149 0.034549 2.6701 1.0868 1.9241 1.2118 1.1471 0.64543 0.92009 0.88565 1.5777 1.7537 1.7668 0.0 0.40113 1.1992 1.4477 0.9085 0.89494 2.0279 1.1369 0.42039 0.52117 2.0624 2.0743 1.0488 1.1578 2.1085 0.69477 1.1698 1.9321 1.4514 0.80354 2.4637 0.71224 0.98019 0.70128 2.4325 1.9381 1.9766 2.5274 0.3435 2.1468 0.0 0.0 0.98872 2.6594 2.377 2.081 0.70799 2.081 2.6594 0.98872 2.377 0.70799 2.081 2.6594 0.98872 2.377
1.6984 2.4804 0.56832 1.555 1.6288 0.59641 1.8692 1.461 0.9817 2.14 1.5565 1.7653 0.64487 0.84668 2.512 1.8651 0.67223 1.7586 1.9438 2.5521 2.316 0.46788 1.1206 1.9147 1.9173 1.017 1.714 2.128 0.47886 1.4709 0.7859 0.98645 1.7101 1.0789 1.9624 1.2868 2.1466 3.5174 0.30741 2.8726 0.79231 2.0945 1.4143 0.85261 0.84791 1.1226 1.0811 1.4082 1.9562 1.6743 0.27286 0.0 0.9047 1.1532 1.111 1.0974 2.2303 0.84242 0.62287 0.40032 2.2329 2.2767 0.7543 0.86325 1.8779 0.40025 0.87529 2.1346 1.6539 1.006 2.6661 0.41772 0.68566 0.90376 2.635 1.6435 1.6821 2.7299 0.27698 2.3493 0.0 0.0 0.8672 2.8619 2.5795 2.2835 0.41346 2.2835 2.8619 0.8672 2.5795 0.41346 2.2835 2.8619 0.8672 2.5795
1.4366 2.0176 0.78756 2.2013 1.706 0.65365 1.3544 1.6742 1.0629 1.6773 1.8667 2.0756 1.5621 1.7329 2.0493 2.1753 0.89147 1.2438 2.021 2.0893 1.8533 0.68713 0.85889 1.3999 1.4546 0.62925 1.7913 1.6653 0.6981 1.2092 1.0051 0.30669 1.7873 1.9581 1.4997 1.597 1.6838 3.0546 1.1867 2.4098 0.53055 1.5798 1.7245 1.0958 1.7271 1.4328 1.9674 1.1464 1.4935 1.1595 1.1521 1.0239 0.0 1.3965 1.9902 1.9767 2.5006 0.94266 1.5021 0.98356 1.7181 1.814 0.83554 1.3345 1.3632 1.3175 0.67353 1.6718 1.7312 1.6523 2.2034 1.335 0.74291 1.693 2.1722 1.1288 1.1673 2.2671 1.1562 1.8865 0.0 0.0 1.0864 2.3991 2.1167 1.8207 0.82922 1.8207 2.3991 1.0864 2.1167 0.82922 1.8207 2.3991 1.0864 2.1167
2.7581 3.339 1.67 2.7247 2.7984 1.3331 2.6758 2.6307 0.52836 2.9987 2.7262 2.935 1.5855 1.7873 3.3707 3.0347 1.7739 2.5653 3.1134 3.4107 3.1747 1.5695 2.1803 2.7213 2.776 1.9507 2.8837 2.9867 1.5805 2.5306 1.8876 1.1711 2.8797 2.2485 2.8211 2.4565 3.0052 4.3761 1.4771 3.7312 1.852 2.9012 2.584 1.0993 2.0176 2.2922 2.0218 2.4679 2.8149 2.4809 1.4425 1.3143 1.5854 0.0 2.2806 2.2671 3.4 1.9441 1.7925 1.57 3.0395 3.1354 0.53696 1.3379 2.6846 1.3409 1.556 2.9932 2.8236 2.1757 3.5248 1.3584 1.4223 2.0734 3.4936 2.4502 2.4888 3.5885 1.4466 3.208 0.0 0.0 1.9689 3.7205 3.4381 3.1421 1.5831 3.1421 3.7205 1.9689 3.4381 1.5831 3.1421 3.7205 1.9689 3.4381
1.999 2.085 2.003 0.68766 1.7054 2.0311 2.5088 1.5376 2.7133 2.2167 1.0201 1.229 2.3765 2.0883 2.1977 1.3287 1.8499 2.1642 1.4834 2.6277 2.0297 1.9025 2.1653 2.5543 1.994 2.3157 1.7907 1.8417 1.9135 1.9526 1.9615 2.4811 1.7867 0.78153 2.0391 1.3634 2.2232 2.541 1.8111 1.8962 2.091 2.2032 0.98494 2.5843 1.0016 1.1992 1.8898 2.3818 2.0329 2.0799 1.7765 1.8383 2.2033 2.8849 0.0 0.80006 1.189 2.1411 1.8575 1.5773 2.3415 2.3534 2.4859 2.5949 2.3876 2.1319 2.1739 2.2112 1.7306 0.76666 1.6898 2.1494 2.1203 0.82041 2.3206 2.522 2.4835 2.0265 1.7806 1.9539 0.0 0.0 2.0428 1.8855 2.1841 2.3601 1.8481 2.3601 1.8855 2.0428 2.1841 1.8481 2.3601 1.8855 2.0428 2.1841
2.0132 2.0992 2.0171 0.70179 1.7196 2.0452 2.5229 1.5518 2.7275 2.2308 1.0343 1.2431 2.3906 2.1025 2.2118 1.3428 1.864 2.1784 1.4975 2.6418 2.0438 1.9167 2.1794 2.5684 2.0081 2.3298 1.8048 1.8558 1.9276 1.9667 1.9757 2.4952 1.8008 0.79565 2.0532 1.3776 2.2373 2.5552 1.8252 1.9103 2.1051 2.2173 0.99906 2.5984 1.0157 1.2133 1.9039 2.396 2.047 2.094 1.7906 1.8524 2.2175 2.899 0.083748 0.0 1.2031 2.1552 1.8716 1.5914 2.3557 2.3675 2.5001 2.609 2.4017 2.146 2.1881 2.2253 1.7447 0.78078 1.7039 2.1635 2.1344 0.83453 2.3347 2.5361 2.4976 2.0406 1.7947 1.9681 0.0 0.0 2.057 1.8997 2.1982 2.3742 1.8622 2.3742 1.8997 2.057 2.1982 1.8622 2.3742 1.8997 2.057 2.1982
1.0609 1.0268 2.0238 1.6005 0.80425 2.4079 1.5706 1.3345 2.8372 1.2785 0.94397 1.1528 2.8503 2.6401 1.1395 1.2525 2.1277 1.2261 1.1192 1.5695 0.97149 1.9233 1.8481 1.6161 1.0558 1.4095 0.8895 0.78349 1.9343 1.6524 1.7584 2.0809 0.84852 1.6944 1.1009 1.1603 1.285 1.4829 2.3629 0.83802 1.5198 1.265 1.3908 2.8701 1.5534 1.713 2.4416 1.4437 1.0947 1.1417 2.3283 2.3121 1.9942 3.1707 1.7264 1.7129 0.0 1.9319 2.4093 2.0991 1.4034 1.4152 2.6098 3.0687 1.4494 2.6057 1.9648 1.273 0.79239 1.3185 0.63161 2.6232 2.4971 1.3722 1.2624 1.5838 1.5453 0.96834 2.3324 0.89576 0.0 0.0 1.8397 0.82735 1.1259 1.4219 2.0654 1.4219 0.82735 1.8397 1.1259 2.0654 1.4219 0.82735 1.8397 1.1259
1.5899 2.1709 0.57282 1.9865 1.7243 0.68892 1.5077 1.5565 1.2162 1.8305 1.652 1.8608 1.3994 1.5702 2.2025 1.9606 0.67673 1.3971 2.0393 2.2426 2.0065 0.47239 1.0121 1.5532 1.6078 0.78252 1.8095 1.8185 0.48336 1.3624 0.7904 0.45995 1.8056 1.7954 1.6529 1.3823 1.8371 3.2079 1.0239 2.5631 0.68381 1.733 1.5098 1.2491 1.5644 1.2181 1.8046 1.2997 1.6467 1.3128 0.98936 0.86111 0.1822 1.5497 1.8275 1.8139 2.4048 0.0 1.3394 0.76882 1.8714 1.9672 0.9888 1.4877 1.5164 1.1547 0.15279 1.8251 1.7494 1.4375 2.3566 1.1722 0.77817 1.4783 2.3255 1.282 1.3206 2.4204 0.99348 2.0398 0.0 0.0 0.8717 2.5524 2.27 1.974 0.61448 1.974 2.5524 0.8717 2.27 0.61448 1.974 2.5524 0.8717 2.27
1.9262 2.5182 1.2791 1.5928 1.6666 1.3072 2.436 1.4988 1.6895 2.1778 1.5943 1.8031 0.85468 0.35549 2.5498 1.9029 1.21 2.0914 1.9816 2.5899 2.3538 1.1787 1.7065 2.4815 1.9551 1.7279 1.7518 2.1658 1.1897 1.6988 1.3237 1.6973 1.7479 1.1167 2.0002 1.3246 2.1844 3.5552 0.79022 2.9104 1.5031 2.1643 1.4521 0.92342 0.88572 1.1604 0.58993 1.994 1.994 2.0071 0.75567 0.81742 1.6155 1.224 1.1488 1.1352 2.2681 1.5532 0.0 0.93745 2.3027 2.3145 1.4651 0.89606 2.3488 0.87305 1.5861 2.1724 1.6917 1.0438 2.704 0.89053 1.3965 0.94157 2.6728 2.3543 2.3929 2.7677 0.75979 2.3871 0.0 0.0 1.405 2.8997 2.6173 2.3213 1.1243 2.3213 2.8997 1.405 2.6173 1.1243 2.3213 2.8997 1.405 2.6173
1.4654 2.2904 0.47602 1.4311 1.4388 0.50412 1.7769 1.271 1.2754 1.9501 1.3665 1.5754 0.93857 0.97771 2.3221 1.6751 0.39126 1.6306 1.7538 2.3621 2.1261 0.37559 0.88768 1.8224 1.7274 0.92475 1.5241 1.9381 0.38657 1.238 0.50493 1.0542 1.5201 1.2029 1.7724 1.0968 1.9566 3.3274 0.56311 2.6826 0.70002 1.9366 1.2243 1.1463 0.97194 0.9326 1.2122 1.1752 1.7663 1.5463 0.52857 0.40032 0.8124 1.4469 1.235 1.2215 2.1194 0.75012 0.7469 0.0 2.0749 2.0868 1.048 1.157 1.7857 0.69395 0.783 1.9446 1.464 0.88205 2.4762 0.71143 0.59337 0.77979 2.445 1.5512 1.5898 2.5399 0.53268 2.1593 0.0 0.0 0.58623 2.6719 2.3895 2.0935 0.32117 2.0935 2.6719 0.58623 2.3895 0.32117 2.0935 2.6719 0.58623 2.3895
1.216 1.096 1.3779 2.4496 1.3864 1.758 0.91176 1.6696 2.1673 1.2346 2.1151 2.3239 2.2045 2.2883 1.1026 2.4237 1.4818 0.80119 1.7014 1.1427 1.4106 1.2775 1.2022 0.95728 1.0119 0.76361 1.4716 1.2226 1.2885 1.2275 1.4025 1.411 1.4307 2.3665 1.057 1.7424 0.73717 2.221 1.829 1.7092 0.87391 0.57714 1.9729 2.2002 2.1355 1.8302 2.5227 1.0188 1.0508 0.71687 1.7945 1.6662 1.3483 2.5008 2.3986 2.385 2.1809 1.286 2.0575 1.5739 0.0 0.86734 1.9399 2.4228 0.13955 1.9598 1.3189 0.72515 1.3745 1.9006 1.7607 1.9773 1.8473 1.9544 1.2256 0.27397 0.23542 1.3205 1.7986 1.4439 0.0 0.0 1.4838 1.6985 1.1951 0.87407 1.4196 0.87407 1.6985 1.4838 1.1951 1.4196 0.87407 1.6985 1.4838 1.1951
1.7641 1.2971 1.9851 2.9428 1.8795 2.3652 1.4599 2.2177 2.7744 1.6498 2.6082 2.8171 2.8116 2.9364 1.3038 2.9168 2.089 1.4493 2.1945 1.3438 1.9038 1.8846 1.8094 1.5054 1.4271 1.3708 1.9648 1.7158 1.8956 1.8757 2.0506 2.0182 1.9238 2.8596 1.4722 2.2355 0.93832 2.4221 2.4362 1.9103 1.4811 1.0253 2.466 2.8073 2.6286 2.4783 3.1709 1.6669 1.599 1.365 2.4016 2.2734 1.9554 3.108 2.8917 2.8782 2.6741 1.8932 2.7056 2.1811 1.1636 0.0 2.547 3.03 1.2097 2.567 1.926 0.92629 1.8677 2.3938 2.2539 2.5845 2.4544 2.4475 1.4267 0.76628 0.80483 1.5216 2.4057 1.937 0.0 0.0 2.1319 1.8996 1.3962 0.0067336 2.0267 0.0067336 1.8996 2.1319 1.3962 2.0267 0.0067336 1.8996 2.1319 1.3962
2.2251 2.8061 1.137 2.1917 2.2655 0.8001 2.1428 2.0977 0.23138 2.4657 2.1932 2.402 1.2886 1.4904 2.8377 2.5018 1.2409 2.0323 2.5805 2.8778 2.6417 1.0366 1.6473 2.1884 2.243 1.4177 2.3507 2.4537 1.0475 1.9976 1.3546 0.63813 2.3467 1.7156 2.2881 1.9235 2.4723 3.8431 0.9441 3.1982 1.319 2.3682 2.051 0.80229 1.4846 1.7593 1.7248 1.9349 2.2819 1.948 0.90955 0.7813 1.0524 0.7519 1.7477 1.7341 2.867 1.4111 1.2596 1.037 2.5066 2.6024 0.0 1.0409 2.1516 1.0439 1.023 2.4602 2.2906 1.6427 2.9918 1.0614 0.88935 1.5404 2.9607 1.9172 1.9558 3.0556 0.91367 2.675 0.0 0.0 1.4359 3.1876 2.9052 2.6092 1.0501 2.6092 3.1876 1.4359 2.9052 1.0501 2.6092 3.1876 1.4359 2.9052
2.6351 3.2161 1.522 2.5087 2.5825 1.1171 2.5529 2.4147 0.85541 2.8757 2.5102 2.7191 1.2906 1.4924 3.2478 2.8188 1.6259 2.4423 2.8975 3.2878 3.0517 1.4216 2.0574 2.5984 2.653 1.8277 2.6678 2.8637 1.4326 2.4077 1.7396 1.0482 2.6638 2.0326 2.6981 2.2405 2.8823 4.2531 1.2611 3.6083 1.729 2.7783 2.368 0.089326 1.8016 2.0763 1.7268 2.3449 2.6919 2.358 1.2266 1.0983 1.4624 0.38993 2.0647 2.0511 3.184 1.7961 1.5766 1.354 2.9166 3.0125 0.81601 0.0 2.5617 1.046 1.433 2.8703 2.6076 1.9597 3.4019 1.0634 1.2064 1.8575 3.3707 2.3273 2.3658 3.4656 1.2307 3.085 0.0 0.0 1.8209 3.5976 3.3152 3.0192 1.3672 3.0192 3.5976 1.8209 3.3152 1.3672 3.0192 3.5976 1.8209 3.3152
1.2136 0.99361 1.4945 2.4472 1.384 1.8746 0.90939 1.6672 2.2839 1.2322 2.1127 2.3216 2.3211 2.4459 1.0003 2.4213 1.5985 0.95882 1.699 1.0403 1.4082 1.3941 1.3189 0.9549 1.0096 0.88024 1.4693 1.2203 1.4051 1.3852 1.5601 1.5277 1.4283 2.3641 1.0546 1.74 0.6348 2.1186 1.9456 1.6068 0.99054 0.47476 1.9705 2.3168 2.1331 1.9878 2.6803 1.1764 1.0484 0.8745 1.9111 1.7828 1.4649 2.6174 2.3962 2.3826 2.1786 1.4026 2.2151 1.6905 0.61311 0.76496 2.0565 2.5395 0.0 2.0765 1.4355 0.62278 1.3722 1.8982 1.7584 2.0939 1.9639 1.952 1.1232 0.1716 0.13305 1.2181 1.9152 1.4415 0.0 0.0 1.6414 1.5961 1.0927 0.7717 1.5362 0.7717 1.5961 1.6414 1.0927 1.5362 0.7717 1.5961 1.6414 1.0927
1.9588 2.6378 0.95377 1.7125 1.7862 0.98187 2.2546 1.6184 1.3672 2.2975 1.714 1.9228 0.36532 0.56714 2.6695 2.0225 0.88468 2.124 2.1012 2.7095 2.4735 0.85334 1.3811 2.3001 2.0748 1.4025 1.8715 2.2855 0.86431 1.7314 0.99835 1.3719 1.8675 1.2363 2.1199 1.4442 2.304 3.6748 0.46486 3.03 1.1778 2.284 1.5717 1.1351 1.0054 1.28 0.80158 1.6686 2.1137 2.0397 0.43031 0.49206 1.2901 1.4357 1.2684 1.2549 2.3878 1.2279 0.78032 0.6121 2.4223 2.4342 1.1398 1.1077 2.2634 0.0 1.2607 2.292 1.8114 1.1635 2.8236 0.017475 1.0711 1.0612 2.7924 2.029 2.0675 2.8873 0.43443 2.5067 0.0 0.0 1.0796 3.0193 2.7369 2.4409 0.79892 2.4409 3.0193 1.0796 2.7369 0.79892 2.4409 3.0193 1.0796 2.7369
1.466 2.047 0.81697 2.2307 1.7354 0.68306 1.3838 1.7036 1.0923 1.7067 1.8961 2.105 1.5915 1.7623 2.0787 2.2047 0.92088 1.2732 2.0504 2.1187 1.8827 0.71653 0.88829 1.4293 1.484 0.65866 1.8207 1.6947 0.72751 1.2386 1.0345 0.33609 1.8167 1.9875 1.5291 1.6264 1.7132 3.084 1.2161 2.4392 0.55996 1.6092 1.7539 1.1253 1.7566 1.4622 1.9968 1.1758 1.5229 1.1889 1.1815 1.0533 0.029404 1.4259 2.0196 2.0061 2.53 0.97206 1.5315 1.013 1.7475 1.8434 0.86494 1.3639 1.3926 1.3469 0.0 1.7012 1.7606 1.6817 2.2328 1.3644 0.77231 1.7224 2.2016 1.1582 1.1967 2.2965 1.1856 1.9159 0.0 0.0 1.1158 2.4285 2.1461 1.8501 0.85862 1.8501 2.4285 1.1158 2.1461 0.85862 1.8501 2.4285 1.1158 2.1461
1.2645 0.42546 1.9923 2.0711 1.0079 2.3724 1.0041 1.5381 2.7816 0.7781 1.7366 1.9454 2.8188 2.8438 0.43212 2.0451 2.0962 1.4155 1.3229 0.47215 1.0321 1.8918 1.8166 1.0496 0.5554 1.378 1.0931 0.84411 1.9028 1.8419 1.962 2.0254 1.0521 1.988 0.6005 1.3639 0.012025 1.5505 2.4434 1.0386 1.4883 0.56948 1.5944 2.8145 1.757 1.9166 2.6452 1.6331 1.1432 1.3312 2.4088 2.2806 1.9626 3.1152 2.0201 2.0065 1.8024 1.9004 2.6129 2.1883 0.70783 0.23068 2.5542 3.0372 0.75389 2.5742 1.9332 0.0 0.99601 1.5221 1.3822 2.5917 2.4616 1.5758 0.55506 0.82848 0.84976 0.64996 2.4129 1.0654 0.0 0.0 2.0433 1.028 0.52455 0.23741 2.0339 0.23741 1.028 2.0433 0.52455 2.0339 0.23741 1.028 2.0433 0.52455
0.97841 0.9104 1.9413 1.785 0.72181 2.3254 0.99118 1.252 2.7547 0.57004 1.4505 1.6594 2.7679 2.5577 0.94206 1.7591 2.0453 1.1436 1.0368 0.98209 0.74605 1.8409 1.7657 1.0367 0.34735 1.327 0.80706 0.55805 1.8519 1.57 1.6759 1.9985 0.76608 1.7019 0.39244 1.0778 0.5766 1.9474 2.2804 1.3026 1.4373 0.55656 1.3083 2.7876 1.4709 1.6306 2.3591 1.3612 0.38624 1.0593 2.2459 2.2296 1.9117 3.0882 1.734 1.7204 1.5164 1.8494 2.3269 2.0167 0.69491 0.70676 2.5273 2.9863 0.74097 2.5233 1.8823 0.56457 0.0 1.236 1.0962 2.5407 2.4147 1.2898 1.065 0.8754 0.83685 1.1599 2.25 0.77932 0.0 0.0 1.7572 1.2919 1.0095 0.71349 1.983 0.71349 1.2919 1.7572 1.0095 1.983 0.71349 1.2919 1.7572 1.0095
2.0946 2.5116 2.0985 1.1032 1.801 2.1266 2.6044 1.6332 2.8089 2.3122 1.2227 1.4316 2.4721 2.1839 2.6243 1.5313 1.9454 2.2598 1.686 2.7243 2.3472 1.9981 2.2609 2.6499 2.0895 2.4113 1.8863 2.1592 2.0091 2.0482 2.0571 2.5767 1.8823 0.6261 2.1346 1.459 2.3188 3.1296 1.9066 2.4848 2.1865 2.2988 1.0805 2.6798 0.39513 1.2948 1.9853 2.4774 2.1284 2.1755 1.8721 1.9338 2.2989 2.9804 0.6582 0.64464 1.7776 2.2366 1.9531 1.6729 2.4371 2.449 2.5815 2.6905 2.4832 2.2275 2.2695 2.3068 1.8261 0.0 2.2784 2.2449 2.2159 0.91598 2.7472 2.6176 2.579 2.6151 1.8762 2.3805 0.0 0.0 2.1384 2.4741 2.6107 2.4557 1.9437 2.4557 2.4741 2.1384 2.6107 1.9437 2.4557 2.4741 2.1384 2.6107
1.8739 1.0349 2.7969 2.6056 1.6173 3.1769 1.8087 2.1475 3.5862 1.3876 1.949 2.1579 3.6234 3.4532 0.65157 2.2576 2.9008 2.0391 1.9323 1.0816 1.1056 2.6964 2.6212 1.8542 1.1649 2.1825 1.7026 1.4536 2.7074 2.4655 2.5714 2.83 1.6616 2.5974 1.2099 1.9733 1.0122 0.97792 3.1759 0.85209 2.2928 1.3741 2.2038 3.6191 2.3664 2.5261 3.2547 2.2567 1.9078 1.9548 3.1414 3.0851 2.7672 3.9197 2.6295 2.616 1.9799 2.7049 3.2224 2.9122 1.5124 1.2003 3.3588 3.8418 1.5585 3.3788 2.7378 1.0242 1.6055 2.1315 0.0 3.3963 3.2662 2.1853 0.77451 1.6929 1.6544 0.46341 3.1455 0.90983 0.0 0.0 2.6527 0.84142 1.134 1.207 2.8385 1.207 0.84142 2.6527 1.134 2.8385 1.207 0.84142 2.6527 1.134
1.9414 2.6204 0.9363 1.695 1.7688 0.96439 2.2371 1.601 1.3497 2.28 1.6965 1.9053 0.34785 0.54966 2.652 2.005 0.86721 2.1066 2.0838 2.692 2.456 0.83586 1.3636 2.2827 2.0573 1.385 1.854 2.268 0.84684 1.7139 0.98087 1.3544 1.85 1.2189 2.1024 1.4268 2.2866 3.6574 0.44739 3.0125 1.1603 2.2665 1.5543 1.1176 0.98789 1.2625 0.7841 1.6512 2.0962 2.0223 0.41284 0.47459 1.2727 1.4182 1.251 1.2374 2.3703 1.2104 0.76285 0.59462 2.4049 2.4167 1.1223 1.0902 2.2459 0.76822 1.2433 2.2745 1.7939 1.146 2.8061 0.0 1.0536 1.0437 2.775 2.0115 2.0501 2.8699 0.41696 2.4893 0.0 0.0 1.0622 3.0019 2.7194 2.4234 0.78144 2.4234 3.0019 1.0622 2.7194 0.78144 2.4234 3.0019 1.0622 2.7194
2.1006 2.6815 1.0125 2.0732 2.1469 0.68158 2.0183 1.9792 0.86386 2.3412 2.0747 2.2835 1.201 1.3718 2.7132 2.3832 1.1164 1.9078 2.4619 2.7532 2.5172 0.91205 1.5228 2.0638 2.1185 1.2932 2.2322 2.3292 0.92303 1.8731 1.2301 0.51361 2.2282 1.597 2.1636 1.805 2.3477 3.7186 0.82557 3.0737 1.1945 2.2437 1.9325 0.73477 1.3661 1.6407 1.6063 1.8104 2.1574 1.8234 0.79103 0.66278 0.92786 1.0354 1.6291 1.6156 2.7485 1.2866 1.141 0.91848 2.382 2.4779 0.63646 0.97341 2.0271 0.95641 0.89846 2.3357 2.1721 1.5242 2.8673 0.97389 0.0 1.4219 2.8361 1.7927 1.8313 2.931 0.79514 2.5505 0.0 0.0 1.3114 3.063 2.7806 2.4846 0.93163 2.4846 3.063 1.3114 2.7806 0.93163 2.4846 3.063 1.3114 2.7806
1.2015 1.7595 1.2055 0.67417 0.90794 1.2336 1.7113 0.74014 1.9158 1.4192 0.79366 1.0025 1.579 1.2908 1.7912 1.1022 1.0524 1.3667 1.2229 1.8312 1.5952 1.105 1.3678 1.7568 1.1965 1.5182 0.99319 1.4072 1.116 1.1551 1.164 1.6836 0.98921 0.59104 1.2416 0.56594 1.4257 2.7965 1.0136 2.1517 1.2935 1.4057 0.65144 1.7868 0.36006 0.40172 1.0923 1.5843 1.2354 1.2824 0.97901 1.0408 1.4058 2.0874 0.62313 0.60957 1.4935 1.3436 1.06 0.77979 1.544 1.5559 1.6884 1.7974 1.5901 1.3344 1.3764 1.4137 0.93308 0.12516 1.9453 1.3519 1.3228 0.0 1.9141 1.7245 1.686 2.009 0.98313 1.6284 0.0 0.0 1.2453 2.141 1.8586 1.5626 1.0506 1.5626 2.141 1.2453 1.8586 1.0506 1.5626 2.141 1.2453 1.8586
1.5755 0.73646 2.3154 2.3821 1.3189 2.6955 1.5102 1.8491 3.1048 1.0891 2.0476 2.2564 3.1419 3.1548 0.74312 2.3561 2.4193 1.7407 1.6339 0.78315 1.3431 2.215 2.1397 1.5558 0.8664 1.7011 1.4041 1.1551 2.2259 2.167 2.273 2.3485 1.3631 2.299 0.9115 1.6749 0.71375 1.8615 2.7665 1.3496 1.8114 1.0756 1.9054 3.1377 2.068 2.2277 2.9562 1.9583 1.6093 1.6564 2.7319 2.6037 2.2858 3.4383 2.3311 2.3175 2.1134 2.2235 2.9239 2.5114 1.214 0.90182 2.8774 3.3603 1.26 2.8973 2.2564 0.72577 1.307 1.8331 1.6932 2.9148 2.7847 1.8868 0.0 1.0966 1.1352 0.96096 2.7361 1.3764 0.0 0.0 2.3543 1.339 0.83555 0.90855 2.3571 0.90855 1.339 2.3543 0.83555 2.3571 0.90855 1.339 2.3543 0.83555
1.2222 1.0021 1.3552 2.4558 1.3925 1.7353 0.91792 1.6758 2.1446 1.2408 2.1213 2.3301 2.1818 2.3066 1.0088 2.4298 1.4592 0.81952 1.7075 1.0488 1.4168 1.2548 1.1796 0.96344 1.0181 0.74094 1.4778 1.2288 1.2658 1.2459 1.4208 1.3884 1.4368 2.3726 1.0632 1.7486 0.64334 2.1272 1.8063 1.6153 0.85124 0.4833 1.9791 2.1775 2.1417 1.8485 2.5411 1.0371 1.057 0.7352 1.7718 1.6435 1.3256 2.4781 2.4047 2.3912 2.1871 1.2633 2.0758 1.5512 0.62165 0.7735 1.9172 2.4002 0.66771 1.9372 1.2962 0.63131 1.3807 1.9068 1.7669 1.9546 1.8246 1.9605 1.1317 0.0 0.03855 1.2266 1.7759 1.4501 0.0 0.0 1.5021 1.6046 1.1012 0.78023 1.3969 0.78023 1.6046 1.5021 1.1012 1.3969 0.78023 1.6046 1.5021 1.1012
1.1836 0.9636 1.3938 2.4172 1.354 1.7739 0.87937 1.6372 2.1832 1.2022 2.0827 2.2915 2.2203 2.3452 0.97025 2.3913 1.4977 0.85807 1.669 1.0103 1.3782 1.2934 1.2181 0.92489 0.97954 0.77949 1.4392 1.1902 1.3043 1.2844 1.4594 1.4269 1.3983 2.3341 1.0246 1.71 0.60479 2.0886 1.8449 1.5768 0.88979 0.44475 1.9405 2.2161 2.1031 1.887 2.5796 1.0757 1.0184 0.77375 1.8103 1.6821 1.3642 2.5167 2.3662 2.3526 2.1485 1.3019 2.1143 1.5898 0.5831 0.73495 1.9558 2.4387 0.62916 1.9757 1.3348 0.59276 1.3421 1.8682 1.7284 1.9932 1.8631 1.922 1.0932 0.03855 0.0 1.1881 1.8145 1.4115 0.0 0.0 1.5407 1.5661 1.0627 0.74168 1.4355 0.74168 1.5661 1.5407 1.0627 1.4355 0.74168 1.5661 1.5407 1.0627
1.4921 0.65308 2.415 2.2177 1.2355 2.7951 1.4269 1.7657 3.2044 1.0057 1.5612 1.77 3.2416 3.0714 0.76574 1.8698 2.5189 1.6573 1.5505 1.1958 0.71772 2.3146 2.2393 1.4724 0.78302 1.8007 1.3207 1.0717 2.3256 2.0836 2.1896 2.4481 1.2798 2.2156 0.82811 1.5915 1.0123 1.8841 2.7941 0.46426 1.911 0.99224 1.822 3.2373 1.9846 2.1443 2.8728 1.8749 1.5259 1.573 2.7596 2.7033 2.3854 3.5379 2.2477 2.2341 1.592 2.3231 2.8406 2.5303 1.1306 1.1424 2.977 3.4599 1.1766 2.9969 2.356 1.0003 1.2236 1.7497 1.0678 3.0144 2.8844 1.8035 0.88868 1.3111 1.2725 0.0 2.7637 0.52199 0.0 0.0 2.2709 0.45358 0.75216 1.1492 2.4567 1.1492 0.45358 2.2709 0.75216 2.4567 1.1492 0.45358 2.2709 0.75216
1.6797 2.2717 0.85662 1.3463 1.4201 0.88471 2.1575 1.2523 1.27 1.9313 1.3478 1.5566 0.93317 0.64498 2.3033 1.6564 0.78753 1.8449 1.7351 2.3434 2.1073 0.75618 1.2839 2.203 1.7086 1.3053 1.5053 1.9193 0.76716 1.4522 0.9012 1.2747 1.5014 0.87018 1.7537 1.0781 1.9379 3.3087 0.098709 2.6639 1.0806 1.9178 1.2056 1.1409 0.63921 0.91387 0.87942 1.5715 1.7475 1.7606 0.06416 0.39491 1.193 1.4415 0.90228 0.88872 2.0216 1.1307 0.41417 0.51494 2.0562 2.068 1.0426 1.1515 2.1022 0.68854 1.1636 1.9259 1.4452 0.79731 2.4574 0.70602 0.97396 0.69506 2.4263 1.9318 1.9704 2.5212 0.0 2.1406 0.0 0.0 0.98249 2.6532 2.3708 2.0748 0.70176 2.0748 2.6532 0.98249 2.3708 0.70176 2.0748 2.6532 0.98249 2.3708
1.0366 0.19762 1.9596 1.8433 0.78002 2.3396 0.97139 1.3102 2.7489 0.55025 1.5087 1.7176 2.7861 2.6159 0.92227 1.8173 2.0635 1.2018 1.095 0.9623 0.80426 1.8591 1.7839 1.0169 0.32756 1.3452 0.86527 0.61626 1.8701 1.6282 1.7341 1.9927 0.82429 1.7601 0.37265 1.136 0.55681 2.0056 2.3386 1.3608 1.4555 0.53677 1.3665 2.7818 1.5291 1.6888 2.4174 1.4194 1.0705 1.1175 2.3041 2.2478 1.9299 3.0824 1.7922 1.7787 1.5746 1.8676 2.3851 2.0749 0.67512 0.68697 2.5215 3.0045 0.72118 2.5415 1.9005 0.54479 0.76816 1.2942 1.1544 2.559 2.4289 1.348 1.0452 0.85561 0.81706 1.1401 2.3082 0.0 0.0 0.0 1.8154 1.3501 0.2967 0.6937 2.0012 0.6937 1.3501 1.8154 0.2967 2.0012 0.6937 1.3501 1.8154 0.2967
0.0 0.0 0.0 0.0 0.0 0.0 0.0 0.0 0.0 0.0 0.0 0.0 0.0 0.0 0.0 0.0 0.0 0.0 0.0 0.0 0.0 0.0 0.0 0.0 0.0 0.0 0.0 0.0 0.0 0.0 0.0 0.0 0.0 0.0 0.0 0.0 0.0 0.0 0.0 0.0 0.0 0.0 0.0 0.0 0.0 0.0 0.0 0.0 0.0 0.0 0.0 0.0 0.0 0.0 0.0 0.0 0.0 0.0 0.0 0.0 0.0 0.0 0.0 0.0 0.0 0.0 0.0 0.0 0.0 0.0 0.0 0.0 0.0 0.0 0.0 0.0 0.0 0.0 0.0 0.0 0.0 0.0 0.0 0.0 0.0 0.0 0.0 0.0 0.0 0.0 0.0 0.0 0.0 0.0 0.0 0.0
0.0 0.0 0.0 0.0 0.0 0.0 0.0 0.0 0.0 0.0 0.0 0.0 0.0 0.0 0.0 0.0 0.0 0.0 0.0 0.0 0.0 0.0 0.0 0.0 0.0 0.0 0.0 0.0 0.0 0.0 0.0 0.0 0.0 0.0 0.0 0.0 0.0 0.0 0.0 0.0 0.0 0.0 0.0 0.0 0.0 0.0 0.0 0.0 0.0 0.0 0.0 0.0 0.0 0.0 0.0 0.0 0.0 0.0 0.0 0.0 0.0 0.0 0.0 0.0 0.0 0.0 0.0 0.0 0.0 0.0 0.0 0.0 0.0 0.0 0.0 0.0 0.0 0.0 0.0 0.0 0.0 0.0 0.0 0.0 0.0 0.0 0.0 0.0 0.0 0.0 0.0 0.0 0.0 0.0 0.0 0.0
1.545 2.314 0.81596 1.3887 1.4624 0.84405 2.0548 1.2946 1.5603 1.9737 1.3901 1.599 1.2235 0.93532 2.3457 1.6987 0.66287 1.7102 1.7774 2.3857 2.1497 0.71552 1.1593 2.1003 1.751 1.2647 1.5477 1.9617 0.7265 1.3176 0.77653 1.3941 1.5437 1.1605 1.7961 1.1204 1.9802 3.351 0.65805 2.7062 1.0399 1.9602 1.2479 1.4312 0.92955 0.95621 1.1698 1.4468 1.7899 1.6259 0.6235 0.68525 1.1523 1.7319 1.1926 1.1791 2.143 1.0901 0.70451 0.39028 2.0985 2.1104 1.3329 1.4419 2.0636 0.97888 1.1229 1.9682 1.4876 0.83965 2.4998 0.99636 0.9333 0.7374 2.4686 1.8822 1.9207 2.5635 0.62762 2.1829 0.0 0.0 0.0 2.6955 2.4131 2.1171 0.6611 2.1171 2.6955 0.0 2.4131 0.6611 2.1171 2.6955 0.0 2.4131
1.1341 0.29506 2.057 1.9407 0.87746 2.4371 1.0688 1.4077 2.8464 0.6477 1.6062 1.815 2.8835 2.7134 0.40772 1.9147 2.1609 1.2993 1.1925 0.83775 0.9017 1.9566 1.8813 1.1144 0.425 1.4427 0.96272 0.71371 1.9675 1.7256 1.8316 2.0901 0.92174 1.8576 0.4701 1.2335 0.65426 1.5261 2.4361 0.010676 1.553 0.63422 1.464 2.8793 1.6266 1.7862 2.5148 1.5169 1.1679 1.215 2.4015 2.3453 2.0274 3.1799 1.8897 1.8761 1.672 1.9651 2.4825 2.1723 0.77256 0.78442 2.619 3.1019 0.81863 2.6389 1.998 0.64223 0.86561 1.3917 1.2518 2.6564 2.5263 1.4454 0.53066 0.95305 0.9145 0.62556 2.4057 0.16397 0.0 0.0 1.9129 0.0 0.39414 0.79115 2.0987 0.79115 0.0 1.9129 0.39414 2.0987 0.79115 0.0 1.9129 0.39414
1.0228 0.66283 1.7068 2.2565 1.1932 2.0869 0.7186 1.4764 2.4961 0.29746 1.9219 2.1308 2.5333 2.6171 0.66948 2.2305 1.8107 1.13 1.5082 0.70951 1.2175 1.6063 1.5311 0.76412 0.074767 1.0925 1.2785 1.0295 1.6173 1.5564 1.7313 1.7399 1.2375 2.1733 0.11986 1.5492 0.30402 1.7878 2.1579 1.276 1.2028 0.28398 1.7797 2.5291 1.9424 1.855 2.7156 1.3476 0.85766 1.0457 2.1233 1.9951 1.6771 2.8297 2.2054 2.1919 1.9878 1.6149 2.3863 1.9028 0.42233 0.43418 2.2687 2.7517 0.46839 2.2887 1.6477 0.29199 1.1814 1.7075 1.5676 2.3062 2.1761 1.7612 0.79242 0.60282 0.56427 0.88732 2.1274 1.2507 0.0 0.0 1.8126 1.2653 0.0 0.44091 1.7484 0.44091 1.2653 1.8126 0.0 1.7484 0.44091 1.2653 1.8126 0.0
1.7574 1.2904 1.9783 2.936 1.8728 2.3584 1.4532 2.211 2.7677 1.643 2.6015 2.8103 2.8049 2.9297 1.297 2.9101 2.0822 1.4426 2.1878 1.3371 1.897 1.8779 1.8027 1.4987 1.4203 1.364 1.958 1.709 1.8889 1.8689 2.0439 2.0115 1.9171 2.8529 1.4654 2.2288 0.93158 2.4154 2.4294 1.9036 1.4743 1.0185 2.4593 2.8006 2.6219 2.4716 3.1641 1.6602 1.5922 1.3583 2.3949 2.2666 1.9487 3.1012 2.885 2.8714 2.6673 1.8864 2.6989 2.1743 1.1569 1.0617 2.5403 3.0233 1.203 2.5603 1.9193 0.91956 1.8609 2.387 2.2471 2.5777 2.4477 2.4408 1.42 0.75954 0.79809 1.5149 2.399 1.9303 0.0 0.0 2.1252 1.8929 1.3895 0.0 2.02 0.0 1.8929 2.1252 1.3895 2.02 0.0 1.8929 2.1252 1.3895
1.4518 2.2858 0.32169 1.7019 1.4732 0.51727 1.6225 1.3054 1.2885 1.9454 1.4009 1.6097 0.95172 1.1225 2.3174 1.7094 0.4256 1.512 1.7881 2.3574 2.1214 0.22125 0.87401 1.668 1.7227 0.77041 1.5584 1.9334 0.23223 1.2243 0.53926 0.93581 1.5544 1.3477 1.7678 1.1312 1.9519 3.3228 0.57626 2.6779 0.54568 1.8479 1.2587 1.1595 1.1168 0.96694 1.357 1.1616 1.7616 1.4276 0.54171 0.41346 0.65806 1.4601 1.3798 1.3663 2.1537 0.59578 0.89172 0.32117 1.9863 2.0821 1.0611 1.1701 1.6313 0.7071 0.62866 1.9399 1.4983 1.1529 2.4715 0.72457 0.60652 1.0506 2.4403 1.3969 1.4355 2.5352 0.54583 2.1547 0.0 0.0 0.62056 2.6673 2.3848 2.0888 0.0 2.0888 2.6673 0.62056 2.3848 0.0 2.0888 2.6673 0.62056 2.3848
1.7574 1.2904 1.9783 2.936 1.8728 2.3584 1.4532 2.211 2.7677 1.643 2.6015 2.8103 2.8049 2.9297 1.297 2.9101 2.0822 1.4426 2.1878 1.3371 1.897 1.8779 1.8027 1.4987 1.4203 1.364 1.958 1.709 1.8889 1.8689 2.0439 2.0115 1.9171 2.8529 1.4654 2.2288 0.93158 2.4154 2.4294 1.9036 1.4743 1.0185 2.4593 2.8006 2.6219 2.4716 3.1641 1.6602 1.5922 1.3583 2.3949 2.2666 1.9487 3.1012 2.885 2.8714 2.6673 1.8864 2.6989 2.1743 1.1569 1.0617 2.5403 3.0233 1.203 2.5603 1.9193 0.91956 1.8609 2.387 2.2471 2.5777 2.4477 2.4408 1.42 0.75954 0.79809 1.5149 2.399 1.9303 0.0 0.0 2.1252 1.8929 1.3895 0.0 2.02 0.0 1.8929 2.1252 1.3895 2.02 0.0 1.8929 2.1252 1.3895
1.1341 0.29506 2.057 1.9407 0.87746 2.4371 1.0688 1.4077 2.8464 0.6477 1.6062 1.815 2.8835 2.7134 0.40772 1.9147 2.1609 1.2993 1.1925 0.83775 0.9017 1.9566 1.8813 1.1144 0.425 1.4427 0.96272 0.71371 1.9675 1.7256 1.8316 2.0901 0.92174 1.8576 0.4701 1.2335 0.65426 1.5261 2.4361 0.010676 1.553 0.63422 1.464 2.8793 1.6266 1.7862 2.5148 1.5169 1.1679 1.215 2.4015 2.3453 2.0274 3.1799 1.8897 1.8761 1.672 1.9651 2.4825 2.1723 0.77256 0.78442 2.619 3.1019 0.81863 2.6389 1.998 0.64223 0.86561 1.3917 1.2518 2.6564 2.5263 1.4454 0.53066 0.95305 0.9145 0.62556 2.4057 0.16397 0.0 0.0 1.9129 0.0 0.39414 0.79115 2.0987 0.79115 0.0 1.9129 0.39414 2.0987 0.79115 0.0 1.9129 0.39414
1.545 2.314 0.81596 1.3887 1.4624 0.84405 2.0548 1.2946 1.5603 1.9737 1.3901 1.599 1.2235 0.93532 2.3457 1.6987 0.66287 1.7102 1.7774 2.3857 2.1497 0.71552 1.1593 2.1003 1.751 1.2647 1.5477 1.9617 0.7265 1.3176 0.77653 1.3941 1.5437 1.1605 1.7961 1.1204 1.9802 3.351 0.65805 2.7062 1.0399 1.9602 1.2479 1.4312 0.92955 0.95621 1.1698 1.4468 1.7899 1.6259 0.6235 0.68525 1.1523 1.7319 1.1926 1.1791 2.143 1.0901 0.70451 0.39028 2.0985 2.1104 1.3329 1.4419 2.0636 0.97888 1.1229 1.9682 1.4876 0.83965 2.4998 0.99636 0.9333 0.7374 2.4686 1.8822 1.9207 2.5635 0.62762 2.1829 0.0 0.0 0.0 2.6955 2.4131 2.1171 0.6611 2.1171 2.6955 0.0 2.4131 0.6611 2.1171 2.6955 0.0 2.4131
1.0228 0.66283 1.7068 2.2565 1.1932 2.0869 0.7186 1.4764 2.4961 0.29746 1.9219 2.1308 2.5333 2.6171 0.66948 2.2305 1.8107 1.13 1.5082 0.70951 1.2175 1.6063 1.5311 0.76412 0.074767 1.0925 1.2785 1.0295 1.6173 1.5564 1.7313 1.7399 1.2375 2.1733 0.11986 1.5492 0.30402 1.7878 2.1579 1.276 1.2028 0.28398 1.7797 2.5291 1.9424 1.855 2.7156 1.3476 0.85766 1.0457 2.1233 1.9951 1.6771 2.8297 2.2054 2.1919 1.9878 1.6149 2.3863 1.9028 0.42233 0.43418 2.2687 2.7517 0.46839 2.2887 1.6477 0.29199 1.1814 1.7075 1.5676 2.3062 2.1761 1.7612 0.79242 0.60282 0.56427 0.88732 2.1274 1.2507 0.0 0.0 1.8126 1.2653 0.0 0.44091 1.7484 0.44091 1.2653 1.8126 0.0 1.7484 0.44091 1.2653 1.8126 0.0
1.4518 2.2858 0.32169 1.7019 1.4732 0.51727 1.6225 1.3054 1.2885 1.9454 1.4009 1.6097 0.95172 1.1225 2.3174 1.7094 0.4256 1.512 1.7881 2.3574 2.1214 0.22125 0.87401 1.668 1.7227 0.77041 1.5584 1.9334 0.23223 1.2243 0.53926 0.93581 1.5544 1.3477 1.7678 1.1312 1.9519 3.3228 0.57626 2.6779 0.54568 1.8479 1.2587 1.1595 1.1168 0.96694 1.357 1.1616 1.7616 1.4276 0.54171 0.41346 0.65806 1.4601 1.3798 1.3663 2.1537 0.59578 0.89172 0.32117 1.9863 2.0821 1.0611 1.1701 1.6313 0.7071 0.62866 1.9399 1.4983 1.1529 2.4715 0.72457 0.60652 1.0506 2.4403 1.3969 1.4355 2.5352 0.54583 2.1547 0.0 0.0 0.62056 2.6673 2.3848 2.0888 0.0 2.0888 2.6673 0.62056 2.3848 0.0 2.0888 2.6673 0.62056 2.3848
1.7574 1.2904 1.9783 2.936 1.8728 2.3584 1.4532 2.211 2.7677 1.643 2.6015 2.8103 2.8049 2.9297 1.297 2.9101 2.0822 1.4426 2.1878 1.3371 1.897 1.8779 1.8027 1.4987 1.4203 1.364 1.958 1.709 1.8889 1.8689 2.0439 2.0115 1.9171 2.8529 1.4654 2.2288 0.93158 2.4154 2.4294 1.9036 1.4743 1.0185 2.4593 2.8006 2.6219 2.4716 3.1641 1.6602 1.5922 1.3583 2.3949 2.2666 1.9487 3.1012 2.885 2.8714 2.6673 1.8864 2.6989 2.1743 1.1569 1.0617 2.5403 3.0233 1.203 2.5603 1.9193 0.91956 1.8609 2.387 2.2471 2.5777 2.4477 2.4408 1.42 0.75954 0.79809 1.5149 2.399 1.9303 0.0 0.0 2.1252 1.8929 1.3895 0.0 2.02 0.0 1.8929 2.1252 1.3895 2.02 0.0 1.8929 2.1252 1.3895
1.1341 0.29506 2.057 1.9407 0.87746 2.4371 1.0688 1.4077 2.8464 0.6477 1.6062 1.815 2.8835 2.7134 0.40772 1.9147 2.1609 1.2993 1.1925 0.83775 0.9017 1.9566 1.8813 1.1144 0.425 1.4427 0.96272 0.71371 1.9675 1.7256 1.8316 2.0901 0.92174 1.8576 0.4701 1.2335 0.65426 1.5261 2.4361 0.010676 1.553 0.63422 1.464 2.8793 1.6266 1.7862 2.5148 1.5169 1.1679 1.215 2.4015 2.3453 2.0274 3.1799 1.8897 1.8761 1.672 1.9651 2.4825 2.1723 0.77256 0.78442 2.619 3.1019 0.81863 2.6389 1.998 0.64223 0.86561 1.3917 1.2518 2.6564 2.5263 1.4454 0.53066 0.95305 0.9145 0.62556 2.4057 0.16397 0.0 0.0 1.9129 0.0 0.39414 0.79115 2.0987 0.79115 0.0 1.9129 0.39414 2.0987 0.79115 0.0 1.9129 0.39414
1.545 2.314 0.81596 1.3887 1.4624 0.84405 2.0548 1.2946 1.5603 1.9737 1.3901 1.599 1.2235 0.93532 2.3457 1.6987 0.66287 1.7102 1.7774 2.3857 2.1497 0.71552 1.1593 2.1003 1.751 1.2647 1.5477 1.9617 0.7265 1.3176 0.77653 1.3941 1.5437 1.1605 1.7961 1.1204 1.9802 3.351 0.65805 2.7062 1.0399 1.9602 1.2479 1.4312 0.92955 0.95621 1.1698 1.4468 1.7899 1.6259 0.6235 0.68525 1.1523 1.7319 1.1926 1.1791 2.143 1.0901 0.70451 0.39028 2.0985 2.1104 1.3329 1.4419 2.0636 0.97888 1.1229 1.9682 1.4876 0.83965 2.4998 0.99636 0.9333 0.7374 2.4686 1.8822 1.9207 2.5635 0.62762 2.1829 0.0 0.0 0.0 2.6955 2.4131 2.1171 0.6611 2.1171 2.6955 0.0 2.4131 0.6611 2.1171 2.6955 0.0 2.4131
1.0228 0.66283 1.7068 2.2565 1.1932 2.0869 0.7186 1.4764 2.4961 0.29746 1.9219 2.1308 2.5333 2.6171 0.66948 2.2305 1.8107 1.13 1.5082 0.70951 1.2175 1.6063 1.5311 0.76412 0.074767 1.0925 1.2785 1.0295 1.6173 1.5564 1.7313 1.7399 1.2375 2.1733 0.11986 1.5492 0.30402 1.7878 2.1579 1.276 1.2028 0.28398 1.7797 2.5291 1.9424 1.855 2.7156 1.3476 0.85766 1.0457 2.1233 1.9951 1.6771 2.8297 2.2054 2.1919 1.9878 1.6149 2.3863 1.9028 0.42233 0.43418 2.2687 2.7517 0.46839 2.2887 1.6477 0.29199 1.1814 1.7075 1.5676 2.3062 2.1761 1.7612 0.79242 0.60282 0.56427 0.88732 2.1274 1.2507 0.0 0.0 1.8126 1.2653 0.0 0.44091 1.7484 0.44091 1.2653 1.8126 0.0 1.7484 0.44091 1.2653 1.8126 0.0
