1.925 -0.375075522182287 
3.85 -0.35629082774209 
5.775 -0.337762748112874 
7.7 -0.319487777719322 
9.625 -0.301462458875236 
11.55 -0.283683381129338 
13.475 -0.266147180619998 
15.4 -0.248850539438778 
17.325 -0.231790185002679 
19.25 -0.214962889434951 
21.175 -0.198365468954368 
23.1 -0.181994783272853 
25.025 -0.165847735001314 
26.95 -0.149921269063617 
28.875 -0.134212372118551 
30.8 -0.118718071989693 
32.725 -0.103435437103063 
34.65 -0.0883615759324621 
36.575 -0.0734936364523835 
38.5 -0.058828805598401 
40.425 -0.0443643087349268 
42.35 -0.0300974091302419 
44.275 -0.0160254074386972 
46.2 -0.00214564118998672 
48.125 0.0115445157145987 
50.05 0.0250476534990394 
51.975 0.0383663270026658 
53.9 0.0515030561635428 
55.825 0.0644603264952501 
57.75 0.0772405895571502 
59.675 0.0898462634182317 
61.6 0.102279733114616 
63.525 0.114543351100813 
65.45 0.126639437694818 
67.375 0.138570281517116 
69.3 0.150338139923705 
71.225 0.161945239433187 
73.15 0.173393776148041 
75.075 0.184685916170127 
77 0.195823796010521 
78.925 0.206809522993754 
80.85 0.217645175656519 
82.775 0.228332804140941 
84.7 0.23887443058247 
86.625 0.249272049492477 
88.55 0.259527628135619 
90.475 0.269643106902055 
92.4 0.279620399674574 
94.325 0.289461394190708 
96.25 0.299167952399895 
98.175 0.308741910815774 
100.1 0.318185080863652 
102.025 0.327499249223233 
103.95 0.336686178166667 
105.875 0.345747605891978 
107.8 0.354685246851933 
109.725 0.363500792078424 
111.65 0.372195909502418 
113.575 0.380772244269535 
115.5 0.389231419051314 
117.425 0.397575034352229 
119.35 0.40580466881251 
121.275 0.413921879506825 
123.2 0.421928202238887 
125.125 0.42982515183203 
127.05 0.437614222415822 
128.975 0.445296887708755 
130.9 0.452874601297083 
132.825 0.460348796909841 
134.75 0.467720888690113 
136.675 0.474992271462594 
138.6 0.482164320997492 
140.525 0.489238394270833 
142.45 0.4962158297212 
144.375 0.503097947502977 
146.3 0.509886049736118 
148.225 0.516581420752522 
150.15 0.523185327339025 
152.075 0.529699018977084 
154 0.536123728079185 
155.925 0.542460670222015 
157.85 0.548711044376456 
159.775 0.554876033134434 
161.7 0.560956802932669 
163.625 0.56695450427337 
165.55 0.572870271941911 
167.475 0.578705225221541 
169.4 0.584460468105151 
171.325 0.590137089504155 
173.25 0.59573616345452 
175.175 0.601258749319969 
177.1 0.606705891992423 
179.025 0.612078622089697 
180.95 0.617377956150491 
182.875 0.622604896826732 
184.8 0.627760433073269 
186.725 0.632845540334995 
188.65 0.637861180731398 
190.575 0.642808303238603 
192.5 0.647687843868917 
194.425 0.652500725847928 
196.35 0.65724785978918 
198.275 0.661930143866469 
200.2 0.666548463983776 
202.125 0.671103693942883 
204.05 0.675596695608702 
205.975 0.680028319072343 
207.9 0.68439940281195 
209.825 0.688710773851348 
211.75 0.692963247916516 
213.675 0.697157629589928 
215.6 0.701294712462781 
217.525 0.705375279285142 
219.45 0.709400102114054 
221.375 0.713369942459606 
223.3 0.717285551429016 
225.225 0.721147669868741 
227.15 0.72495702850465 
229.075 0.72871434808028 
231 0.732420339493198 
232.925 0.736075703929513 
234.85 0.739681132996536 
236.775 0.74323730885364 
238.7 0.746744904341321 
240.625 0.750204583108507 
242.55 0.75361699973812 
244.475 0.756982799870925 
246.4 0.76030262032769 
248.325 0.76357708922967 
250.25 0.766806826117456 
252.175 0.769992442068187 
254.1 0.773134539811173 
256.025 0.776233713841934 
257.95 0.779290550534675 
259.875 0.782305628253236 
261.8 0.785279517460517 
263.725 0.788212780826412 
265.65 0.791105973334269 
267.575 0.793959642385893 
269.5 0.79677432790512 
271.425 0.799550562439968 
273.35 0.802288871263398 
275.275 0.804989772472701 
277.2 0.807653777087516 
279.125 0.810281389146527 
281.05 0.812873105802821 
282.975 0.815429417417952 
284.9 0.817950807654723 
286.825 0.820437753568693 
288.75 0.822890725698438 
290.675 0.82531018815458 
292.6 0.827696598707597 
294.525 0.830050408874437 
296.45 0.832372064003941 
298.375 0.834662003361111 
300.3 0.836920660210218 
302.225 0.839148461896775 
304.15 0.841345829928393 
306.075 0.843513180054537 
308 0.845650922345177 
309.925 0.847759461268386 
311.85 0.849839195766856 
313.775 0.851890519333388 
315.7 0.853913820085337 
317.625 0.855909480838048 
319.55 0.857877879177284 
321.475 0.859819387530665 
323.4 0.861734373238139 
325.325 0.863623198621477 
327.25 0.865486221052828 
329.175 0.867323793022336 
331.1 0.869136262204832 
333.025 0.870923971525614 
334.95 0.872687259225331 
336.875 0.874426458923978 
338.8 0.876141899684019 
340.725 0.877833906072647 
342.65 0.879502798223193 
344.575 0.881148891895695 
346.5 0.882772498536642 
348.425 0.8843739253379 
350.35 0.885953475294836 
352.275 0.887511447263643 
354.2 0.889048136017887 
356.125 0.890563832304274 
358.05 0.89205882289767 
359.975 0.893533390655348 
361.9 0.894987814570515 
363.825 0.896422369825095 
365.75 0.897837327841791 
367.675 0.899232956335447 
369.6 0.900609519363692 
371.525 0.901967277376906 
373.45 0.903306487267497 
375.375 0.904627402418504 
377.3 0.90593027275154 
379.225 0.90721534477408 
381.15 0.908482861626094 
383.075 0.909733063126057 
385 0.910966185816321 
386.925 0.912182463007869 
388.85 0.913382124824458 
390.775 0.91456539824616 
392.7 0.915732507152309 
394.625 0.916883672363855 
396.55 0.91801911168515 
398.475 0.919139039945153 
400.4 0.920243669038078 
402.325 0.921333207963485 
404.25 0.922407862865821 
406.175 0.92346783707343 
408.1 0.924513331137016 
410.025 0.92554454286759 
411.95 0.926561667373899 
413.875 0.927564897099339 
415.8 0.928554421858368 
417.725 0.929530428872414 
419.65 0.930493102805307 
421.575 0.931442625798209 
423.5 0.932379177504081 
425.425 0.933302935121673 
427.35 0.934214073429051 
429.275 0.935112764816662 
431.2 0.935999179319957 
433.125 0.936873484651557 
435.05 0.937735846232987 
436.975 0.938586427225975 
438.9 0.93942538856332 
440.825 0.940252888979345 
442.75 0.941069085039927 
444.675 0.94187413117212 
446.6 0.942668179693375 
448.525 0.943451380840357 
450.45 0.944223882797372 
452.375 0.944985831724402 
454.3 0.945737371784761 
456.225 0.946478645172369 
458.15 0.947209792138659 
460.075 0.947930951019108 
462 0.948642258259415 
463.925 0.949343848441316 
465.85 0.950035854308046 
467.775 0.950718406789454 
469.7 0.951391635026778 
471.625 0.952055666397077 
473.55 0.952710626537332 
475.475 0.953356639368216 
477.4 0.953993827117542 
479.325 0.954622310343386 
481.25 0.955242207956899 
483.175 0.955853637244807 
485.1 0.956456713891598 
487.025 0.957051552001414 
488.95 0.957638264119635 
490.875 0.95821696125418 
492.8 0.958787752896502 
494.725 0.95935074704231 
496.65 0.959906050212001 
498.575 0.960453767470813 
500.5 0.960994002448702 
502.425 0.961526857359953 
504.35 0.962052433022518 
506.275 0.962570828877088 
508.2 0.963082143005914 
510.125 0.963586472151356 
512.05 0.964083911734195 
513.975 0.964574555871682 
515.9 0.965058497395346 
517.825 0.965535827868561 
519.75 0.966006637603867 
521.675 0.966471015680056 
523.6 0.966929049959032 
525.525 0.967380827102429 
527.45 0.96782643258801 
529.375 0.968265950725841 
531.3 0.968699464674238 
533.225 0.969127056455506 
535.15 0.969548806971458 
537.075 0.969964796018716 
539 0.970375102303815 
540.925 0.970779803458092 
542.85 0.971178976052373 
544.775 0.971572695611464 
546.7 0.971961036628436 
548.625 0.972344072578722 
550.55 0.97272187593402 
552.475 0.973094518176003 
554.4 0.973462069809842 
556.325 0.973824600377549 
558.25 0.974182178471135 
560.175 0.974534871745582 
562.1 0.974882746931653 
564.025 0.975225869848507 
565.95 0.975564305416161 
567.875 0.97589811766777 
569.8 0.976227369761739 
571.725 0.976552123993679 
573.65 0.976872441808188 
575.575 0.97718838381048 
577.5 0.97750000977785 
579.425 0.977807378670986 
581.35 0.97811054864512 
583.275 0.978409577061037 
585.2 0.978704520495925 
587.125 0.978995434754079 
589.05 0.979282374877461 
590.975 0.979565395156111 
592.9 0.979844549138425 
594.825 0.980119889641278 
596.75 0.980391468760026 
598.675 0.980659337878356 
600.6 0.980923547678011 
602.525 0.981184148148378 
604.45 0.981441188595949 
606.375 0.981694717653644 
608.3 0.981944783290018 
610.225 0.982191432818337 
612.15 0.982434712905524 
614.075 0.982674669580995 
616 0.982911348245364 
617.925 0.983144793679034 
619.85 0.983375050050672 
621.775 0.983602160925562 
623.7 0.983826169273848 
625.625 0.984047117478668 
627.55 0.984265047344169 
629.475 0.98448000010342 
631.4 0.984692016426208 
633.325 0.984901136426739 
635.25 0.985107399671225 
637.175 0.985310845185368 
639.1 0.985511511461748 
641.025 0.985709436467103 
642.95 0.985904657649513 
644.875 0.986097211945486 
646.8 0.986287135786946 
648.725 0.986474465108127 
650.65 0.986659235352368 
652.575 0.986841481478826 
654.5 0.987021237969083 
656.425 0.987198538833675 
658.35 0.987373417618526 
660.275 0.987545907411293 
662.2 0.987716040847628 
664.125 0.987883850117352 
666.05 0.988049366970547 
667.975 0.988212622723562 
669.9 0.988373648264935 
671.825 0.988532474061246 
673.75 0.98868913016287 
675.675 0.988843646209673 
677.6 0.988996051436614 
679.525 0.989146374679275 
681.45 0.989294644379324 
683.375 0.989440888589888 
685.3 0.989585134980868 
687.225 0.989727410844167 
689.15 0.989867743098861 
691.075 0.990006158296286 
693 0.990142682625066 
694.925 0.990277341916066 
696.85 0.990410161647278 
698.775 0.990541166948646 
700.7 0.990670382606815 
702.625 0.990797833069824 
704.55 0.990923542451733 
706.475 0.991047534537181 
708.4 0.99116983278589 
710.325 0.991290460337102 
712.25 0.991409440013958 
714.175 0.991526794327816 
716.1 0.991642545482508 
718.025 0.991756715378543 
719.95 0.991869325617254 
721.875 0.991980397504876 
723.8 0.992089952056588 
725.725 0.992198010000481 
727.65 0.992304591781483 
729.575 0.992409717565228 
731.5 0.992513407241869 
733.425 0.992615680429843 
735.35 0.992716556479585 
737.275 0.992816054477183 
739.2 0.992914193247996 
741.125 0.99301099136021 
743.05 0.993106467128355 
744.975 0.99320063861677 
746.9 0.993293523643019 
748.825 0.993385139781263 
750.75 0.993475504365586 
752.675 0.993564634493271 
754.6 0.993652547028041 
756.525 0.993739258603244 
758.45 0.993824785625004 
760.375 0.993909144275322 
762.3 0.993992350515141 
764.225 0.994074420087361 
766.15 0.994155368519825 
768.075 0.994235211128249 
770 0.994313963019124 
