INSTANCE u2-16-14.85-0.6-14.85.txt

Objective function weight factors:
[0.75, 0.25]
Time horizon [min]:
127.0
Number of customers:
16
Number of origin depots,destination depots and recharging stations:
1,1,5
Number of vehicles:
2
Capacity of vehicles (C):
[3, 3]
Initial battery range level of vehicles (B0 in kWh):
[3.5, 3.5]
Available battery range for the vehicles at every node (Q in kWh):
[3.5, 3.5]
Maximum battery emptiness at end depots (r)(% of the available battery range Q):
[0.6, 0.6]
Vehicles' consumption rates (beta in  kWh/min):
[0.0715; 0.0715]
Recharging rates at stations (alpha in kWh/min):
[0.055 0.055 0.055 0.055 0.055; 0.055 0.055 0.055 0.055 0.055]

Objective Value:
57.6462315
Best_bound:
57.646231500000006
Gap[%]:
1.2325918230406791e-14
Objective Value 1st component (by vehicle)
76.861642
Objective Value 2nd component (by vehicle):
NaN
Objective Value 3rd component (by vehicle):
0.0
Solution: i, j, T[i], T[j],arr[i],dep[i],arr[j],dep[j],t[i,j],B[i],e[i]
35,3,0.0,2.819,0.0,137.0,0.0,15.91,2.819,3.5,0
3,19,2.819,5.905,0.0,15.91,4.0,19.0,2.586,3.298,0
19,1,5.905,6.455,4.0,19.0,0.0,10.28,0.05,3.114,0
1,17,6.455,11.171,0.0,10.28,4.72,15.0,4.215,3.11,0
17,6,11.171,35.859,4.72,15.0,31.5,50.86,1.993,2.809,0
6,22,35.859,40.0,31.5,50.86,40.0,55.0,3.641,2.666,0
22,7,40.0,45.097,40.0,55.0,32.5,53.49,4.597,2.406,0
7,23,45.097,47.604,32.5,53.49,41.0,56.0,2.007,2.077,0
23,10,47.604,57.812,41.0,56.0,53.5,72.81,1.3,1.934,0
10,26,57.812,62.0,53.5,72.81,62.0,77.0,3.688,1.841,0
26,11,62.0,74.058,62.0,77.0,68.5,89.06,3.051,1.577,0
11,27,74.058,77.0,68.5,89.06,77.0,92.0,2.442,1.359,0
27,14,77.0,100.25,77.0,92.0,96.5,115.25,3.418,1.184,0
14,30,100.25,105.0,96.5,115.25,105.0,120.0,4.25,0.94,0
30,15,105.0,107.565,105.0,120.0,97.5,120.5,1.468,0.636,0
15,31,107.565,108.065,97.5,120.5,106.0,121.0,0.0,0.531,0
31,42,108.065,109.71,106.0,121.0,0.0,137.0,1.145,0.531,0
42,37,109.71,127.0,0.0,137.0,0.0,137.0,0.0,0.449,17.29
36,2,8.316,8.551,0.0,137.0,0.0,16.37,0.236,3.264,0
2,18,8.551,10.18,0.0,16.37,3.0,18.0,1.129,3.247,0
18,4,10.18,11.595,3.0,18.0,7.5,26.59,0.914,3.166,0
4,20,11.595,16.0,7.5,26.59,16.0,31.0,3.905,3.101,0
20,5,16.0,28.028,16.0,31.0,8.5,28.03,1.644,2.822,0
5,21,28.028,31.997,8.5,28.03,17.0,32.0,3.469,2.704,0
21,8,31.997,62.568,17.0,32.0,41.5,62.57,1.437,2.456,0
8,24,62.568,64.993,41.5,62.57,50.0,65.0,1.925,2.353,0
24,9,64.993,70.566,50.0,65.0,52.5,74.21,2.136,2.216,0
9,25,70.566,72.355,52.5,74.21,61.0,76.0,1.289,2.063,0
25,12,72.355,74.837,61.0,76.0,68.5,89.84,1.982,1.971,0
12,28,74.837,77.0,68.5,89.84,77.0,92.0,1.663,1.829,0
28,16,77.0,103.384,77.0,92.0,98.5,118.38,1.403,1.71,0
16,32,103.384,107.0,98.5,118.38,107.0,122.0,3.116,1.61,0
32,13,107.0,108.91,107.0,122.0,89.5,109.86,1.41,1.387,0
13,29,108.91,112.045,89.5,109.86,98.0,113.0,2.636,1.286,0
29,45,112.045,116.443,98.0,113.0,0.0,137.0,3.897,1.098,0
45,40,116.443,127.0,0.0,137.0,0.0,137.0,0.0,0.819,10.557
Number of visited stations during service (per vehicle):
[0, 0]
Charging time during service (per vehicle):
[0.0, 0.0]
Number of visited stations at the end of service (per vehicle):
[1, 1]
Charging time during service (per vehicle):
[17.29, 10.557]
