INSTANCE u2-16-14.85-0.9-14.85-3.txt

Objective function weight factors:
[0.75, 0.25]
Time horizon [min]:
127.0
Number of customers:
16
Number of origin depots,destination depots and recharging stations:
1,1,5
Number of vehicles:
2
Capacity of vehicles (C):
[3, 3]
Initial battery range level of vehicles (B0 in kWh):
[3.5, 3.5]
Available battery range for the vehicles at every node (Q in kWh):
[3.5, 3.5]
Maximum battery emptiness at end depots (r)(% of the available battery range Q):
[0.9, 0.9]
Vehicles' consumption rates (beta in  kWh/min):
[0.0715; 0.0715]
Recharging rates at stations (alpha in kWh/min):
[0.055 0.055 0.055 0.055 0.055 0.055 0.055 0.055 0.055 0.055 0.055 0.055 0.055 0.055 0.055; 0.055 0.055 0.055 0.055 0.055 0.055 0.055 0.055 0.055 0.055 0.055 0.055 0.055 0.055 0.055]

Objective Value:
57.6107715
Best_bound:
57.6107715
Gap[%]:
0.0
Objective Value 1st component (by vehicle)
76.814362
Objective Value 2nd component (by vehicle):
NaN
Objective Value 3rd component (by vehicle):
0.0
Solution: i, j, T[i], T[j],arr[i],dep[i],arr[j],dep[j],t[i,j],B[i],e[i]
35,3,0.0,2.819,0.0,137.0,0.0,15.91,2.819,3.464,0
3,19,2.819,5.905,0.0,15.91,4.0,19.0,2.586,3.263,0
19,1,5.905,6.455,4.0,19.0,0.0,10.28,0.05,3.078,0
1,17,6.455,11.171,0.0,10.28,4.72,15.0,4.215,3.074,0
17,6,11.171,44.248,4.72,15.0,31.5,50.86,1.993,2.773,0
6,22,44.248,48.389,31.5,50.86,40.0,55.0,3.641,2.63,0
22,7,48.389,53.486,40.0,55.0,32.5,53.49,4.597,2.37,0
7,23,53.486,55.993,32.5,53.49,41.0,56.0,2.007,2.042,0
23,10,55.993,66.319,41.0,56.0,53.5,72.81,1.3,1.898,0
10,26,66.319,70.507,53.5,72.81,62.0,77.0,3.688,1.805,0
26,11,70.507,74.058,62.0,77.0,68.5,89.06,3.051,1.541,0
11,27,74.058,77.0,68.5,89.06,77.0,92.0,2.442,1.323,0
27,12,77.0,89.832,77.0,92.0,68.5,89.84,2.502,1.149,0
12,28,89.832,91.996,68.5,89.84,77.0,92.0,1.663,0.97,0
28,16,91.996,104.33,77.0,92.0,98.5,118.38,1.403,0.851,0
16,32,104.33,107.946,98.5,118.38,107.0,122.0,3.116,0.751,0
32,13,107.946,109.856,107.0,122.0,89.5,109.86,1.41,0.528,0
13,29,109.856,112.991,89.5,109.86,98.0,113.0,2.636,0.427,0
29,42,112.991,120.636,98.0,113.0,0.0,137.0,3.336,0.239,0
42,37,120.636,127.0,0.0,137.0,0.0,137.0,0.0,0.0,6.364
36,2,1.135,8.551,0.0,137.0,0.0,16.37,0.236,2.028,0
2,18,8.551,10.18,0.0,16.37,3.0,18.0,1.129,2.011,0
18,4,10.18,11.595,3.0,18.0,7.5,26.59,0.914,1.93,0
4,20,11.595,16.0,7.5,26.59,16.0,31.0,3.905,1.865,0
20,5,16.0,18.144,16.0,31.0,8.5,28.03,1.644,1.586,0
5,21,18.144,22.113,8.5,28.03,17.0,32.0,3.469,1.468,0
21,8,22.113,54.15,17.0,32.0,41.5,62.57,1.437,1.22,0
8,24,54.15,56.576,41.5,62.57,50.0,65.0,1.925,1.117,0
24,9,56.576,59.211,50.0,65.0,52.5,74.21,2.136,0.98,0
9,25,59.211,61.0,52.5,74.21,61.0,76.0,1.289,0.827,0
25,14,61.0,100.25,61.0,76.0,96.5,115.25,2.898,0.735,0
14,30,100.25,105.0,96.5,115.25,105.0,120.0,4.25,0.528,0
30,15,105.0,106.968,105.0,120.0,97.5,120.5,1.468,0.224,0
15,31,106.968,107.468,97.5,120.5,106.0,121.0,0.0,0.119,0
31,45,107.468,109.627,106.0,121.0,0.0,137.0,1.66,0.119,0
45,50,109.627,109.627,0.0,137.0,0.0,137.0,0.0,0.0,0.0
50,55,109.627,109.627,0.0,137.0,0.0,137.0,0.0,0.0,0.0
55,40,109.627,127.0,0.0,137.0,0.0,137.0,0.0,0.0,17.373
Number of visited stations during service (per vehicle):
[0, 2]
Charging time during service (per vehicle):
[0.0, 0.0]
Number of visited stations at the end of service (per vehicle):
[1, 1]
Charging time during service (per vehicle):
[6.364, 17.373]
