INSTANCE u2-16-14.85-0.3-14.85.txt

Objective function weight factors:
[0.75, 0.25]
Time horizon [min]:
127.0
Number of customers:
16
Number of origin depots,destination depots and recharging stations:
1,1,5
Number of vehicles:
2
Capacity of vehicles (C):
[3, 3]
Initial battery range level of vehicles (B0 in kWh):
[3.5, 3.5]
Available battery range for the vehicles at every node (Q in kWh):
[3.5, 3.5]
Maximum battery emptiness at end depots (r)(% of the available battery range Q):
[0.3, 0.3]
Vehicles' consumption rates (beta in  kWh/min):
[0.0715; 0.0715]
Recharging rates at stations (alpha in kWh/min):
[0.055 0.055 0.055 0.055 0.055; 0.055 0.055 0.055 0.055 0.055]

Objective Value:
59.194381500000006
Best_bound:
59.1943815
Gap[%]:
1.2003550299112426e-14
Objective Value 1st component (by vehicle)
78.925842
Objective Value 2nd component (by vehicle):
NaN
Objective Value 3rd component (by vehicle):
0.0
Solution: i, j, T[i], T[j],arr[i],dep[i],arr[j],dep[j],t[i,j],B[i],e[i]
35,3,0.004,2.822,0.0,137.0,0.0,15.91,2.819,3.253,0
3,19,2.822,5.909,0.0,15.91,4.0,19.0,2.586,3.052,0
19,1,5.909,10.28,4.0,19.0,0.0,10.28,0.05,2.867,0
1,17,10.28,14.995,0.0,10.28,4.72,15.0,4.215,2.863,0
17,5,14.995,17.46,4.72,15.0,8.5,28.03,1.965,2.562,0
5,21,17.46,21.429,8.5,28.03,17.0,32.0,3.469,2.421,0
21,8,21.429,47.575,17.0,32.0,41.5,62.57,1.437,2.173,0
8,24,47.575,50.0,41.5,62.57,50.0,65.0,1.925,2.071,0
24,9,50.0,59.211,50.0,65.0,52.5,74.21,2.136,1.933,0
9,25,59.211,61.0,52.5,74.21,61.0,76.0,1.289,1.78,0
25,44,61.0,63.563,61.0,76.0,0.0,137.0,2.063,1.688,0
44,14,63.563,100.25,0.0,137.0,96.5,115.25,1.385,1.541,35.302
14,30,100.25,105.0,96.5,115.25,105.0,120.0,4.25,3.383,0
30,15,105.0,106.968,105.0,120.0,97.5,120.5,1.468,3.079,0
15,31,106.968,107.468,97.5,120.5,106.0,121.0,0.0,2.974,0
31,13,107.468,109.33,106.0,121.0,89.5,109.86,1.362,2.974,0
13,29,109.33,112.466,89.5,109.86,98.0,113.0,2.636,2.877,0
29,37,112.466,127.0,98.0,113.0,0.0,137.0,3.336,2.689,0
36,2,1.137,1.373,0.0,137.0,0.0,16.37,0.236,3.441,0
2,18,1.373,3.002,0.0,16.37,3.0,18.0,1.129,3.424,0
18,4,3.002,26.587,3.0,18.0,7.5,26.59,0.914,3.343,0
4,20,26.587,30.992,7.5,26.59,16.0,31.0,3.905,3.278,0
20,6,30.992,35.859,16.0,31.0,31.5,50.86,1.782,2.999,0
6,22,35.859,40.0,31.5,50.86,40.0,55.0,3.641,2.871,0
22,7,40.0,53.49,40.0,55.0,32.5,53.49,4.597,2.611,0
7,23,53.49,55.997,32.5,53.49,41.0,56.0,2.007,2.282,0
23,10,55.997,57.812,41.0,56.0,53.5,72.81,1.3,2.139,0
10,26,57.812,62.0,53.5,72.81,62.0,77.0,3.688,2.046,0
26,42,62.0,65.197,62.0,77.0,0.0,137.0,2.697,1.782,0
42,11,65.197,83.891,0.0,137.0,68.5,89.06,1.051,1.589,17.643
11,27,83.891,86.833,68.5,89.06,77.0,92.0,2.442,2.485,0
27,12,86.833,89.835,77.0,92.0,68.5,89.84,2.502,2.31,0
12,28,89.835,91.999,68.5,89.84,77.0,92.0,1.663,2.131,0
28,16,91.999,103.384,77.0,92.0,98.5,118.38,1.403,2.012,0
16,32,103.384,107.0,98.5,118.38,107.0,122.0,3.116,1.912,0
32,45,107.0,109.963,107.0,122.0,0.0,137.0,2.463,1.689,0
45,40,109.963,127.0,0.0,137.0,0.0,137.0,0.0,1.513,17.037
Number of visited stations during service (per vehicle):
[1, 1]
Charging time during service (per vehicle):
[35.302, 17.643]
Number of visited stations at the end of service (per vehicle):
[0, 1]
Charging time during service (per vehicle):
[0.0, 17.037]
