INSTANCE u2-16-14.85-0.9-14.85-2.txt

Objective function weight factors:
[0.75, 0.25]
Time horizon [min]:
127.0
Number of customers:
16
Number of origin depots,destination depots and recharging stations:
1,1,5
Number of vehicles:
2
Capacity of vehicles (C):
[3, 3]
Initial battery range level of vehicles (B0 in kWh):
[3.5, 3.5]
Available battery range for the vehicles at every node (Q in kWh):
[3.5, 3.5]
Maximum battery emptiness at end depots (r)(% of the available battery range Q):
[0.9, 0.9]
Vehicles' consumption rates (beta in  kWh/min):
[0.0715; 0.0715]
Recharging rates at stations (alpha in kWh/min):
[0.055 0.055 0.055 0.055 0.055 0.055 0.055 0.055 0.055 0.055; 0.055 0.055 0.055 0.055 0.055 0.055 0.055 0.055 0.055 0.055]

Objective Value:
57.610771500000006
Best_bound:
57.6107715
Gap[%]:
1.233350495506036e-14
Objective Value 1st component (by vehicle)
76.814362
Objective Value 2nd component (by vehicle):
NaN
Objective Value 3rd component (by vehicle):
0.0
Solution: i, j, T[i], T[j],arr[i],dep[i],arr[j],dep[j],t[i,j],B[i],e[i]
35,3,0.0,6.64,0.0,137.0,0.0,15.91,2.819,3.5,0
3,19,6.64,9.726,0.0,15.91,4.0,19.0,2.586,3.298,0
19,1,9.726,10.276,4.0,19.0,0.0,10.28,0.05,3.114,0
1,17,10.276,14.992,0.0,10.28,4.72,15.0,4.215,3.11,0
17,6,14.992,35.859,4.72,15.0,31.5,50.86,1.993,2.809,0
6,22,35.859,40.0,31.5,50.86,40.0,55.0,3.641,2.666,0
22,7,40.0,45.097,40.0,55.0,32.5,53.49,4.597,2.406,0
7,23,45.097,47.604,32.5,53.49,41.0,56.0,2.007,2.077,0
23,10,47.604,72.808,41.0,56.0,53.5,72.81,1.3,1.934,0
10,26,72.808,76.995,53.5,72.81,62.0,77.0,3.688,1.841,0
26,11,76.995,83.892,62.0,77.0,68.5,89.06,3.051,1.577,0
11,27,83.892,86.835,68.5,89.06,77.0,92.0,2.442,1.359,0
27,12,86.835,89.837,77.0,92.0,68.5,89.84,2.502,1.184,0
12,28,89.837,92.0,68.5,89.84,77.0,92.0,1.663,1.005,0
28,16,92.0,103.384,77.0,92.0,98.5,118.38,1.403,0.886,0
16,32,103.384,107.0,98.5,118.38,107.0,122.0,3.116,0.786,0
32,13,107.0,108.91,107.0,122.0,89.5,109.86,1.41,0.563,0
13,29,108.91,112.045,89.5,109.86,98.0,113.0,2.636,0.462,0
29,42,112.045,115.881,98.0,113.0,0.0,137.0,3.336,0.274,0
42,47,115.881,127.0,0.0,137.0,0.0,137.0,0.0,0.036,11.119
47,37,127.0,127.0,0.0,137.0,0.0,137.0,0.0,0.647,0.0
36,2,0.004,8.553,0.0,137.0,0.0,16.37,0.236,3.5,0
2,18,8.553,10.182,0.0,16.37,3.0,18.0,1.129,3.483,0
18,4,10.182,11.597,3.0,18.0,7.5,26.59,0.914,3.402,0
4,20,11.597,16.002,7.5,26.59,16.0,31.0,3.905,3.337,0
20,5,16.002,28.03,16.0,31.0,8.5,28.03,1.644,3.058,0
5,21,28.03,31.999,8.5,28.03,17.0,32.0,3.469,2.94,0
21,8,31.999,62.57,17.0,32.0,41.5,62.57,1.437,2.692,0
8,24,62.57,64.995,41.5,62.57,50.0,65.0,1.925,2.589,0
24,9,64.995,74.206,50.0,65.0,52.5,74.21,2.136,2.452,0
9,25,74.206,75.995,52.5,74.21,61.0,76.0,1.289,2.299,0
25,14,75.995,100.255,61.0,76.0,96.5,115.25,2.898,2.207,0
14,30,100.255,105.005,96.5,115.25,105.0,120.0,4.25,2.0,0
30,15,105.005,120.5,105.0,120.0,97.5,120.5,1.468,1.696,0
15,31,120.5,121.0,97.5,120.5,106.0,121.0,0.0,1.591,0
31,40,121.0,127.0,106.0,121.0,0.0,137.0,1.66,1.591,0
Number of visited stations during service (per vehicle):
[1, 0]
Charging time during service (per vehicle):
[11.119, 0.0]
Number of visited stations at the end of service (per vehicle):
[1, 0]
Charging time during service (per vehicle):
[0.0, 0.0]
