INSTANCE u3-18-14.85-0.3-14.85.txt

Objective function weight factors:
[0.75, 0.25]
Time horizon [min]:
161.0
Number of customers:
18
Number of origin depots,destination depots and recharging stations:
1,1,5
Number of vehicles:
3
Capacity of vehicles (C):
[3, 3, 3]
Initial battery range level of vehicles (B0 in kWh):
[3.5, 3.5, 3.5]
Available battery range for the vehicles at every node (Q in kWh):
[3.5, 3.5, 3.5]
Maximum battery emptiness at end depots (r)(% of the available battery range Q):
[0.3, 0.3, 0.3]
Vehicles' consumption rates (beta in  kWh/min):
[0.0715; 0.0715; 0.0715]
Recharging rates at stations (alpha in kWh/min):
[0.055 0.055 0.055 0.055 0.055; 0.055 0.055 0.055 0.055 0.055; 0.055 0.055 0.055 0.055 0.055]

Objective Value:
50.99130450000001
Best_bound:
50.9913045
Gap[%]:
2.7869172704146057e-14
Objective Value 1st component (by vehicle)
67.988406
Objective Value 2nd component (by vehicle):
NaN
Objective Value 3rd component (by vehicle):
0.0
Solution: i, j, T[i], T[j],arr[i],dep[i],arr[j],dep[j],t[i,j],B[i],e[i]
39,4,0.005,35.57,0.0,172.0,14.5,35.57,0.797,3.5,0
4,22,35.57,37.995,14.5,35.57,23.0,38.0,1.925,3.443,0
22,5,37.995,47.207,23.0,38.0,25.5,47.21,2.136,3.305,0
5,23,47.207,48.996,25.5,47.21,34.0,49.0,1.289,3.153,0
23,10,48.996,73.055,34.0,49.0,66.5,88.05,1.924,3.06,0
10,28,73.055,75.004,66.5,88.05,75.0,90.0,1.449,2.923,0
28,11,75.004,78.501,75.0,90.0,70.5,93.5,2.101,2.819,0
11,29,78.501,79.001,70.5,93.5,79.0,94.0,0.0,2.669,0
29,12,79.001,97.168,79.0,94.0,75.5,97.17,1.252,2.669,0
12,30,97.168,98.996,75.5,97.17,84.0,99.0,1.329,2.58,0
30,18,98.996,131.642,84.0,99.0,126.5,153.64,1.43,2.485,0
18,36,131.642,135.0,126.5,153.64,135.0,157.0,2.858,2.382,0
36,50,135.0,137.135,135.0,157.0,0.0,172.0,1.635,2.178,0
50,45,137.135,161.0,0.0,172.0,0.0,172.0,0.0,2.061,23.865
40,7,0.002,41.901,0.0,172.0,37.5,56.9,3.014,3.5,0
7,25,41.901,46.002,37.5,56.9,46.0,61.0,3.601,3.285,0
25,8,46.002,50.453,46.0,61.0,41.5,62.06,2.152,3.027,0
8,26,50.453,53.395,41.5,62.06,50.0,65.0,2.442,2.873,0
26,6,53.395,56.48,50.0,65.0,36.5,56.48,2.585,2.699,0
6,24,56.48,59.997,36.5,56.48,45.0,60.0,3.017,2.514,0
24,9,59.997,61.406,45.0,60.0,42.5,82.86,0.909,2.298,0
9,27,61.406,64.541,42.5,82.86,51.0,86.0,2.636,2.233,0
27,15,64.541,101.692,51.0,86.0,97.5,116.69,0.267,2.045,0
15,33,101.692,106.005,97.5,116.69,106.0,121.0,3.813,2.026,0
33,14,106.005,117.15,106.0,121.0,95.5,117.15,2.845,1.753,0
14,32,117.15,118.996,95.5,117.15,104.0,119.0,1.346,1.549,0
32,16,118.996,122.138,104.0,119.0,100.5,123.5,2.642,1.453,0
16,34,122.138,122.638,100.5,123.5,109.0,124.0,0.0,1.264,0
34,17,122.638,135.809,109.0,124.0,125.5,148.5,0.0,1.264,0
17,35,135.809,136.309,125.5,148.5,134.0,149.0,0.0,1.264,0
35,47,136.309,137.954,134.0,149.0,0.0,172.0,1.145,1.264,0
47,42,137.954,161.0,0.0,172.0,0.0,172.0,0.0,1.182,23.046
41,1,0.005,4.188,0.0,172.0,0.0,12.92,1.089,3.5,0
1,19,4.188,6.266,0.0,12.92,2.08,15.0,1.578,3.422,0
19,3,6.266,8.059,2.08,15.0,0.5,20.36,1.293,3.309,0
3,21,8.059,11.698,0.5,20.36,9.0,24.0,3.139,3.217,0
21,2,11.698,14.67,9.0,24.0,0.0,14.67,1.538,2.992,0
2,20,14.67,16.998,0.0,14.67,2.33,17.0,1.828,2.882,0
20,13,16.998,114.97,2.33,17.0,94.5,114.97,0.053,2.752,0
13,31,114.97,117.999,94.5,114.97,103.0,118.0,2.529,2.748,0
31,49,117.999,140.914,103.0,118.0,0.0,172.0,2.403,2.567,0
49,44,140.914,161.0,0.0,172.0,0.0,172.0,0.0,2.395,20.086
Number of visited stations during service (per vehicle):
[0, 0, 0]
Charging time during service (per vehicle):
[0.0, 0.0, 0.0]
Number of visited stations at the end of service (per vehicle):
[1, 1, 1]
Charging time during service (per vehicle):
[23.865, 23.046, 20.086]
