INSTANCE u3-18-14.85-0.9-14.85.txt

Objective function weight factors:
[0.75, 0.25]
Time horizon [min]:
161.0
Number of customers:
18
Number of origin depots,destination depots and recharging stations:
1,1,5
Number of vehicles:
3
Capacity of vehicles (C):
[3, 3, 3]
Initial battery range level of vehicles (B0 in kWh):
[3.5, 3.5, 3.5]
Available battery range for the vehicles at every node (Q in kWh):
[3.5, 3.5, 3.5]
Maximum battery emptiness at end depots (r)(% of the available battery range Q):
[0.9, 0.9, 0.9]
Vehicles' consumption rates (beta in  kWh/min):
[0.0715; 0.0715; 0.0715]
Recharging rates at stations (alpha in kWh/min):
[0.055 0.055 0.055 0.055 0.055; 0.055 0.055 0.055 0.055 0.055; 0.055 0.055 0.055 0.055 0.055]

Objective Value:
50.740429500000005
Best_bound:
50.740429500000005
Gap[%]:
0.0
Objective Value 1st component (by vehicle)
67.653906
Objective Value 2nd component (by vehicle):
NaN
Objective Value 3rd component (by vehicle):
0.0
Solution: i, j, T[i], T[j],arr[i],dep[i],arr[j],dep[j],t[i,j],B[i],e[i]
39,4,0.001,35.57,0.0,172.0,14.5,35.57,0.797,3.5,0
4,22,35.57,37.995,14.5,35.57,23.0,38.0,1.925,3.443,0
22,7,37.995,41.899,23.0,38.0,37.5,56.9,2.469,3.305,0
7,25,41.899,46.0,37.5,56.9,46.0,61.0,3.601,3.129,0
25,8,46.0,48.652,46.0,61.0,41.5,62.06,2.152,2.871,0
8,26,48.652,51.595,41.5,62.06,50.0,65.0,2.442,2.717,0
26,6,51.595,54.679,50.0,65.0,36.5,56.48,2.585,2.543,0
6,24,54.679,58.196,36.5,56.48,45.0,60.0,3.017,2.358,0
24,9,58.196,59.605,45.0,60.0,42.5,82.86,0.909,2.142,0
9,27,59.605,62.741,42.5,82.86,51.0,86.0,2.636,2.077,0
27,15,62.741,101.689,51.0,86.0,97.5,116.69,0.267,1.889,0
15,33,101.689,106.002,97.5,116.69,106.0,121.0,3.813,1.87,0
33,14,106.002,109.347,106.0,121.0,95.5,117.15,2.845,1.597,0
14,32,109.347,111.193,95.5,117.15,104.0,119.0,1.346,1.394,0
32,18,111.193,131.642,104.0,119.0,126.5,153.64,2.745,1.298,0
18,36,131.642,135.0,126.5,153.64,135.0,157.0,2.858,1.101,0
36,50,135.0,161.0,135.0,157.0,0.0,172.0,1.635,0.897,0
50,45,161.0,161.0,0.0,172.0,0.0,172.0,0.0,0.78,0.0
40,2,0.004,4.183,0.0,172.0,0.0,14.67,3.026,3.5,0
2,20,4.183,6.511,0.0,14.67,2.33,17.0,1.828,3.284,0
20,13,6.511,114.967,2.33,17.0,94.5,114.97,0.053,3.153,0
13,31,114.967,117.996,94.5,114.97,103.0,118.0,2.529,3.149,0
31,49,117.996,161.0,103.0,118.0,0.0,172.0,2.403,2.968,0
49,44,161.0,161.0,0.0,172.0,0.0,172.0,0.0,2.797,0.0
41,1,0.0,12.92,0.0,172.0,0.0,12.92,1.089,2.194,0
1,19,12.92,14.999,0.0,12.92,2.08,15.0,1.578,2.116,0
19,3,14.999,20.359,2.08,15.0,0.5,20.36,1.293,2.003,0
3,21,20.359,23.998,0.5,20.36,9.0,24.0,3.139,1.911,0
21,5,23.998,47.21,9.0,24.0,25.5,47.21,1.192,1.686,0
5,23,47.21,48.999,25.5,47.21,34.0,49.0,1.289,1.601,0
23,10,48.999,84.377,34.0,49.0,66.5,88.05,1.924,1.509,0
10,28,84.377,86.327,66.5,88.05,75.0,90.0,1.449,1.371,0
28,12,86.327,88.803,75.0,90.0,75.5,97.17,1.976,1.267,0
12,30,88.803,90.631,75.5,97.17,84.0,99.0,1.329,1.126,0
30,11,90.631,93.5,84.0,99.0,70.5,93.5,2.369,1.031,0
11,29,93.5,94.0,70.5,93.5,79.0,94.0,0.0,0.862,0
29,16,94.0,108.5,79.0,94.0,100.5,123.5,0.0,0.862,0
16,34,108.5,109.0,100.5,123.5,109.0,124.0,0.0,0.862,0
34,17,109.0,133.5,109.0,124.0,125.5,148.5,0.0,0.862,0
17,35,133.5,134.0,125.5,148.5,134.0,149.0,0.0,0.862,0
35,42,134.0,135.645,134.0,149.0,0.0,172.0,1.145,0.862,0
Number of visited stations during service (per vehicle):
[0, 0, 0]
Charging time during service (per vehicle):
[0.0, 0.0, 0.0]
Number of visited stations at the end of service (per vehicle):
[1, 1, 0]
Charging time during service (per vehicle):
[0.0, 0.0, 0.0]
