INSTANCE u3-18-14.85-0.3-14.85-2.txt

Objective function weight factors:
[0.75, 0.25]
Time horizon [min]:
161.0
Number of customers:
18
Number of origin depots,destination depots and recharging stations:
1,1,5
Number of vehicles:
3
Capacity of vehicles (C):
[3, 3, 3]
Initial battery range level of vehicles (B0 in kWh):
[3.5, 3.5, 3.5]
Available battery range for the vehicles at every node (Q in kWh):
[3.5, 3.5, 3.5]
Maximum battery emptiness at end depots (r)(% of the available battery range Q):
[0.3, 0.3, 0.3]
Vehicles' consumption rates (beta in  kWh/min):
[0.0715; 0.0715; 0.0715]
Recharging rates at stations (alpha in kWh/min):
[0.055 0.055 0.055 0.055 0.055 0.055 0.055 0.055 0.055 0.055; 0.055 0.055 0.055 0.055 0.055 0.055 0.055 0.055 0.055 0.055; 0.055 0.055 0.055 0.055 0.055 0.055 0.055 0.055 0.055 0.055]

Objective Value:
50.991304500000005
Best_bound:
50.9913045
Gap[%]:
1.3934586352073032e-14
Objective Value 1st component (by vehicle)
67.98840600000001
Objective Value 2nd component (by vehicle):
NaN
Objective Value 3rd component (by vehicle):
0.0
Solution: i, j, T[i], T[j],arr[i],dep[i],arr[j],dep[j],t[i,j],B[i],e[i]
39,4,0.001,27.15,0.0,172.0,14.5,35.57,0.797,3.5,0
4,22,27.15,29.576,14.5,35.57,23.0,38.0,1.925,3.443,0
22,5,29.576,32.211,23.0,38.0,25.5,47.21,2.136,3.305,0
5,23,32.211,34.0,25.5,47.21,34.0,49.0,1.289,3.153,0
23,10,34.0,88.046,34.0,49.0,66.5,88.05,1.924,3.06,0
10,28,88.046,89.995,66.5,88.05,75.0,90.0,1.449,2.923,0
28,11,89.995,92.596,75.0,90.0,70.5,93.5,2.101,2.819,0
11,29,92.596,93.096,70.5,93.5,79.0,94.0,0.0,2.669,0
29,12,93.096,94.848,79.0,94.0,75.5,97.17,1.252,2.669,0
12,30,94.848,96.676,75.5,97.17,84.0,99.0,1.329,2.58,0
30,18,96.676,131.642,84.0,99.0,126.5,153.64,1.43,2.485,0
18,36,131.642,135.0,126.5,153.64,135.0,157.0,2.858,2.382,0
36,50,135.0,153.929,135.0,157.0,0.0,172.0,1.635,2.178,0
50,55,153.929,153.929,0.0,172.0,0.0,172.0,0.0,2.061,0.0
55,45,153.929,161.0,0.0,172.0,0.0,172.0,0.0,2.061,7.071
40,7,0.002,41.899,0.0,172.0,37.5,56.9,3.014,3.5,0
7,25,41.899,46.0,37.5,56.9,46.0,61.0,3.601,3.285,0
25,8,46.0,48.652,46.0,61.0,41.5,62.06,2.152,3.027,0
8,26,48.652,51.595,41.5,62.06,50.0,65.0,2.442,2.873,0
26,6,51.595,54.679,50.0,65.0,36.5,56.48,2.585,2.699,0
6,24,54.679,58.196,36.5,56.48,45.0,60.0,3.017,2.514,0
24,9,58.196,82.856,45.0,60.0,42.5,82.86,0.909,2.298,0
9,27,82.856,85.991,42.5,82.86,51.0,86.0,2.636,2.233,0
27,15,85.991,101.689,51.0,86.0,97.5,116.69,0.267,2.045,0
15,33,101.689,106.002,97.5,116.69,106.0,121.0,3.813,2.026,0
33,14,106.002,109.347,106.0,121.0,95.5,117.15,2.845,1.753,0
14,32,109.347,111.193,95.5,117.15,104.0,119.0,1.346,1.549,0
32,16,111.193,114.335,104.0,119.0,100.5,123.5,2.642,1.453,0
16,34,114.335,114.835,100.5,123.5,109.0,124.0,0.0,1.264,0
34,17,114.835,133.5,109.0,124.0,125.5,148.5,0.0,1.264,0
17,35,133.5,134.0,125.5,148.5,134.0,149.0,0.0,1.264,0
35,47,134.0,137.954,134.0,149.0,0.0,172.0,1.145,1.264,0
47,42,137.954,161.0,0.0,172.0,0.0,172.0,0.0,1.182,23.046
41,1,0.0,5.117,0.0,172.0,0.0,12.92,1.089,3.5,0
1,19,5.117,7.195,0.0,12.92,2.08,15.0,1.578,3.422,0
19,3,7.195,8.988,2.08,15.0,0.5,20.36,1.293,3.309,0
3,21,8.988,12.628,0.5,20.36,9.0,24.0,3.139,3.217,0
21,2,12.628,14.665,9.0,24.0,0.0,14.67,1.538,2.992,0
2,20,14.665,16.993,0.0,14.67,2.33,17.0,1.828,2.882,0
20,13,16.993,114.967,2.33,17.0,94.5,114.97,0.053,2.752,0
13,31,114.967,117.996,94.5,114.97,103.0,118.0,2.529,2.748,0
31,49,117.996,160.005,103.0,118.0,0.0,172.0,2.403,2.567,0
49,54,160.005,160.005,0.0,172.0,0.0,172.0,0.0,2.395,0.0
54,44,160.005,161.0,0.0,172.0,0.0,172.0,0.0,2.395,0.995
Number of visited stations during service (per vehicle):
[1, 0, 1]
Charging time during service (per vehicle):
[0.0, 0.0, 0.0]
Number of visited stations at the end of service (per vehicle):
[1, 1, 1]
Charging time during service (per vehicle):
[7.071, 23.046, 0.995]
