INSTANCE u3-24-14.85-0.6-14.85-3.txt

Objective function weight factors:
[0.75, 0.25]
Time horizon [min]:
188.0
Number of customers:
24
Number of origin depots,destination depots and recharging stations:
1,1,5
Number of vehicles:
3
Capacity of vehicles (C):
[3, 3, 3]
Initial battery range level of vehicles (B0 in kWh):
[3.5, 3.5, 3.5]
Available battery range for the vehicles at every node (Q in kWh):
[3.5, 3.5, 3.5]
Maximum battery emptiness at end depots (r)(% of the available battery range Q):
[0.6, 0.6, 0.6]
Vehicles' consumption rates (beta in  kWh/min):
[0.0715; 0.0715; 0.0715]
Recharging rates at stations (alpha in kWh/min):
[0.055 0.055 0.055 0.055 0.055 0.055 0.055 0.055 0.055 0.055 0.055 0.055 0.055 0.055 0.055; 0.055 0.055 0.055 0.055 0.055 0.055 0.055 0.055 0.055 0.055 0.055 0.055 0.055 0.055 0.055; 0.055 0.055 0.055 0.055 0.055 0.055 0.055 0.055 0.055 0.055 0.055 0.055 0.055 0.055 0.055]

Objective Value:
67.56257449999995
Best_bound:
67.56257449999994
Gap[%]:
2.103361930827845e-14
Objective Value 1st component (by vehicle)
86.079206
Objective Value 2nd component (by vehicle):
NaN
Objective Value 3rd component (by vehicle):
12.012679999999792
Solution: i, j, T[i], T[j],arr[i],dep[i],arr[j],dep[j],t[i,j],B[i],e[i]
51,3,4.191,4.873,0.0,198.0,0.0,14.56,0.682,3.39,0
3,27,4.873,8.318,0.0,14.56,3.44,18.0,2.945,3.342,0
27,2,8.318,12.613,3.44,18.0,0.0,12.62,3.795,3.131,0
2,26,12.613,15.998,0.0,12.62,3.38,16.0,2.885,2.86,0
26,9,15.998,69.498,3.38,16.0,46.5,69.5,2.024,2.653,0
9,33,69.498,69.998,46.5,69.5,55.0,70.0,0.0,2.509,0
33,13,69.998,87.805,55.0,70.0,80.5,101.92,1.209,2.509,0
13,12,87.805,90.285,80.5,101.92,74.5,95.65,1.981,2.422,0
12,37,90.285,91.97,74.5,95.65,89.0,104.0,1.185,2.281,0
37,15,91.97,93.763,89.0,104.0,89.5,109.36,1.293,2.196,0
15,36,93.763,94.735,89.5,109.36,83.0,98.0,0.471,2.103,0
36,39,94.735,98.0,83.0,98.0,98.0,113.0,2.765,2.07,0
39,20,98.0,142.861,98.0,113.0,130.5,151.84,1.081,1.872,0
20,18,142.861,143.974,130.5,151.84,126.5,145.9,0.613,1.795,0
18,44,143.974,145.862,126.5,145.9,139.0,154.0,1.388,1.751,0
44,42,145.862,150.0,139.0,154.0,135.0,150.0,3.638,1.652,0
42,24,150.0,182.496,135.0,150.0,159.5,182.5,0.409,1.391,0
24,48,182.496,182.996,159.5,182.5,168.0,183.0,0.0,1.362,0
48,67,182.996,185.156,168.0,183.0,0.0,198.0,1.66,1.362,0
67,72,185.156,188.0,0.0,198.0,0.0,198.0,0.0,1.244,2.844
72,62,188.0,188.0,0.0,198.0,0.0,198.0,0.0,1.4,0.0
62,57,188.0,188.0,0.0,198.0,0.0,198.0,0.0,1.4,0.0
52,5,0.0,17.669,0.0,198.0,16.5,35.44,0.616,1.652,0
5,4,17.669,21.882,16.5,35.44,11.5,33.57,3.713,1.608,0
4,28,21.882,23.315,11.5,33.57,20.0,35.0,0.933,1.342,0
28,29,23.315,25.0,20.0,35.0,25.0,40.0,1.185,1.276,0
29,8,25.0,44.535,25.0,40.0,38.5,59.53,3.451,1.191,0
8,32,44.535,47.0,38.5,59.53,47.0,62.0,1.965,0.944,0
32,6,47.0,50.37,47.0,62.0,28.5,51.5,2.87,0.804,0
6,30,50.37,50.87,28.5,51.5,37.0,52.0,0.0,0.598,0
30,10,50.87,78.369,37.0,52.0,56.5,78.37,1.113,0.598,0
10,34,78.369,79.998,56.5,78.37,65.0,80.0,1.129,0.519,0
34,16,79.998,109.575,65.0,80.0,103.5,124.57,0.578,0.438,0
16,40,109.575,112.0,103.5,124.57,112.0,127.0,1.925,0.397,0
40,63,112.0,165.835,112.0,127.0,0.0,198.0,1.092,0.259,0
63,68,165.835,188.0,0.0,198.0,0.0,198.0,0.0,0.181,22.165
68,58,188.0,188.0,0.0,198.0,0.0,198.0,0.0,1.4,0.0
53,1,0.004,3.566,0.0,198.0,0.0,14.46,3.562,3.5,0
1,25,3.566,4.108,0.0,14.46,0.54,15.0,0.042,3.245,0
25,7,4.108,38.648,0.54,15.0,33.5,53.65,2.571,3.242,0
7,31,38.648,42.002,33.5,53.65,42.0,57.0,2.854,3.058,0
31,11,42.002,65.471,42.0,57.0,59.5,80.47,0.218,2.854,0
11,35,65.471,68.004,59.5,80.47,68.0,83.0,2.034,2.839,0
35,14,68.004,109.5,68.0,83.0,86.5,109.5,4.339,2.693,0
14,38,109.5,110.0,86.5,109.5,95.0,110.0,0.0,2.383,0
38,17,110.0,144.694,95.0,110.0,125.5,145.48,2.153,2.383,0
17,41,144.694,148.211,125.5,145.48,134.0,149.0,3.017,2.229,0
41,19,148.211,151.055,134.0,149.0,130.5,151.06,2.344,2.013,0
19,43,151.055,153.998,130.5,151.06,139.0,154.0,2.442,1.846,0
43,21,153.998,158.885,139.0,154.0,144.5,167.36,2.366,1.671,0
21,45,158.885,159.521,144.5,167.36,153.0,168.0,0.136,1.502,0
45,23,159.521,161.105,153.0,168.0,158.5,177.25,1.085,1.492,0
23,22,161.105,162.051,158.5,177.25,155.5,177.05,0.445,1.415,0
22,46,162.051,164.0,155.5,177.05,164.0,179.0,1.449,1.383,0
46,47,164.0,167.56,164.0,179.0,167.0,182.0,3.06,1.279,0
47,64,167.56,169.426,167.0,182.0,0.0,198.0,1.367,1.061,0
64,69,169.426,169.426,0.0,198.0,0.0,198.0,0.0,0.963,0.0
69,59,169.426,177.374,0.0,198.0,0.0,198.0,0.0,0.963,7.948
59,54,177.374,177.374,0.0,198.0,0.0,198.0,0.0,1.4,0.0
Number of visited stations during service (per vehicle):
[2, 1, 2]
Charging time during service (per vehicle):
[2.844, 22.165, 7.948]
Number of visited stations at the end of service (per vehicle):
[1, 1, 1]
Charging time during service (per vehicle):
[0.0, 0.0, 0.0]
