INSTANCE u3-24-14.85-0.6-14.85.txt

Objective function weight factors:
[0.75, 0.25]
Time horizon [min]:
188.0
Number of customers:
24
Number of origin depots,destination depots and recharging stations:
1,1,5
Number of vehicles:
3
Capacity of vehicles (C):
[3, 3, 3]
Initial battery range level of vehicles (B0 in kWh):
[3.5, 3.5, 3.5]
Available battery range for the vehicles at every node (Q in kWh):
[3.5, 3.5, 3.5]
Maximum battery emptiness at end depots (r)(% of the available battery range Q):
[0.6, 0.6, 0.6]
Vehicles' consumption rates (beta in  kWh/min):
[0.0715; 0.0715; 0.0715]
Recharging rates at stations (alpha in kWh/min):
[0.055 0.055 0.055 0.055 0.055; 0.055 0.055 0.055 0.055 0.055; 0.055 0.055 0.055 0.055 0.055]

Objective Value:
67.56257449999997
Best_bound:
67.56257449999995
Gap[%]:
2.1033619308278446e-14
Objective Value 1st component (by vehicle)
86.079206
Objective Value 2nd component (by vehicle):
NaN
Objective Value 3rd component (by vehicle):
12.012679999999849
Solution: i, j, T[i], T[j],arr[i],dep[i],arr[j],dep[j],t[i,j],B[i],e[i]
51,3,0.0,0.682,0.0,198.0,0.0,14.56,0.682,3.136,0
3,27,0.682,4.127,0.0,14.56,3.44,18.0,2.945,3.087,0
27,2,4.127,8.422,3.44,18.0,0.0,12.62,3.795,2.877,0
2,26,8.422,11.807,0.0,12.62,3.38,16.0,2.885,2.605,0
26,9,11.807,69.496,3.38,16.0,46.5,69.5,2.024,2.399,0
9,33,69.496,69.996,46.5,69.5,55.0,70.0,0.0,2.254,0
33,13,69.996,91.07,55.0,70.0,80.5,101.92,1.209,2.254,0
13,12,91.07,93.551,80.5,101.92,74.5,95.65,1.981,2.168,0
12,37,93.551,95.236,74.5,95.65,89.0,104.0,1.185,2.026,0
37,15,95.236,97.029,89.0,104.0,89.5,109.36,1.293,1.942,0
15,36,97.029,98.0,89.5,109.36,83.0,98.0,0.471,1.849,0
36,39,98.0,101.265,83.0,98.0,98.0,113.0,2.765,1.816,0
39,20,101.265,142.857,98.0,113.0,130.5,151.84,1.081,1.618,0
20,18,142.857,143.97,130.5,151.84,126.5,145.9,0.613,1.541,0
18,44,143.97,145.858,126.5,145.9,139.0,154.0,1.388,1.497,0
44,42,145.858,149.996,139.0,154.0,135.0,150.0,3.638,1.397,0
42,24,149.996,167.5,135.0,150.0,159.5,182.5,0.409,1.137,0
24,48,167.5,168.0,159.5,182.5,168.0,183.0,0.0,1.108,0
48,62,168.0,170.16,168.0,183.0,0.0,198.0,1.66,1.108,0
62,57,170.16,188.0,0.0,198.0,0.0,198.0,0.0,0.989,17.841
52,5,28.737,29.353,0.0,198.0,16.5,35.44,0.616,2.871,0
5,4,29.353,33.566,16.5,35.44,11.5,33.57,3.713,2.827,0
4,28,33.566,34.999,11.5,33.57,20.0,35.0,0.933,2.561,0
28,29,34.999,36.684,20.0,35.0,25.0,40.0,1.185,2.495,0
29,8,36.684,45.663,25.0,40.0,38.5,59.53,3.451,2.41,0
8,32,45.663,48.128,38.5,59.53,47.0,62.0,1.965,2.163,0
32,6,48.128,51.498,47.0,62.0,28.5,51.5,2.87,2.023,0
6,30,51.498,51.998,28.5,51.5,37.0,52.0,0.0,1.817,0
30,10,51.998,78.37,37.0,52.0,56.5,78.37,1.113,1.817,0
10,34,78.37,79.999,56.5,78.37,65.0,80.0,1.129,1.738,0
34,16,79.999,124.57,65.0,80.0,103.5,124.57,0.578,1.657,0
16,40,124.57,126.995,103.5,124.57,112.0,127.0,1.925,1.616,0
40,63,126.995,128.587,112.0,127.0,0.0,198.0,1.092,1.478,0
63,58,128.587,128.587,0.0,198.0,0.0,198.0,0.0,1.4,0.0
53,1,0.002,14.455,0.0,198.0,0.0,14.46,3.562,3.5,0
1,25,14.455,14.997,0.0,14.46,0.54,15.0,0.042,3.245,0
25,7,14.997,53.646,0.54,15.0,33.5,53.65,2.571,3.242,0
7,31,53.646,57.0,33.5,53.65,42.0,57.0,2.854,3.058,0
31,11,57.0,65.466,42.0,57.0,59.5,80.47,0.218,2.854,0
11,35,65.466,68.0,59.5,80.47,68.0,83.0,2.034,2.839,0
35,14,68.0,109.497,68.0,83.0,86.5,109.5,4.339,2.693,0
14,38,109.497,109.997,86.5,109.5,95.0,110.0,0.0,2.383,0
38,17,109.997,130.483,95.0,110.0,125.5,145.48,2.153,2.383,0
17,41,130.483,134.0,125.5,145.48,134.0,149.0,3.017,2.229,0
41,19,134.0,151.053,134.0,149.0,130.5,151.06,2.344,2.013,0
19,43,151.053,153.996,130.5,151.06,139.0,154.0,2.442,1.846,0
43,21,153.996,156.861,139.0,154.0,144.5,167.36,2.366,1.671,0
21,45,156.861,157.497,144.5,167.36,153.0,168.0,0.136,1.502,0
45,23,157.497,161.105,153.0,168.0,158.5,177.25,1.085,1.492,0
23,22,161.105,162.051,158.5,177.25,155.5,177.05,0.445,1.415,0
22,46,162.051,164.0,155.5,177.05,164.0,179.0,1.449,1.383,0
46,47,164.0,167.56,164.0,179.0,167.0,182.0,3.06,1.279,0
47,59,167.56,169.426,167.0,182.0,0.0,198.0,1.367,1.061,0
59,54,169.426,177.374,0.0,198.0,0.0,198.0,0.0,0.963,7.948
Number of visited stations during service (per vehicle):
[0, 0, 0]
Charging time during service (per vehicle):
[0.0, 0.0, 0.0]
Number of visited stations at the end of service (per vehicle):
[1, 1, 1]
Charging time during service (per vehicle):
[17.841, 0.0, 7.948]
