INSTANCE u3-30-14.85-0.6-14.85-2.txt

Objective function weight factors:
[0.75, 0.25]
Time horizon [min]:
237.0
Number of customers:
30
Number of origin depots,destination depots and recharging stations:
1,1,5
Number of vehicles:
3
Capacity of vehicles (C):
[3, 3, 3]
Initial battery range level of vehicles (B0 in kWh):
[3.5, 3.5, 3.5]
Available battery range for the vehicles at every node (Q in kWh):
[3.5, 3.5, 3.5]
Maximum battery emptiness at end depots (r)(% of the available battery range Q):
[0.6, 0.6, 0.6]
Vehicles' consumption rates (beta in  kWh/min):
[0.0715; 0.0715; 0.0715]
Recharging rates at stations (alpha in kWh/min):
[0.055 0.055 0.055 0.055 0.055 0.055 0.055 0.055 0.055 0.055; 0.055 0.055 0.055 0.055 0.055 0.055 0.055 0.055 0.055 0.055; 0.055 0.055 0.055 0.055 0.055 0.055 0.055 0.055 0.055 0.055]

Objective Value:
76.74775499999998
Best_bound:
76.747755
Gap[%]:
1.851631323313888e-14
Objective Value 1st component (by vehicle)
100.83136
Objective Value 2nd component (by vehicle):
NaN
Objective Value 3rd component (by vehicle):
4.496939999999979
Solution: i, j, T[i], T[j],arr[i],dep[i],arr[j],dep[j],t[i,j],B[i],e[i]
63,7,0.004,42.408,0.0,247.0,36.5,57.4,1.801,2.822,0
7,37,42.408,45.005,36.5,57.4,45.0,60.0,2.097,2.693,0
37,6,45.005,59.5,45.0,60.0,36.5,59.5,0.305,2.543,0
6,36,59.5,60.0,36.5,59.5,45.0,60.0,0.0,2.522,0
36,10,60.0,61.603,45.0,60.0,52.5,74.36,1.103,2.522,0
10,40,61.603,63.248,52.5,74.36,61.0,76.0,1.145,2.443,0
40,15,63.248,102.047,61.0,76.0,95.5,117.04,3.306,2.361,0
15,45,102.047,104.003,95.5,117.04,104.0,119.0,1.455,2.124,0
45,30,104.003,215.052,104.0,119.0,208.5,230.02,1.053,2.02,0
30,60,215.052,217.03,208.5,230.02,217.0,232.0,1.479,1.945,0
60,27,217.03,218.476,217.0,232.0,198.5,218.48,0.946,1.839,0
27,57,218.476,221.993,198.5,218.48,207.0,222.0,3.017,1.772,0
57,74,221.993,237.0,207.0,222.0,0.0,247.0,2.181,1.556,0
74,79,237.0,237.0,0.0,247.0,0.0,247.0,0.0,1.4,0.0
79,69,237.0,237.0,0.0,247.0,0.0,247.0,0.0,1.4,0.0
64,12,85.465,85.684,0.0,247.0,76.5,95.59,0.219,3.5,0
12,42,85.684,90.095,76.5,95.59,85.0,100.0,3.911,3.484,0
42,14,90.095,91.57,85.0,100.0,84.5,106.57,0.975,3.205,0
14,44,91.57,93.003,84.5,106.57,93.0,108.0,0.933,3.135,0
44,18,93.003,127.5,93.0,108.0,119.5,142.5,3.117,3.068,0
18,48,127.5,128.0,119.5,142.5,128.0,143.0,0.0,2.845,0
48,21,128.0,160.799,128.0,143.0,140.5,160.8,1.693,2.845,0
21,51,160.799,163.998,140.5,160.8,149.0,164.0,2.699,2.724,0
51,22,163.998,167.963,149.0,164.0,147.5,168.65,3.465,2.531,0
22,52,167.963,170.318,147.5,168.65,156.0,171.0,1.855,2.284,0
52,24,170.318,179.148,156.0,171.0,162.5,181.79,0.57,2.151,0
24,54,179.148,183.359,162.5,181.79,171.0,186.0,3.71,2.11,0
54,25,183.359,188.49,171.0,186.0,167.5,188.49,4.631,1.845,0
25,55,188.49,190.997,167.5,188.49,176.0,191.0,2.007,1.514,0
55,29,190.997,208.999,176.0,191.0,203.5,224.84,2.561,1.37,0
29,28,208.999,210.112,203.5,224.84,199.5,218.9,0.613,1.187,0
28,59,210.112,212.0,199.5,218.9,212.0,227.0,1.388,1.143,0
59,58,212.0,216.138,212.0,227.0,208.0,223.0,3.638,1.044,0
58,71,216.138,218.113,208.0,223.0,0.0,247.0,1.475,0.784,0
71,66,218.113,237.0,0.0,247.0,0.0,247.0,0.0,0.679,18.887
65,1,0.004,9.131,0.0,247.0,0.0,11.71,0.914,2.966,0
1,3,9.131,11.729,0.0,11.71,1.5,22.49,2.098,2.901,0
3,31,11.729,13.518,1.5,22.49,3.29,15.0,1.289,2.751,0
31,33,13.518,14.879,3.29,15.0,10.0,25.0,0.861,2.659,0
33,2,14.879,18.71,10.0,25.0,0.0,18.71,3.331,2.597,0
2,32,18.71,19.999,0.0,18.71,5.0,20.0,0.789,2.359,0
32,4,19.999,34.2,5.0,20.0,12.5,34.2,1.426,2.302,0
4,34,34.2,35.998,12.5,34.2,21.0,36.0,1.298,2.2,0
34,5,35.998,40.18,21.0,36.0,20.5,40.18,0.676,2.108,0
5,35,40.18,43.996,20.5,40.18,29.0,44.0,3.316,2.059,0
35,9,43.996,51.191,29.0,44.0,44.5,66.19,2.253,1.822,0
9,39,51.191,53.003,44.5,66.19,53.0,68.0,1.312,1.661,0
39,8,53.003,64.858,53.0,68.0,44.5,64.86,3.807,1.567,0
8,38,64.858,68.0,44.5,64.86,53.0,68.0,2.642,1.295,0
38,11,68.0,88.5,53.0,68.0,65.5,88.5,3.449,1.106,0
11,41,88.5,89.0,65.5,88.5,74.0,89.0,0.0,0.86,0
41,13,89.0,89.502,74.0,89.0,81.5,104.5,0.0,0.86,0
13,43,89.502,90.002,81.5,104.5,90.0,105.0,0.0,0.86,0
43,17,90.002,115.502,90.0,105.0,107.5,130.5,0.0,0.86,0
17,47,115.502,116.002,107.5,130.5,116.0,131.0,0.0,0.86,0
47,16,116.002,116.502,116.0,131.0,101.5,124.5,0.0,0.86,0
16,46,116.502,117.002,101.5,124.5,110.0,125.0,0.0,0.86,0
46,19,117.002,131.744,110.0,125.0,124.5,146.74,1.064,0.86,0
19,49,131.744,133.003,124.5,146.74,133.0,148.0,0.759,0.784,0
49,20,133.003,161.385,133.0,148.0,139.5,161.39,1.384,0.729,0
20,50,161.385,163.0,139.5,161.39,148.0,163.0,1.115,0.63,0
50,23,163.0,176.67,148.0,163.0,155.5,176.67,1.542,0.551,0
23,53,176.67,178.998,155.5,176.67,164.0,179.0,1.828,0.44,0
53,26,178.998,182.575,164.0,179.0,176.5,197.57,1.313,0.31,0
26,56,182.575,185.0,176.5,197.57,185.0,200.0,1.925,0.216,0
56,75,185.0,205.775,185.0,200.0,0.0,247.0,1.092,0.078,0
75,80,205.775,205.775,0.0,247.0,0.0,247.0,0.0,0.0,0.0
80,70,205.775,237.0,0.0,247.0,0.0,247.0,0.0,0.0,31.225
Number of visited stations during service (per vehicle):
[1, 0, 1]
Charging time during service (per vehicle):
[0.0, 0.0, 0.0]
Number of visited stations at the end of service (per vehicle):
[1, 1, 1]
Charging time during service (per vehicle):
[0.0, 18.887, 31.225]
