INSTANCE u3-30-14.85-0.9-14.85-3.txt

Objective function weight factors:
[0.75, 0.25]
Time horizon [min]:
237.0
Number of customers:
30
Number of origin depots,destination depots and recharging stations:
1,1,5
Number of vehicles:
3
Capacity of vehicles (C):
[3, 3, 3]
Initial battery range level of vehicles (B0 in kWh):
[3.5, 3.5, 3.5]
Available battery range for the vehicles at every node (Q in kWh):
[3.5, 3.5, 3.5]
Maximum battery emptiness at end depots (r)(% of the available battery range Q):
[0.9, 0.9, 0.9]
Vehicles' consumption rates (beta in  kWh/min):
[0.0715; 0.0715; 0.0715]
Recharging rates at stations (alpha in kWh/min):
[0.055 0.055 0.055 0.055 0.055 0.055 0.055 0.055 0.055 0.055 0.055 0.055 0.055 0.055 0.055; 0.055 0.055 0.055 0.055 0.055 0.055 0.055 0.055 0.055 0.055 0.055 0.055 0.055 0.055 0.055; 0.055 0.055 0.055 0.055 0.055 0.055 0.055 0.055 0.055 0.055 0.055 0.055 0.055 0.055 0.055]

Objective Value:
76.747755
Best_bound:
76.74775499999998
Gap[%]:
1.8516313233138877e-14
Objective Value 1st component (by vehicle)
100.83135999999999
Objective Value 2nd component (by vehicle):
NaN
Objective Value 3rd component (by vehicle):
4.496939999999968
Solution: i, j, T[i], T[j],arr[i],dep[i],arr[j],dep[j],t[i,j],B[i],e[i]
63,7,34.699,53.854,0.0,247.0,36.5,57.4,1.801,3.5,0
7,37,53.854,56.451,36.5,57.4,45.0,60.0,2.097,3.371,0
37,6,56.451,57.256,45.0,60.0,36.5,59.5,0.305,3.221,0
6,36,57.256,57.756,36.5,59.5,45.0,60.0,0.0,3.199,0
36,10,57.756,59.359,45.0,60.0,52.5,74.36,1.103,3.199,0
10,40,59.359,61.004,52.5,74.36,61.0,76.0,1.145,3.121,0
40,15,61.004,102.047,61.0,76.0,95.5,117.04,3.306,3.039,0
15,45,102.047,104.003,95.5,117.04,104.0,119.0,1.455,2.802,0
45,23,104.003,176.67,104.0,119.0,155.5,176.67,1.59,2.698,0
23,53,176.67,178.998,155.5,176.67,164.0,179.0,1.828,2.585,0
53,26,178.998,197.567,164.0,179.0,176.5,197.57,1.313,2.454,0
26,56,197.567,199.993,176.5,197.57,185.0,200.0,1.925,2.36,0
56,70,199.993,237.0,185.0,200.0,0.0,247.0,1.092,2.222,0
64,12,0.001,80.591,0.0,247.0,76.5,95.59,0.219,3.5,0
12,42,80.591,85.002,76.5,95.59,85.0,100.0,3.911,3.484,0
42,14,85.002,106.566,85.0,100.0,84.5,106.57,0.975,3.205,0
14,44,106.566,107.999,84.5,106.57,93.0,108.0,0.933,3.135,0
44,18,107.999,142.497,93.0,108.0,119.5,142.5,3.117,3.068,0
18,48,142.497,142.997,119.5,142.5,128.0,143.0,0.0,2.845,0
48,21,142.997,156.201,128.0,143.0,140.5,160.8,1.693,2.845,0
21,51,156.201,159.4,140.5,160.8,149.0,164.0,2.699,2.724,0
51,22,159.4,163.365,149.0,164.0,147.5,168.65,3.465,2.531,0
22,52,163.365,165.72,147.5,168.65,156.0,171.0,1.855,2.284,0
52,24,165.72,166.79,156.0,171.0,162.5,181.79,0.57,2.151,0
24,54,166.79,171.0,162.5,181.79,171.0,186.0,3.71,2.11,0
54,25,171.0,188.488,171.0,186.0,167.5,188.49,4.631,1.845,0
25,55,188.488,190.995,167.5,188.49,176.0,191.0,2.007,1.514,0
55,29,190.995,215.858,176.0,191.0,203.5,224.84,2.561,1.37,0
29,28,215.858,216.972,203.5,224.84,199.5,218.9,0.613,1.187,0
28,59,216.972,218.86,199.5,218.9,212.0,227.0,1.388,1.143,0
59,58,218.86,222.997,212.0,227.0,208.0,223.0,3.638,1.044,0
58,66,222.997,237.0,208.0,223.0,0.0,247.0,1.475,0.784,0
65,1,0.004,4.257,0.0,247.0,0.0,11.71,0.914,3.382,0
1,3,4.257,6.855,0.0,11.71,1.5,22.49,2.098,3.317,0
3,31,6.855,8.643,1.5,22.49,3.29,15.0,1.289,3.167,0
31,33,8.643,10.004,3.29,15.0,10.0,25.0,0.861,3.075,0
33,2,10.004,18.71,10.0,25.0,0.0,18.71,3.331,3.013,0
2,32,18.71,19.999,0.0,18.71,5.0,20.0,0.789,2.775,0
32,4,19.999,34.199,5.0,20.0,12.5,34.2,1.426,2.719,0
4,34,34.199,35.996,12.5,34.2,21.0,36.0,1.298,2.617,0
34,5,35.996,40.18,21.0,36.0,20.5,40.18,0.676,2.524,0
5,35,40.18,43.996,20.5,40.18,29.0,44.0,3.316,2.476,0
35,9,43.996,51.19,29.0,44.0,44.5,66.19,2.253,2.239,0
9,39,51.19,53.002,44.5,66.19,53.0,68.0,1.312,2.078,0
39,8,53.002,57.309,53.0,68.0,44.5,64.86,3.807,1.984,0
8,38,57.309,60.452,44.5,64.86,53.0,68.0,2.642,1.712,0
38,11,60.452,88.5,53.0,68.0,65.5,88.5,3.449,1.523,0
11,41,88.5,89.0,65.5,88.5,74.0,89.0,0.0,1.276,0
41,13,89.0,104.5,74.0,89.0,81.5,104.5,0.0,1.276,0
13,43,104.5,105.0,81.5,104.5,90.0,105.0,0.0,1.276,0
43,16,105.0,109.504,90.0,105.0,101.5,124.5,0.0,1.276,0
16,46,109.504,110.004,101.5,124.5,110.0,125.0,0.0,1.276,0
46,17,110.004,130.5,110.0,125.0,107.5,130.5,0.0,1.276,0
17,47,130.5,131.0,107.5,130.5,116.0,131.0,0.0,1.276,0
47,19,131.0,146.738,116.0,131.0,124.5,146.74,1.064,1.276,0
19,49,146.738,147.997,124.5,146.74,133.0,148.0,0.759,1.2,0
49,20,147.997,149.881,133.0,148.0,139.5,161.39,1.384,1.146,0
20,50,149.881,151.496,139.5,161.39,148.0,163.0,1.115,1.047,0
50,30,151.496,215.021,148.0,163.0,208.5,230.02,1.006,0.967,0
30,60,215.021,217.0,208.5,230.02,217.0,232.0,1.479,0.895,0
60,27,217.0,218.48,217.0,232.0,198.5,218.48,0.946,0.789,0
27,57,218.48,221.997,198.5,218.48,207.0,222.0,3.017,0.722,0
57,69,221.997,224.678,207.0,222.0,0.0,247.0,2.181,0.506,0
Number of visited stations during service (per vehicle):
[0, 0, 0]
Charging time during service (per vehicle):
[0.0, 0.0, 0.0]
Number of visited stations at the end of service (per vehicle):
[0, 0, 0]
Charging time during service (per vehicle):
[0.0, 0.0, 0.0]
