INSTANCE u4-16-3.5-0.3-3.5.txt

Objective function weight factors:
[0.75, 0.25]
Time horizon [min]:
93.0
Number of customers:
16
Number of origin depots,destination depots and recharging stations:
1,1,5
Number of vehicles:
4
Capacity of vehicles (C):
[3, 3, 3, 3]
Initial battery range level of vehicles (B0 in kWh):
[3.5, 3.5, 3.5, 3.5]
Available battery range for the vehicles at every node (Q in kWh):
[3.5, 3.5, 3.5, 3.5]
Maximum battery emptiness at end depots (r)(% of the available battery range Q):
[0.3, 0.3, 0.3, 0.3]
Vehicles' consumption rates (beta in  kWh/min):
[0.0715; 0.0715; 0.0715; 0.0715]
Recharging rates at stations (alpha in kWh/min):
[0.055 0.055 0.055 0.055 0.055; 0.055 0.055 0.055 0.055 0.055; 0.055 0.055 0.055 0.055 0.055; 0.055 0.055 0.055 0.055 0.055]

Objective Value:
53.866392499999996
Best_bound:
53.866392499999996
Gap[%]:
0.0
Objective Value 1st component (by vehicle)
69.13548599999999
Objective Value 2nd component (by vehicle):
NaN
Objective Value 3rd component (by vehicle):
8.059111999999988
Solution: i, j, T[i], T[j],arr[i],dep[i],arr[j],dep[j],t[i,j],B[i],e[i]
35,6,0.0,22.08,0.0,104.0,16.4,37.08,0.549,3.5,0
6,22,22.08,25.0,16.4,37.08,25.0,40.0,2.32,3.461,0
22,10,25.0,34.952,25.0,40.0,29.4,49.95,3.078,3.295,0
10,26,34.952,38.004,29.4,49.95,38.0,53.0,2.452,3.075,0
26,13,38.004,53.041,38.0,53.0,45.4,68.04,3.013,2.899,0
13,29,53.041,54.0,45.4,68.04,54.0,69.0,0.359,2.684,0
29,14,54.0,57.25,54.0,69.0,52.4,72.25,2.022,2.658,0
14,30,57.25,61.0,52.4,72.25,61.0,76.0,3.15,2.514,0
30,12,61.0,64.158,61.0,76.0,43.4,65.25,2.558,2.289,0
12,28,64.158,65.905,43.4,65.25,52.0,67.0,1.146,2.106,0
28,15,65.905,70.216,52.0,67.0,62.4,83.91,2.025,2.024,0
15,31,70.216,72.303,62.4,83.91,71.0,86.0,1.487,1.879,0
31,47,72.303,76.287,71.0,86.0,0.0,104.0,3.384,1.773,0
47,42,76.287,93.0,0.0,104.0,0.0,104.0,0.0,1.531,16.713
36,2,0.0,2.694,0.0,104.0,0.0,14.02,2.694,1.396,0
2,3,2.694,4.215,0.0,14.02,0.0,13.59,0.92,1.204,0
3,18,4.215,5.469,0.0,13.59,1.98,16.0,0.654,1.138,0
18,1,5.469,10.19,1.98,16.0,0.0,12.01,4.122,1.091,0
1,19,10.19,12.685,0.0,12.01,3.41,17.0,1.895,0.797,0
19,17,12.685,14.187,3.41,17.0,2.99,15.0,0.902,0.661,0
17,5,14.187,33.898,2.99,15.0,14.4,34.5,3.243,0.597,0
5,7,33.898,37.322,14.4,34.5,20.4,41.3,2.824,0.365,0
7,21,37.322,38.0,20.4,41.3,23.0,38.0,0.078,0.163,0
21,23,38.0,40.621,23.0,38.0,29.0,44.0,2.021,0.157,0
23,45,40.621,48.455,29.0,44.0,0.0,104.0,0.177,0.013,0
45,40,48.455,93.0,0.0,104.0,0.0,104.0,0.0,0.0,44.545
37,4,5.625,10.782,0.0,104.0,4.4,25.78,1.363,3.182,0
4,20,10.782,13.001,4.4,25.78,13.0,28.0,1.62,3.084,0
20,8,13.001,30.4,13.0,28.0,22.4,45.4,1.611,2.968,0
8,24,30.4,31.0,22.4,45.4,31.0,46.0,0.0,2.853,0
24,9,31.0,34.009,31.0,46.0,22.4,43.08,2.409,2.853,0
9,25,34.009,36.931,22.4,43.08,31.0,46.0,2.322,2.681,0
25,11,36.931,47.099,31.0,46.0,40.4,62.1,2.672,2.515,0
11,27,47.099,49.0,40.4,62.1,49.0,64.0,1.301,2.324,0
27,16,49.0,69.887,49.0,64.0,65.4,84.89,2.234,2.231,0
16,32,69.887,74.0,65.4,84.89,74.0,89.0,3.513,2.071,0
32,46,74.0,77.619,74.0,89.0,0.0,104.0,3.019,1.82,0
46,41,77.619,93.0,0.0,104.0,0.0,104.0,0.0,1.604,15.381
38,43,29.55,93.0,0.0,104.0,0.0,104.0,0.0,3.5,0
Number of visited stations during service (per vehicle):
[0, 0, 0, 0]
Charging time during service (per vehicle):
[0.0, 0.0, 0.0, 0.0]
Number of visited stations at the end of service (per vehicle):
[1, 1, 1, 0]
Charging time during service (per vehicle):
[16.713, 44.545, 15.381, 0.0]
