INSTANCE u4-16-3.5-0.6-3.5.txt

Objective function weight factors:
[0.75, 0.25]
Time horizon [min]:
93.0
Number of customers:
16
Number of origin depots,destination depots and recharging stations:
1,1,5
Number of vehicles:
4
Capacity of vehicles (C):
[3, 3, 3, 3]
Initial battery range level of vehicles (B0 in kWh):
[3.5, 3.5, 3.5, 3.5]
Available battery range for the vehicles at every node (Q in kWh):
[3.5, 3.5, 3.5, 3.5]
Maximum battery emptiness at end depots (r)(% of the available battery range Q):
[0.6, 0.6, 0.6, 0.6]
Vehicles' consumption rates (beta in  kWh/min):
[0.0715; 0.0715; 0.0715; 0.0715]
Recharging rates at stations (alpha in kWh/min):
[0.055 0.055 0.055 0.055 0.055; 0.055 0.055 0.055 0.055 0.055; 0.055 0.055 0.055 0.055 0.055; 0.055 0.055 0.055 0.055 0.055]

Objective Value:
53.58479749999999
Best_bound:
53.58479749999999
Gap[%]:
0.0
Objective Value 1st component (by vehicle)
68.760026
Objective Value 2nd component (by vehicle):
NaN
Objective Value 3rd component (by vehicle):
8.05911199999999
Solution: i, j, T[i], T[j],arr[i],dep[i],arr[j],dep[j],t[i,j],B[i],e[i]
35,6,0.0,22.082,0.0,104.0,16.4,37.08,0.549,2.969,0
6,22,22.082,25.002,16.4,37.08,25.0,40.0,2.32,2.93,0
22,10,25.002,34.948,25.0,40.0,29.4,49.95,3.078,2.764,0
10,26,34.948,38.0,29.4,49.95,38.0,53.0,2.452,2.544,0
26,13,38.0,53.041,38.0,53.0,45.4,68.04,3.013,2.368,0
13,29,53.041,54.0,45.4,68.04,54.0,69.0,0.359,2.153,0
29,14,54.0,57.25,54.0,69.0,52.4,72.25,2.022,2.127,0
14,30,57.25,61.0,52.4,72.25,61.0,76.0,3.15,1.983,0
30,12,61.0,65.245,61.0,76.0,43.4,65.25,2.558,1.757,0
12,28,65.245,66.992,43.4,65.25,52.0,67.0,1.146,1.575,0
28,43,66.992,68.887,52.0,67.0,0.0,104.0,1.295,1.493,0
36,41,0.0,0.0,0.0,104.0,0.0,104.0,0.0,1.4,0
37,4,9.419,10.782,0.0,104.0,4.4,25.78,1.363,3.306,0
4,20,10.782,13.001,4.4,25.78,13.0,28.0,1.62,3.208,0
20,8,13.001,30.4,13.0,28.0,22.4,45.4,1.611,3.093,0
8,24,30.4,31.0,22.4,45.4,31.0,46.0,0.0,2.977,0
24,9,31.0,34.009,31.0,46.0,22.4,43.08,2.409,2.977,0
9,25,34.009,36.931,22.4,43.08,31.0,46.0,2.322,2.805,0
25,11,36.931,47.099,31.0,46.0,40.4,62.1,2.672,2.639,0
11,27,47.099,49.0,40.4,62.1,49.0,64.0,1.301,2.448,0
27,16,49.0,69.887,49.0,64.0,65.4,84.89,2.234,2.355,0
16,32,69.887,74.0,65.4,84.89,74.0,89.0,3.513,2.195,0
32,15,74.0,83.906,74.0,89.0,62.4,83.91,2.742,1.944,0
15,31,83.906,85.993,62.4,83.91,71.0,86.0,1.487,1.748,0
31,42,85.993,89.976,71.0,86.0,0.0,104.0,3.384,1.642,0
38,2,0.0,3.326,0.0,104.0,0.0,14.02,3.326,2.842,0
2,3,3.326,4.846,0.0,14.02,0.0,13.59,0.92,2.604,0
3,18,4.846,6.1,0.0,13.59,1.98,16.0,0.654,2.538,0
18,1,6.1,10.822,1.98,16.0,0.0,12.01,4.122,2.491,0
1,19,10.822,13.316,0.0,12.01,3.41,17.0,1.895,2.197,0
19,17,13.316,14.819,3.41,17.0,2.99,15.0,0.902,2.061,0
17,5,14.819,22.277,2.99,15.0,14.4,34.5,3.243,1.997,0
5,7,22.277,25.7,14.4,34.5,20.4,41.3,2.824,1.765,0
7,21,25.7,26.379,20.4,41.3,23.0,38.0,0.078,1.563,0
21,23,26.379,29.0,23.0,38.0,29.0,44.0,2.021,1.557,0
23,40,29.0,29.777,29.0,44.0,0.0,104.0,0.177,1.413,0
Number of visited stations during service (per vehicle):
[0, 0, 0, 0]
Charging time during service (per vehicle):
[0.0, 0.0, 0.0, 0.0]
Number of visited stations at the end of service (per vehicle):
[0, 0, 0, 0]
Charging time during service (per vehicle):
[0.0, 0.0, 0.0, 0.0]
