INSTANCE u4-16-3.5-0.3-3.5-2.txt

Objective function weight factors:
[0.75, 0.25]
Time horizon [min]:
93.0
Number of customers:
16
Number of origin depots,destination depots and recharging stations:
1,1,5
Number of vehicles:
4
Capacity of vehicles (C):
[3, 3, 3, 3]
Initial battery range level of vehicles (B0 in kWh):
[3.5, 3.5, 3.5, 3.5]
Available battery range for the vehicles at every node (Q in kWh):
[3.5, 3.5, 3.5, 3.5]
Maximum battery emptiness at end depots (r)(% of the available battery range Q):
[0.3, 0.3, 0.3, 0.3]
Vehicles' consumption rates (beta in  kWh/min):
[0.0715; 0.0715; 0.0715; 0.0715]
Recharging rates at stations (alpha in kWh/min):
[0.055 0.055 0.055 0.055 0.055 0.055 0.055 0.055 0.055 0.055; 0.055 0.055 0.055 0.055 0.055 0.055 0.055 0.055 0.055 0.055; 0.055 0.055 0.055 0.055 0.055 0.055 0.055 0.055 0.055 0.055; 0.055 0.055 0.055 0.055 0.055 0.055 0.055 0.055 0.055 0.055]

Objective Value:
53.866392499999996
Best_bound:
53.8663925
Gap[%]:
1.319083574717019e-14
Objective Value 1st component (by vehicle)
69.13548599999999
Objective Value 2nd component (by vehicle):
NaN
Objective Value 3rd component (by vehicle):
8.059111999999995
Solution: i, j, T[i], T[j],arr[i],dep[i],arr[j],dep[j],t[i,j],B[i],e[i]
35,46,36.531,36.531,0.0,104.0,0.0,104.0,0.0,3.428,0
46,6,36.531,37.08,0.0,104.0,16.4,37.08,0.549,3.428,0.0
6,22,37.08,40.0,16.4,37.08,25.0,40.0,2.32,3.389,0
22,10,40.0,43.678,25.0,40.0,29.4,49.95,3.078,3.223,0
10,26,43.678,46.73,29.4,49.95,38.0,53.0,2.452,3.003,0
26,13,46.73,53.041,38.0,53.0,45.4,68.04,3.013,2.828,0
13,29,53.041,54.0,45.4,68.04,54.0,69.0,0.359,2.612,0
29,14,54.0,57.634,54.0,69.0,52.4,72.25,2.022,2.587,0
14,30,57.634,61.384,52.4,72.25,61.0,76.0,3.15,2.442,0
30,12,61.384,64.542,61.0,76.0,43.4,65.25,2.558,2.217,0
12,28,64.542,66.288,43.4,65.25,52.0,67.0,1.146,2.034,0
28,15,66.288,68.913,52.0,67.0,62.4,83.91,2.025,1.952,0
15,31,68.913,71.0,62.4,83.91,71.0,86.0,1.487,1.807,0
31,47,71.0,74.984,71.0,86.0,0.0,104.0,3.384,1.701,0
47,52,74.984,74.984,0.0,104.0,0.0,104.0,0.0,1.459,0.0
52,42,74.984,93.0,0.0,104.0,0.0,104.0,0.0,1.459,18.016
36,2,0.005,2.699,0.0,104.0,0.0,14.02,2.694,3.5,0
2,3,2.699,4.219,0.0,14.02,0.0,13.59,0.92,3.307,0
3,18,4.219,5.473,0.0,13.59,1.98,16.0,0.654,3.242,0
18,1,5.473,10.195,1.98,16.0,0.0,12.01,4.122,3.195,0
1,19,10.195,12.689,0.0,12.01,3.41,17.0,1.895,2.9,0
19,17,12.689,14.192,3.41,17.0,2.99,15.0,0.902,2.765,0
17,5,14.192,22.28,2.99,15.0,14.4,34.5,3.243,2.7,0
5,7,22.28,25.704,14.4,34.5,20.4,41.3,2.824,2.468,0
7,21,25.704,26.382,20.4,41.3,23.0,38.0,0.078,2.266,0
21,23,26.382,29.004,23.0,38.0,29.0,44.0,2.021,2.261,0
23,45,29.004,86.701,29.0,44.0,0.0,104.0,0.177,2.116,0
45,40,86.701,93.0,0.0,104.0,0.0,104.0,0.0,2.104,6.299
37,4,24.417,25.78,0.0,104.0,4.4,25.78,1.363,3.5,0
4,20,25.78,28.0,4.4,25.78,13.0,28.0,1.62,3.403,0
20,8,28.0,30.405,13.0,28.0,22.4,45.4,1.611,3.287,0
8,24,30.405,31.005,22.4,45.4,31.0,46.0,0.0,3.172,0
24,9,31.005,43.078,31.0,46.0,22.4,43.08,2.409,3.172,0
9,25,43.078,46.0,22.4,43.08,31.0,46.0,2.322,2.999,0
25,11,46.0,62.095,31.0,46.0,40.4,62.1,2.672,2.833,0
11,27,62.095,63.996,40.4,62.1,49.0,64.0,1.301,2.642,0
27,16,63.996,69.887,49.0,64.0,65.4,84.89,2.234,2.549,0
16,32,69.887,74.0,65.4,84.89,74.0,89.0,3.513,2.39,0
32,51,74.0,83.409,74.0,89.0,0.0,104.0,3.019,2.138,0
51,41,83.409,93.0,0.0,104.0,0.0,104.0,0.0,1.922,9.591
38,48,93.0,93.0,0.0,104.0,0.0,104.0,0.0,2.45,0
48,43,93.0,93.0,0.0,104.0,0.0,104.0,0.0,2.45,0.0
Number of visited stations during service (per vehicle):
[2, 0, 0, 0]
Charging time during service (per vehicle):
[0.0, 0.0, 0.0, 0.0]
Number of visited stations at the end of service (per vehicle):
[1, 1, 1, 1]
Charging time during service (per vehicle):
[18.016, 6.299, 9.591, 0.0]
