INSTANCE u4-16-3.5-0.6-3.5-2.txt

Objective function weight factors:
[0.75, 0.25]
Time horizon [min]:
93.0
Number of customers:
16
Number of origin depots,destination depots and recharging stations:
1,1,5
Number of vehicles:
4
Capacity of vehicles (C):
[3, 3, 3, 3]
Initial battery range level of vehicles (B0 in kWh):
[3.5, 3.5, 3.5, 3.5]
Available battery range for the vehicles at every node (Q in kWh):
[3.5, 3.5, 3.5, 3.5]
Maximum battery emptiness at end depots (r)(% of the available battery range Q):
[0.6, 0.6, 0.6, 0.6]
Vehicles' consumption rates (beta in  kWh/min):
[0.0715; 0.0715; 0.0715; 0.0715]
Recharging rates at stations (alpha in kWh/min):
[0.055 0.055 0.055 0.055 0.055 0.055 0.055 0.055 0.055 0.055; 0.055 0.055 0.055 0.055 0.055 0.055 0.055 0.055 0.055 0.055; 0.055 0.055 0.055 0.055 0.055 0.055 0.055 0.055 0.055 0.055; 0.055 0.055 0.055 0.055 0.055 0.055 0.055 0.055 0.055 0.055]

Objective Value:
53.58479750000001
Best_bound:
53.5847975
Gap[%]:
1.3260155284903337e-14
Objective Value 1st component (by vehicle)
68.76002600000001
Objective Value 2nd component (by vehicle):
NaN
Objective Value 3rd component (by vehicle):
8.059112000000006
Solution: i, j, T[i], T[j],arr[i],dep[i],arr[j],dep[j],t[i,j],B[i],e[i]
35,46,93.0,93.0,0.0,104.0,0.0,104.0,0.0,1.931,0
46,41,93.0,93.0,0.0,104.0,0.0,104.0,0.0,1.931,0.0
36,6,21.531,22.08,0.0,104.0,16.4,37.08,0.549,3.5,0
6,22,22.08,25.0,16.4,37.08,25.0,40.0,2.32,3.461,0
22,10,25.0,48.092,25.0,40.0,29.4,49.95,3.078,3.295,0
10,26,48.092,51.144,29.4,49.95,38.0,53.0,2.452,3.075,0
26,13,51.144,54.757,38.0,53.0,45.4,68.04,3.013,2.899,0
13,29,54.757,55.715,45.4,68.04,54.0,69.0,0.359,2.684,0
29,14,55.715,58.338,54.0,69.0,52.4,72.25,2.022,2.658,0
14,30,58.338,62.087,52.4,72.25,61.0,76.0,3.15,2.514,0
30,12,62.087,65.245,61.0,76.0,43.4,65.25,2.558,2.289,0
12,28,65.245,66.992,43.4,65.25,52.0,67.0,1.146,2.106,0
28,43,66.992,68.887,52.0,67.0,0.0,104.0,1.295,2.024,0
37,4,0.003,25.78,0.0,104.0,4.4,25.78,1.363,3.5,0
4,20,25.78,28.0,4.4,25.78,13.0,28.0,1.62,3.403,0
20,8,28.0,30.4,13.0,28.0,22.4,45.4,1.611,3.287,0
8,24,30.4,31.0,22.4,45.4,31.0,46.0,0.0,3.172,0
24,9,31.0,40.905,31.0,46.0,22.4,43.08,2.409,3.172,0
9,25,40.905,43.827,22.4,43.08,31.0,46.0,2.322,2.999,0
25,11,43.827,47.099,31.0,46.0,40.4,62.1,2.672,2.833,0
11,27,47.099,49.0,40.4,62.1,49.0,64.0,1.301,2.642,0
27,16,49.0,69.887,49.0,64.0,65.4,84.89,2.234,2.549,0
16,32,69.887,74.0,65.4,84.89,74.0,89.0,3.513,2.39,0
32,15,74.0,77.342,74.0,89.0,62.4,83.91,2.742,2.138,0
15,31,77.342,79.429,62.4,83.91,71.0,86.0,1.487,1.942,0
31,42,79.429,93.0,71.0,86.0,0.0,104.0,3.384,1.836,0
38,2,0.0,3.507,0.0,104.0,0.0,14.02,3.326,3.373,0
2,3,3.507,5.027,0.0,14.02,0.0,13.59,0.92,3.135,0
3,18,5.027,6.281,0.0,13.59,1.98,16.0,0.654,3.069,0
18,1,6.281,11.003,1.98,16.0,0.0,12.01,4.122,3.022,0
1,19,11.003,13.497,0.0,12.01,3.41,17.0,1.895,2.728,0
19,17,13.497,15.0,3.41,17.0,2.99,15.0,0.902,2.592,0
17,5,15.0,22.277,2.99,15.0,14.4,34.5,3.243,2.528,0
5,7,22.277,25.7,14.4,34.5,20.4,41.3,2.824,2.296,0
7,21,25.7,26.379,20.4,41.3,23.0,38.0,0.078,2.094,0
21,23,26.379,29.0,23.0,38.0,29.0,44.0,2.021,2.088,0
23,45,29.0,29.777,29.0,44.0,0.0,104.0,0.177,1.944,0
45,50,29.777,29.777,0.0,104.0,0.0,104.0,0.0,1.931,0.0
50,40,29.777,29.777,0.0,104.0,0.0,104.0,0.0,1.931,0.0
Number of visited stations during service (per vehicle):
[0, 0, 0, 1]
Charging time during service (per vehicle):
[0.0, 0.0, 0.0, 0.0]
Number of visited stations at the end of service (per vehicle):
[1, 0, 0, 1]
Charging time during service (per vehicle):
[0.0, 0.0, 0.0, 0.0]
