INSTANCE u4-24-3.5-0.6-3.5-3.txt

Objective function weight factors:
[0.75, 0.25]
Time horizon [min]:
439.0
Number of customers:
24
Number of origin depots,destination depots and recharging stations:
1,1,5
Number of vehicles:
4
Capacity of vehicles (C):
[3, 3, 3, 3]
Initial battery range level of vehicles (B0 in kWh):
[3.5, 3.5, 3.5, 3.5]
Available battery range for the vehicles at every node (Q in kWh):
[3.5, 3.5, 3.5, 3.5]
Maximum battery emptiness at end depots (r)(% of the available battery range Q):
[0.6, 0.6, 0.6, 0.6]
Vehicles' consumption rates (beta in  kWh/min):
[0.0715; 0.0715; 0.0715; 0.0715]
Recharging rates at stations (alpha in kWh/min):
[0.055 0.055 0.055 0.055 0.055 0.055 0.055 0.055 0.055 0.055 0.055 0.055 0.055 0.055 0.055; 0.055 0.055 0.055 0.055 0.055 0.055 0.055 0.055 0.055 0.055 0.055 0.055 0.055 0.055 0.055; 0.055 0.055 0.055 0.055 0.055 0.055 0.055 0.055 0.055 0.055 0.055 0.055 0.055 0.055 0.055; 0.055 0.055 0.055 0.055 0.055 0.055 0.055 0.055 0.055 0.055 0.055 0.055 0.055 0.055 0.055]

Objective Value:
89.82534500000001
Best_bound:
89.825345
Gap[%]:
1.5820540088325852e-14
Objective Value 1st component (by vehicle)
118.21084
Objective Value 2nd component (by vehicle):
NaN
Objective Value 3rd component (by vehicle):
4.668860000000002
Solution: i, j, T[i], T[j],arr[i],dep[i],arr[j],dep[j],t[i,j],B[i],e[i]
51,9,6.223,48.232,0.0,450.0,33.4,49.83,3.661,3.5,0
9,12,48.232,50.801,33.4,49.83,50.4,69.68,1.969,3.238,0
12,33,50.801,56.19,50.4,69.68,42.0,57.0,4.789,3.097,0
33,36,56.19,59.005,42.0,57.0,59.0,74.0,2.215,2.755,0
36,15,59.005,111.896,59.0,74.0,90.4,111.9,1.968,2.597,0
15,39,111.896,114.0,90.4,111.9,99.0,114.0,1.504,2.456,0
39,20,114.0,335.4,99.0,114.0,312.4,335.4,1.97,2.348,0
20,44,335.4,336.0,312.4,335.4,321.0,336.0,0.0,2.208,0
44,21,336.0,376.86,321.0,336.0,357.4,376.86,0.885,2.208,0
21,45,376.86,381.0,357.4,376.86,366.0,381.0,3.54,2.144,0
45,22,381.0,405.632,366.0,381.0,399.4,420.63,2.483,1.891,0
22,46,405.632,408.0,399.4,420.63,408.0,423.0,1.768,1.714,0
46,24,408.0,416.975,408.0,423.0,411.4,431.98,2.339,1.587,0
24,48,416.975,420.0,411.4,431.98,420.0,435.0,2.425,1.42,0
48,23,420.0,423.309,420.0,435.0,403.4,425.24,2.709,1.247,0
23,47,423.309,425.065,403.4,425.24,412.0,427.0,1.156,1.053,0
47,63,425.065,427.271,412.0,427.0,0.0,450.0,1.606,0.97,0
63,58,427.271,439.0,0.0,450.0,0.0,450.0,0.0,0.855,11.729
52,1,0.003,2.445,0.0,450.0,0.0,13.05,2.442,3.5,0
1,25,2.445,4.391,0.0,13.05,1.95,15.0,1.346,3.325,0
25,4,4.391,19.4,1.95,15.0,0.0,19.4,2.642,3.229,0
4,28,19.4,20.0,0.0,19.4,5.0,20.0,0.0,3.04,0
28,6,20.0,35.995,5.0,20.0,21.4,44.4,0.0,3.04,0
6,30,35.995,36.595,21.4,44.4,30.0,45.0,0.0,3.04,0
30,7,36.595,39.93,30.0,45.0,22.4,42.54,2.735,3.04,0
7,31,39.93,43.389,22.4,42.54,31.0,46.0,2.858,2.845,0
31,8,43.389,46.736,31.0,46.0,26.4,46.74,2.747,2.64,0
8,32,46.736,50.0,26.4,46.74,35.0,50.0,2.664,2.444,0
32,13,50.0,58.895,35.0,50.0,52.4,71.37,2.839,2.253,0
13,37,58.895,63.522,52.4,71.37,61.0,76.0,4.027,2.05,0
37,10,63.522,66.1,61.0,76.0,45.4,66.1,1.978,1.763,0
10,34,66.1,68.997,45.4,66.1,54.0,69.0,2.297,1.621,0
34,14,68.997,98.398,54.0,69.0,77.4,98.4,3.098,1.457,0
14,38,98.398,100.995,77.4,98.4,86.0,101.0,1.997,1.235,0
38,16,100.995,137.879,86.0,101.0,115.4,137.88,1.562,1.093,0
16,40,137.879,139.0,115.4,137.88,124.0,139.0,0.521,0.981,0
40,17,139.0,164.08,124.0,139.0,145.4,164.08,3.31,0.944,0
17,41,164.08,168.999,145.4,164.08,154.0,169.0,4.319,0.707,0
41,60,168.999,351.048,154.0,169.0,0.0,450.0,1.264,0.398,0
60,55,351.048,370.905,0.0,450.0,0.0,450.0,0.0,0.308,19.857
53,71,14.205,422.542,0.0,450.0,0.0,450.0,0.0,0.495,0
71,56,422.542,439.0,0.0,450.0,0.0,450.0,0.0,0.495,16.458
54,2,0.003,1.827,0.0,450.0,0.0,12.59,1.823,2.992,0
2,26,1.827,6.24,0.0,12.59,4.41,17.0,3.813,2.862,0
26,3,6.24,9.467,4.41,17.0,0.0,14.74,2.627,2.589,0
3,27,9.467,13.731,0.0,14.74,4.26,19.0,3.664,2.401,0
27,5,13.731,25.57,4.26,19.0,7.4,25.57,2.344,2.139,0
5,29,25.57,30.999,7.4,25.57,16.0,31.0,4.829,1.972,0
29,11,30.999,68.04,16.0,31.0,46.4,68.04,1.86,1.627,0
11,35,68.04,69.997,46.4,68.04,55.0,70.0,1.357,1.494,0
35,18,69.997,265.85,55.0,70.0,247.4,265.85,1.599,1.397,0
18,42,265.85,270.995,247.4,265.85,256.0,271.0,4.545,1.282,0
42,19,270.995,284.358,256.0,271.0,278.4,299.35,2.256,0.957,0
19,43,284.358,287.005,278.4,299.35,287.0,302.0,2.047,0.796,0
43,72,287.005,377.195,287.0,302.0,0.0,450.0,3.813,0.65,0
72,62,377.195,377.195,0.0,450.0,0.0,450.0,0.0,0.377,0.0
62,67,377.195,377.195,0.0,450.0,0.0,450.0,0.0,0.377,0.0
67,57,377.195,395.796,0.0,450.0,0.0,450.0,0.0,0.377,18.601
Number of visited stations during service (per vehicle):
[0, 0, 0, 2]
Charging time during service (per vehicle):
[0.0, 0.0, 0.0, 0.0]
Number of visited stations at the end of service (per vehicle):
[1, 1, 1, 1]
Charging time during service (per vehicle):
[11.729, 19.857, 16.458, 18.601]
