INSTANCE u4-32-3.5-0.9-3.5-2.txt

Objective function weight factors:
[0.75, 0.25]
Time horizon [min]:
183.0
Number of customers:
32
Number of origin depots,destination depots and recharging stations:
1,1,5
Number of vehicles:
4
Capacity of vehicles (C):
[3, 3, 3, 3]
Initial battery range level of vehicles (B0 in kWh):
[3.5, 3.5, 3.5, 3.5]
Available battery range for the vehicles at every node (Q in kWh):
[3.5, 3.5, 3.5, 3.5]
Maximum battery emptiness at end depots (r)(% of the available battery range Q):
[0.9, 0.9, 0.9, 0.9]
Vehicles' consumption rates (beta in  kWh/min):
[0.0715; 0.0715; 0.0715; 0.0715]
Recharging rates at stations (alpha in kWh/min):
[0.055 0.055 0.055 0.055 0.055 0.055 0.055 0.055 0.055 0.055; 0.055 0.055 0.055 0.055 0.055 0.055 0.055 0.055 0.055 0.055; 0.055 0.055 0.055 0.055 0.055 0.055 0.055 0.055 0.055 0.055; 0.055 0.055 0.055 0.055 0.055 0.055 0.055 0.055 0.055 0.055]

Objective Value:
99.2922848
Best_bound:
99.2922848
Gap[%]:
0.0
Objective Value 1st component (by vehicle)
129.19359980000002
Objective Value 2nd component (by vehicle):
NaN
Objective Value 3rd component (by vehicle):
9.588339800000044
Solution: i, j, T[i], T[j],arr[i],dep[i],arr[j],dep[j],t[i,j],B[i],e[i]
67,3,0.0,3.33,0.0,193.0,0.0,13.73,3.33,3.5,0
3,35,3.33,8.596,0.0,13.73,5.27,19.0,4.766,3.262,0
35,4,8.596,11.859,5.27,19.0,0.0,16.11,2.763,2.921,0
4,36,11.859,17.752,0.0,16.11,7.0,22.0,5.393,2.724,0
36,15,17.752,61.762,7.0,22.0,59.5,79.59,0.63,2.338,0
15,13,61.762,64.453,59.5,79.59,51.5,72.88,2.191,2.293,0
13,45,64.453,66.571,51.5,72.88,60.0,75.0,1.618,2.136,0
45,47,66.571,68.002,60.0,75.0,68.0,83.0,0.931,2.021,0
47,14,68.002,71.277,68.0,83.0,52.5,71.28,1.822,1.954,0
14,46,71.277,75.992,52.5,71.28,61.0,76.0,4.215,1.824,0
46,28,75.992,143.165,61.0,76.0,129.5,150.06,1.322,1.522,0
28,60,143.165,146.108,129.5,150.06,138.0,153.0,2.442,1.428,0
60,27,146.108,148.517,138.0,153.0,127.5,149.19,1.909,1.253,0
27,29,148.517,149.749,127.5,149.19,129.5,150.84,0.732,1.117,0
29,59,149.749,151.0,129.5,150.84,136.0,151.0,0.751,1.064,0
59,61,151.0,152.485,136.0,151.0,138.0,153.0,0.985,1.011,0
61,72,152.485,183.0,138.0,153.0,0.0,193.0,1.912,0.94,0
68,5,17.35,19.174,0.0,193.0,10.5,32.57,1.824,2.357,0
5,37,19.174,20.607,10.5,32.57,19.0,34.0,0.933,2.227,0
37,6,20.607,23.187,19.0,34.0,15.5,38.18,2.079,2.16,0
6,38,23.187,24.002,15.5,38.18,24.0,39.0,0.315,2.012,0
38,7,24.002,28.046,24.0,39.0,21.5,43.04,2.025,1.989,0
7,39,28.046,30.001,21.5,43.04,30.0,45.0,1.455,1.844,0
39,10,30.001,50.498,30.0,45.0,27.5,50.5,2.87,1.74,0
10,42,50.498,50.998,27.5,50.5,36.0,51.0,0.0,1.535,0
42,11,50.998,72.737,36.0,51.0,50.5,72.74,1.064,1.535,0
11,43,72.737,73.996,50.5,72.74,59.0,74.0,0.759,1.459,0
43,23,73.996,108.575,59.0,74.0,102.5,123.57,0.994,1.405,0
23,55,108.575,111.0,102.5,123.57,111.0,126.0,1.925,1.333,0
55,25,111.0,135.205,111.0,126.0,113.5,135.21,2.136,1.196,0
25,57,135.205,136.994,113.5,135.21,122.0,137.0,1.289,1.043,0
57,73,136.994,183.0,122.0,137.0,0.0,193.0,2.063,0.951,0
69,9,0.0,25.22,0.0,193.0,23.5,41.45,2.037,2.934,0
9,8,25.22,28.825,23.5,41.45,22.5,43.11,3.105,2.788,0
8,41,28.825,32.0,22.5,43.11,32.0,47.0,2.675,2.566,0
41,40,32.0,34.998,32.0,47.0,31.0,46.0,2.498,2.375,0
40,12,34.998,57.063,31.0,46.0,50.5,72.06,1.523,2.196,0
12,44,57.063,59.0,50.5,72.06,59.0,74.0,1.437,2.088,0
44,18,59.0,74.033,59.0,74.0,69.5,89.03,2.131,1.985,0
18,50,74.033,78.002,69.5,89.03,78.0,93.0,3.469,1.832,0
50,16,78.002,89.497,78.0,93.0,66.5,89.5,1.563,1.584,0
16,48,89.497,89.997,66.5,89.5,75.0,90.0,0.0,1.473,0
48,19,89.997,95.697,75.0,90.0,74.5,95.7,1.53,1.473,0
19,51,95.697,97.994,74.5,95.7,83.0,98.0,1.797,1.363,0
51,26,97.994,118.812,83.0,98.0,114.5,133.81,0.369,1.235,0
26,58,118.812,123.0,114.5,133.81,123.0,138.0,3.688,1.208,0
58,31,123.0,155.864,123.0,138.0,150.5,170.86,2.346,0.945,0
31,63,155.864,159.0,150.5,170.86,159.0,174.0,2.636,0.777,0
63,71,159.0,162.836,159.0,174.0,0.0,193.0,3.336,0.589,0
70,2,0.0,12.552,0.0,193.0,0.0,13.56,0.682,3.207,0
2,1,12.552,13.069,0.0,13.56,0.0,14.38,0.017,3.158,0
1,33,13.069,13.691,0.0,14.38,0.62,15.0,0.122,3.157,0
33,34,13.691,16.997,0.62,15.0,3.44,17.0,2.806,3.148,0
34,17,16.997,87.508,3.44,17.0,68.5,87.51,0.414,2.947,0
17,49,87.508,91.995,68.5,87.51,77.0,92.0,3.987,2.918,0
49,20,91.995,93.709,77.0,92.0,85.5,108.5,1.214,2.633,0
20,52,93.709,94.209,85.5,108.5,94.0,109.0,0.0,2.546,0
52,21,94.209,98.298,94.0,109.0,88.5,108.36,3.589,2.546,0
21,53,98.298,101.938,88.5,108.36,97.0,112.0,3.139,2.289,0
53,22,101.938,105.054,97.0,112.0,92.5,111.86,2.616,2.065,0
22,54,105.054,109.195,92.5,111.86,101.0,116.0,3.641,1.878,0
54,24,109.195,131.806,101.0,116.0,113.5,131.81,0.361,1.617,0
24,56,131.806,136.995,113.5,131.81,122.0,137.0,4.689,1.592,0
56,30,136.995,156.5,122.0,137.0,148.5,171.5,1.629,1.256,0
30,62,156.5,157.0,148.5,171.5,157.0,172.0,0.0,1.14,0
62,32,157.0,176.045,157.0,172.0,154.5,176.05,1.848,1.14,0
32,64,176.045,177.995,154.5,176.05,163.0,178.0,1.449,1.008,0
64,74,177.995,183.0,163.0,178.0,0.0,193.0,1.406,0.904,0
Number of visited stations during service (per vehicle):
[0, 0, 0, 0]
Charging time during service (per vehicle):
[0.0, 0.0, 0.0, 0.0]
Number of visited stations at the end of service (per vehicle):
[0, 0, 0, 0]
Charging time during service (per vehicle):
[0.0, 0.0, 0.0, 0.0]
