INSTANCE u4-32-3.5-0.9-3.5.txt

Objective function weight factors:
[0.75, 0.25]
Time horizon [min]:
183.0
Number of customers:
32
Number of origin depots,destination depots and recharging stations:
1,1,5
Number of vehicles:
4
Capacity of vehicles (C):
[3, 3, 3, 3]
Initial battery range level of vehicles (B0 in kWh):
[3.5, 3.5, 3.5, 3.5]
Available battery range for the vehicles at every node (Q in kWh):
[3.5, 3.5, 3.5, 3.5]
Maximum battery emptiness at end depots (r)(% of the available battery range Q):
[0.9, 0.9, 0.9, 0.9]
Vehicles' consumption rates (beta in  kWh/min):
[0.0715; 0.0715; 0.0715; 0.0715]
Recharging rates at stations (alpha in kWh/min):
[0.055 0.055 0.055 0.055 0.055; 0.055 0.055 0.055 0.055 0.055; 0.055 0.055 0.055 0.055 0.055; 0.055 0.055 0.055 0.055 0.055]

Objective Value:
99.2922848
Best_bound:
99.2922848
Gap[%]:
0.0
Objective Value 1st component (by vehicle)
129.1935998
Objective Value 2nd component (by vehicle):
NaN
Objective Value 3rd component (by vehicle):
9.588339800000043
Solution: i, j, T[i], T[j],arr[i],dep[i],arr[j],dep[j],t[i,j],B[i],e[i]
67,9,23.184,25.221,0.0,193.0,23.5,41.45,2.037,2.061,0
9,8,25.221,28.826,23.5,41.45,22.5,43.11,3.105,1.915,0
8,41,28.826,32.001,22.5,43.11,32.0,47.0,2.675,1.693,0
41,40,32.001,34.999,32.0,47.0,31.0,46.0,2.498,1.502,0
40,12,34.999,72.055,31.0,46.0,50.5,72.06,1.523,1.323,0
12,44,72.055,73.992,50.5,72.06,59.0,74.0,1.437,1.215,0
44,18,73.992,76.623,59.0,74.0,69.5,89.03,2.131,1.112,0
18,50,76.623,80.592,69.5,89.03,78.0,93.0,3.469,0.959,0
50,16,80.592,89.497,78.0,93.0,66.5,89.5,1.563,0.711,0
16,48,89.497,89.997,66.5,89.5,75.0,90.0,0.0,0.6,0
48,23,89.997,108.575,75.0,90.0,102.5,123.57,0.974,0.6,0
23,55,108.575,111.0,102.5,123.57,111.0,126.0,1.925,0.53,0
55,25,111.0,135.205,111.0,126.0,113.5,135.21,2.136,0.392,0
25,57,135.205,136.994,113.5,135.21,122.0,137.0,1.289,0.24,0
57,78,136.994,139.557,122.0,137.0,0.0,193.0,2.063,0.147,0
78,73,139.557,145.921,0.0,193.0,0.0,193.0,0.0,0.0,6.364
68,5,0.0,32.564,0.0,193.0,10.5,32.57,1.824,2.427,0
5,37,32.564,33.997,10.5,32.57,19.0,34.0,0.933,2.296,0
37,6,33.997,38.18,19.0,34.0,15.5,38.18,2.079,2.23,0
6,38,38.18,38.995,15.5,38.18,24.0,39.0,0.315,2.081,0
38,7,38.995,41.52,24.0,39.0,21.5,43.04,2.025,2.058,0
7,39,41.52,43.476,21.5,43.04,30.0,45.0,1.455,1.914,0
39,10,43.476,46.846,30.0,45.0,27.5,50.5,2.87,1.81,0
10,42,46.846,47.346,27.5,50.5,36.0,51.0,0.0,1.604,0
42,11,47.346,57.741,36.0,51.0,50.5,72.74,1.064,1.604,0
11,43,57.741,59.0,50.5,72.74,59.0,74.0,0.759,1.528,0
43,19,59.0,80.703,59.0,74.0,74.5,95.7,1.55,1.474,0
19,51,80.703,83.0,74.5,95.7,83.0,98.0,1.797,1.363,0
51,26,83.0,118.813,83.0,98.0,114.5,133.81,0.369,1.235,0
26,58,118.813,123.0,114.5,133.81,123.0,138.0,3.688,1.208,0
58,31,123.0,155.864,123.0,138.0,150.5,170.86,2.346,0.945,0
31,63,155.864,159.0,150.5,170.86,159.0,174.0,2.636,0.777,0
63,71,159.0,162.836,159.0,174.0,0.0,193.0,3.336,0.589,0
69,3,0.0,3.33,0.0,193.0,0.0,13.73,3.33,3.047,0
3,35,3.33,8.596,0.0,13.73,5.27,19.0,4.766,2.808,0
35,4,8.596,16.104,5.27,19.0,0.0,16.11,2.763,2.468,0
4,36,16.104,21.997,0.0,16.11,7.0,22.0,5.393,2.27,0
36,15,21.997,62.719,7.0,22.0,59.5,79.59,0.63,1.884,0
15,13,62.719,65.409,59.5,79.59,51.5,72.88,2.191,1.839,0
13,45,65.409,67.527,51.5,72.88,60.0,75.0,1.618,1.683,0
45,47,67.527,68.959,60.0,75.0,68.0,83.0,0.931,1.567,0
47,14,68.959,71.28,68.0,83.0,52.5,71.28,1.822,1.501,0
14,46,71.28,75.995,52.5,71.28,61.0,76.0,4.215,1.37,0
46,28,75.995,135.058,61.0,76.0,129.5,150.06,1.322,1.069,0
28,60,135.058,138.001,129.5,150.06,138.0,153.0,2.442,0.974,0
60,27,138.001,140.41,138.0,153.0,127.5,149.19,1.909,0.8,0
27,29,140.41,141.642,127.5,149.19,129.5,150.84,0.732,0.663,0
29,59,141.642,142.893,129.5,150.84,136.0,151.0,0.751,0.611,0
59,61,142.893,144.378,136.0,151.0,138.0,153.0,0.985,0.557,0
61,77,144.378,146.79,138.0,153.0,0.0,193.0,1.912,0.487,0
77,72,146.79,146.79,0.0,193.0,0.0,193.0,0.0,0.35,0.0
70,2,0.003,12.553,0.0,193.0,0.0,13.56,0.682,2.753,0
2,1,12.553,13.07,0.0,13.56,0.0,14.38,0.017,2.704,0
1,33,13.07,13.692,0.0,14.38,0.62,15.0,0.122,2.703,0
33,34,13.692,16.998,0.62,15.0,3.44,17.0,2.806,2.694,0
34,17,16.998,72.513,3.44,17.0,68.5,87.51,0.414,2.494,0
17,49,72.513,77.0,68.5,87.51,77.0,92.0,3.987,2.464,0
49,20,77.0,93.5,77.0,92.0,85.5,108.5,1.214,2.179,0
20,52,93.5,94.0,85.5,108.5,94.0,109.0,0.0,2.092,0
52,21,94.0,98.089,94.0,109.0,88.5,108.36,3.589,2.092,0
21,53,98.089,101.729,88.5,108.36,97.0,112.0,3.139,1.836,0
53,22,101.729,104.845,97.0,112.0,92.5,111.86,2.616,1.611,0
22,54,104.845,108.986,92.5,111.86,101.0,116.0,3.641,1.424,0
54,24,108.986,131.806,101.0,116.0,113.5,131.81,0.361,1.164,0
24,56,131.806,136.995,113.5,131.81,122.0,137.0,4.689,1.138,0
56,30,136.995,171.496,122.0,137.0,148.5,171.5,1.629,0.803,0
30,62,171.496,171.996,148.5,171.5,157.0,172.0,0.0,0.686,0
62,32,171.996,176.046,157.0,172.0,154.5,176.05,1.848,0.686,0
32,64,176.046,177.995,154.5,176.05,163.0,178.0,1.449,0.554,0
64,74,177.995,183.0,163.0,178.0,0.0,193.0,1.406,0.451,0
Number of visited stations during service (per vehicle):
[0, 0, 0, 0]
Charging time during service (per vehicle):
[0.0, 0.0, 0.0, 0.0]
Number of visited stations at the end of service (per vehicle):
[1, 0, 1, 0]
Charging time during service (per vehicle):
[6.364, 0.0, 0.0, 0.0]
