INSTANCE u4-32-3.5-0.9-3.5-3.txt

Objective function weight factors:
[0.75, 0.25]
Time horizon [min]:
183.0
Number of customers:
32
Number of origin depots,destination depots and recharging stations:
1,1,5
Number of vehicles:
4
Capacity of vehicles (C):
[3, 3, 3, 3]
Initial battery range level of vehicles (B0 in kWh):
[3.5, 3.5, 3.5, 3.5]
Available battery range for the vehicles at every node (Q in kWh):
[3.5, 3.5, 3.5, 3.5]
Maximum battery emptiness at end depots (r)(% of the available battery range Q):
[0.9, 0.9, 0.9, 0.9]
Vehicles' consumption rates (beta in  kWh/min):
[0.0715; 0.0715; 0.0715; 0.0715]
Recharging rates at stations (alpha in kWh/min):
[0.055 0.055 0.055 0.055 0.055 0.055 0.055 0.055 0.055 0.055 0.055 0.055 0.055 0.055 0.055; 0.055 0.055 0.055 0.055 0.055 0.055 0.055 0.055 0.055 0.055 0.055 0.055 0.055 0.055 0.055; 0.055 0.055 0.055 0.055 0.055 0.055 0.055 0.055 0.055 0.055 0.055 0.055 0.055 0.055 0.055; 0.055 0.055 0.055 0.055 0.055 0.055 0.055 0.055 0.055 0.055 0.055 0.055 0.055 0.055 0.055]

Objective Value:
99.29228479999998
Best_bound:
99.29228479999998
Gap[%]:
0.0
Objective Value 1st component (by vehicle)
129.19359980000002
Objective Value 2nd component (by vehicle):
NaN
Objective Value 3rd component (by vehicle):
9.588339799999899
Solution: i, j, T[i], T[j],arr[i],dep[i],arr[j],dep[j],t[i,j],B[i],e[i]
67,3,0.0,7.575,0.0,193.0,0.0,13.73,3.33,3.5,0
3,35,7.575,12.841,0.0,13.73,5.27,19.0,4.766,3.262,0
35,4,12.841,16.104,5.27,19.0,0.0,16.11,2.763,2.921,0
4,36,16.104,21.997,0.0,16.11,7.0,22.0,5.393,2.724,0
36,15,21.997,62.719,7.0,22.0,59.5,79.59,0.63,2.338,0
15,13,62.719,65.409,59.5,79.59,51.5,72.88,2.191,2.293,0
13,45,65.409,67.527,51.5,72.88,60.0,75.0,1.618,2.136,0
45,47,67.527,68.959,60.0,75.0,68.0,83.0,0.931,2.021,0
47,14,68.959,71.28,68.0,83.0,52.5,71.28,1.822,1.954,0
14,46,71.28,75.995,52.5,71.28,61.0,76.0,4.215,1.824,0
46,28,75.995,143.163,61.0,76.0,129.5,150.06,1.322,1.522,0
28,60,143.163,146.105,129.5,150.06,138.0,153.0,2.442,1.428,0
60,27,146.105,148.514,138.0,153.0,127.5,149.19,1.909,1.253,0
27,29,148.514,149.746,127.5,149.19,129.5,150.84,0.732,1.117,0
29,59,149.746,150.997,129.5,150.84,136.0,151.0,0.751,1.064,0
59,61,150.997,152.482,136.0,151.0,138.0,153.0,0.985,1.011,0
61,77,152.482,177.666,138.0,153.0,0.0,193.0,1.912,0.94,0
77,72,177.666,183.0,0.0,193.0,0.0,193.0,0.0,0.803,5.334
68,5,0.0,17.567,0.0,193.0,10.5,32.57,1.824,3.5,0
5,37,17.567,19.0,10.5,32.57,19.0,34.0,0.933,3.37,0
37,6,19.0,38.178,19.0,34.0,15.5,38.18,2.079,3.303,0
6,38,38.178,38.993,15.5,38.18,24.0,39.0,0.315,3.154,0
38,7,38.993,43.038,24.0,39.0,21.5,43.04,2.025,3.132,0
7,39,43.038,44.994,21.5,43.04,30.0,45.0,1.455,2.987,0
39,10,44.994,48.364,30.0,45.0,27.5,50.5,2.87,2.883,0
10,42,48.364,48.864,27.5,50.5,36.0,51.0,0.0,2.678,0
42,11,48.864,72.735,36.0,51.0,50.5,72.74,1.064,2.678,0
11,43,72.735,73.995,50.5,72.74,59.0,74.0,0.759,2.602,0
43,19,73.995,80.703,59.0,74.0,74.5,95.7,1.55,2.547,0
19,51,80.703,83.0,74.5,95.7,83.0,98.0,1.797,2.436,0
51,26,83.0,118.812,83.0,98.0,114.5,133.81,0.369,2.308,0
26,58,118.812,123.0,114.5,133.81,123.0,138.0,3.688,2.282,0
58,31,123.0,166.368,123.0,138.0,150.5,170.86,2.346,2.018,0
31,63,166.368,169.503,150.5,170.86,159.0,174.0,2.636,1.85,0
63,71,169.503,173.339,159.0,174.0,0.0,193.0,3.336,1.662,0
69,9,0.0,25.221,0.0,193.0,23.5,41.45,2.037,3.158,0
9,8,25.221,28.826,23.5,41.45,22.5,43.11,3.105,3.012,0
8,41,28.826,32.001,22.5,43.11,32.0,47.0,2.675,2.79,0
41,40,32.001,34.999,32.0,47.0,31.0,46.0,2.498,2.599,0
40,12,34.999,57.064,31.0,46.0,50.5,72.06,1.523,2.42,0
12,44,57.064,59.0,50.5,72.06,59.0,74.0,1.437,2.311,0
44,18,59.0,74.031,59.0,74.0,69.5,89.03,2.131,2.209,0
18,50,74.031,78.0,69.5,89.03,78.0,93.0,3.469,2.056,0
50,16,78.0,80.063,78.0,93.0,66.5,89.5,1.563,1.808,0
16,48,80.063,80.563,66.5,89.5,75.0,90.0,0.0,1.697,0
48,23,80.563,108.575,75.0,90.0,102.5,123.57,0.974,1.697,0
23,55,108.575,111.0,102.5,123.57,111.0,126.0,1.925,1.627,0
55,25,111.0,120.211,111.0,126.0,113.5,135.21,2.136,1.489,0
25,57,120.211,122.0,113.5,135.21,122.0,137.0,1.289,1.337,0
57,73,122.0,124.563,122.0,137.0,0.0,193.0,2.063,1.244,0
70,2,0.003,12.553,0.0,193.0,0.0,13.56,0.682,3.5,0
2,1,12.553,13.07,0.0,13.56,0.0,14.38,0.017,3.451,0
1,33,13.07,13.692,0.0,14.38,0.62,15.0,0.122,3.45,0
33,34,13.692,16.998,0.62,15.0,3.44,17.0,2.806,3.441,0
34,17,16.998,72.513,3.44,17.0,68.5,87.51,0.414,3.241,0
17,49,72.513,77.0,68.5,87.51,77.0,92.0,3.987,3.211,0
49,20,77.0,93.5,77.0,92.0,85.5,108.5,1.214,2.926,0
20,52,93.5,94.0,85.5,108.5,94.0,109.0,0.0,2.839,0
52,21,94.0,98.089,94.0,109.0,88.5,108.36,3.589,2.839,0
21,53,98.089,101.729,88.5,108.36,97.0,112.0,3.139,2.583,0
53,22,101.729,104.845,97.0,112.0,92.5,111.86,2.616,2.358,0
22,54,104.845,108.986,92.5,111.86,101.0,116.0,3.641,2.171,0
54,24,108.986,131.806,101.0,116.0,113.5,131.81,0.361,1.911,0
24,56,131.806,136.995,113.5,131.81,122.0,137.0,4.689,1.885,0
56,30,136.995,158.202,122.0,137.0,148.5,171.5,1.629,1.55,0
30,62,158.202,158.702,148.5,171.5,157.0,172.0,0.0,1.433,0
62,32,158.702,161.051,157.0,172.0,154.5,176.05,1.848,1.433,0
32,64,161.051,163.0,154.5,176.05,163.0,178.0,1.449,1.301,0
64,74,163.0,183.0,163.0,178.0,0.0,193.0,1.406,1.197,0
Number of visited stations during service (per vehicle):
[0, 0, 0, 0]
Charging time during service (per vehicle):
[0.0, 0.0, 0.0, 0.0]
Number of visited stations at the end of service (per vehicle):
[1, 0, 0, 0]
Charging time during service (per vehicle):
[5.334, 0.0, 0.0, 0.0]
