2 20 1 1 3
  3   14.85   14.85   0.7   0.055
  3   14.85   14.85   0.7   0.055

  0    0.000   0.000  0   0   0    0   600
  1   -4.374  -7.608  3  30   1    0  1440
  2   -1.990  -1.658  3  30   1    0  1440
  3   -6.500   8.666  3  30   1    0  1440
  4    6.012  -5.756  3  30   1    0  1440
  5   -4.603  -7.847  3  30   1    0  1440
  6    2.007  -7.783  3  30   1    0  1440
  7   -0.999   2.075  3  30   1    0  1440
  8   -2.205  -3.339  3  30   1    0  1440
  9   -9.086   9.056  3  30   1    0  1440
  10  -2.683   4.361  3  30   1    0  1440
  11  -5.038   6.284  3  30   1  522   537
  12  -0.701   8.115  3  30   1  223   238
  13   9.605  -6.918  3  30   1  321   336
  14   9.507   1.315  3  30   1  421   436
  15  -4.878   5.251  3  30   1  179   194
  16   4.270  -7.745  3  30   1   82    97
  17  -7.962  -9.986  3  30   1   19    34
  18   9.377   9.831  3  30   1  516   531
  19  -1.880   9.656  3  30   1  236   251
  20   1.567  -1.749  3  30   1  455   470
  21   0.585  -8.368  3   0  -1  469   484
  22   0.236   4.403  3   0  -1  429   444
  23  -4.751   9.380  3   0  -1  268   283
  24   5.342  -5.808  3   0  -1  331   346
  25   6.500  -7.595  3   0  -1  396   411
  26   8.752  -0.833  3   0  -1   85   100
  27   4.793   1.394  3   0  -1  488   503
  28   9.404   6.138  3   0  -1  417   432
  29   9.638   9.580  3   0  -1  558   573
  30   5.592   1.561  3   0  -1  579   594
  31   6.958  -2.884  3   0  -1    0  1440
  32   9.122   1.517  3   0  -1    0  1440
  33  -9.482   1.679  3   0  -1    0  1440
  34   9.475  -3.831  3   0  -1    0  1440
  35  -2.917  -5.821  3   0  -1    0  1440
  36   1.496  -1.370  3   0  -1    0  1440
  37   3.593   8.322  3   0  -1    0  1440
  38  -2.379   7.492  3   0  -1    0  1440
  39   7.097   1.203  3   0  -1    0  1440
  40   0.710  -7.118  3   0  -1    0  1440
  41   0.000   0.000  0   0   0    0   600
  42   0.000   0.000  0   0   0    0   600
  43  -4.000  -4.000  0   0   0    0   600
  44   4.000   4.000  0   0   0    0   600

  0.055 0.055 0.055
