3 18 1 1 3 360
  3   14.85   14.85   0.1   0.055
  3   14.85   14.85   0.1   0.055
  3   14.85   14.85   0.1   0.055

  0    0.000   0.000  0   0   0    0   360
  1    0.402  -3.458  3  30   1    0  1440
  2   -7.109  -6.363  3  30   1    0  1440
  3    9.418   5.880  3  30   1    0  1440
  4   -6.219  -6.439  3  30   1    0  1440
  5    9.380   9.318  3  30   1    0  1440
  6   -5.523  -7.451  3  30   1    0  1440
  7    9.139   0.579  3  30   1    0  1440
  8   -2.985   7.011  3  30   1    0  1440
  9   -8.475  -4.578  3  30   1    0  1440
  10  -7.731   7.409  3  30   1  245   260
  11  -9.853   3.676  3  30   1  164   179
  12  -4.339   3.263  3  30   1  206   221
  13  -8.243   3.928  3  30   1  195   210
  14   5.889  -8.397  3  30   1  150   165
  15   9.544  -9.925  3  30   1  177   192
  16  -4.591   3.016  3  30   1  195   210
  17  -0.644   8.275  3  30   1   36    51
  18  -0.741  -3.629  3  30   1  253   268
  19  -7.915  -8.234  3   0  -1  291   306
  20   5.051  -0.631  3   0  -1  112   127
  21  -2.519   5.263  3   0  -1  297   312
  22   2.076   5.155  3   0  -1   86   101
  23   7.336  -4.226  3   0  -1  224   239
  24  -7.721  -0.208  3   0  -1  172   187
  25  -9.806  -4.319  3   0  -1   74    89
  26  -1.428   0.653  3   0  -1  314   329
  27   0.071   7.405  3   0  -1  125   140
  28  -8.814  -4.170  3   0  -1    0  1440
  29  -4.790   9.465  3   0  -1    0  1440
  30  -6.058  -1.790  3   0  -1    0  1440
  31  -2.651   2.336  3   0  -1    0  1440
  32   9.352   2.900  3   0  -1    0  1440
  33   4.425  -5.034  3   0  -1    0  1440
  34  -2.765  -7.182  3   0  -1    0  1440
  35  -7.036  -6.967  3   0  -1    0  1440
  36  -1.306  -7.478  3   0  -1    0  1440
  37   0.000   0.000  0   0   0    0   360
  38   0.000   0.000  0   0   0    0   360
  39  -4.000  -4.000  0   0   0    0   360
  40   4.000   4.000  0   0   0    0   360

  0.055 0.055 0.055
