3 24 1 1 3 1 480
1 6.165 0.783 3 1 0 1440
2 -5.971 9.898 3 1 0 1440
3 -8.232 2.958 3 1 0 1440
4 -1.48 7.29 3 1 0 1440
5 0.232 -1.894 3 1 0 1440
6 -4.158 -5.684 3 1 0 1440
7 3.4 6.234 3 1 0 1440
8 -3.018 -1.182 3 1 0 1440
9 3.138 -1.876 3 1 0 1440
10 -4.803 6.829 3 1 0 1440
11 1.602 1.41 3 1 0 1440
12 -4.452 1.881 3 1 0 1440
13 1.167 8.532 3 1 156 171
14 0.311 5.662 3 1 26 41
15 -5.792 -0.089 3 1 385 400
16 -3.974 2.98 3 1 0 15
17 8.858 2.735 3 1 297 312
18 7.172 9.713 3 1 119 134
19 3.671 -1.054 3 1 160 175
20 6.395 -7.997 3 1 34 49
21 -6.734 3.91 3 1 180 195
22 2.273 -3.875 3 1 43 58
23 -3.859 6.513 3 1 301 316
24 0.677 0.195 3 1 107 122
25 6.947 -2.795 3 -1 270 285
26 7.039 -9.667 3 -1 135 150
27 9.579 -2.533 3 -1 403 418
28 -9.286 1.261 3 -1 355 370
29 -4.468 1.718 3 -1 341 356
30 -2.556 -1.591 3 -1 450 465
31 -5.426 -5.816 3 -1 292 307
32 -1.787 -3.12 3 -1 224 239
33 -1.352 -3.904 3 -1 383 398
34 4.617 -7.513 3 -1 168 183
35 2.719 9.707 3 -1 138 153
36 -4.451 -0.135 3 -1 338 353
37 -6.735 -2.599 3 -1 0 1440
38 4.383 9.129 3 -1 0 1440
39 2.267 2.332 3 -1 0 1440
40 7.529 -7.145 3 -1 0 1440
41 4.456 0.268 3 -1 0 1440
42 5.816 -0.948 3 -1 0 1440
43 -9.781 2.203 3 -1 0 1440
44 -7.486 2.057 3 -1 0 1440
45 6.265 3.176 3 -1 0 1440
46 9.202 -4.747 3 -1 0 1440
47 -5.889 8.876 3 -1 0 1440
48 6.048 0.39 3 -1 0 1440
49 0 0 0 0 0 480
50 0 0 0 0 0 480
51 0 0 0 0 0 480
52 0 0 0 0 0 480
53 0 0 0 0 0 480
54 0 0 0 0 0 480
55 0 0 0 0 0 480
56 0 0 0 0 0 480
57 0 0 0 0 0 480
58 -4 -4 0 0 0 480
59 4 4 0 0 0 480
49
50
51 52 53
54 55 56
57 58 59
30 30 30 30 30 30 30 30 30 30 30 30 30 30 30 30 30 30 30 30 30 30 30 30
3 3 3
14.85 14.85 14.85
14.85 14.85 14.85
0.7 0.7 0.7
0.055 0.055 0.055
0.055
0.75 0.25
