3 30 1 1 3 600
  3   14.85   14.85   0.4   0.055
  3   14.85   14.85   0.4   0.055
  3   14.85   14.85   0.4   0.055

  0    0.000   0.000  0   0  0    0   600
  1   -1.475  -5.814  3  30  1    0  1440
  2   -4.263  -7.220  3  30  1    0  1440
  3   -5.758   9.449  3  30  1    0  1440
  4   -8.862   6.600  3  30  1    0  1440
  5    9.114  -9.247  3  30  1    0  1440
  6   -1.037   9.249  3  30  1    0  1440
  7   -7.720  -2.014  3  30  1    0  1440
  8    1.854  -7.324  3  30  1    0  1440
  9    7.348  -4.065  3  30  1    0  1440
  10  -2.707  -8.333  3  30  1    0  1440
  11  -2.261  -1.701  3  30  1    0  1440
  12  -7.074  -2.761  3  30  1    0  1440
  13   3.843  -1.762  3  30  1    0  1440
  14   4.077  -6.875  3  30  1    0  1440
  15  -2.136  -2.809  3  30  1    0  1440
  16   6.072  -1.166  3  30  1  134   149
  17  -2.755  -2.007  3  30  1  377   392
  18   9.359   1.424  3  30  1   17    32
  19  -9.992  -4.899  3  30  1   61    76
  20   6.022   5.952  3  30  1  515   530
  21  -5.733   3.177  3  30  1   21    36
  22  -5.925  -8.097  3  30  1  142   157
  23  -3.111   0.747  3  30  1  423   438
  24  -5.284   4.167  3  30  1   22    37
  25   4.812  -8.719  3  30  1  118   133
  26  -6.449  -3.282  3  30  1  407   422
  27  -4.206  -7.907  3  30  1  411   426
  28  -7.096  -7.241  3  30  1  430   445
  29  -1.972   6.108  3  30  1  177   192
  30   1.806  -9.181  3  30  1  530   545
  31  -8.618  -3.815  3   0 -1  149   164
  32   6.837   2.537  3   0 -1  441   456
  33  -8.805   0.005  3   0 -1   81    96
  34   2.787  -9.525  3   0 -1  208   223
  35  -0.113  -1.640  3   0 -1  439   454
  36   5.873   1.129  3   0 -1  223   238
  37   9.654  -3.534  3   0 -1  202   217
  38   2.203   4.633  3   0 -1  172   187
  39   8.876   6.797  3   0 -1  284   299
  40   7.936  -6.107  3   0 -1  542   557
  41  -6.993  -1.508  3   0 -1  351   366
  42   7.455  -7.825  3   0 -1  276   291
  43  -5.545  -8.172  3   0 -1  339   354
  44   3.682   6.753  3   0 -1  269   284
  45   4.101   3.800  3   0 -1  339   354
  46  -8.907   7.739  3   0 -1    0  1440
  47  -4.522   5.544  3   0 -1    0  1440
  48   8.470  -3.401  3   0 -1    0  1440
  49  -9.559  -1.754  3   0 -1    0  1440
  50  -7.677   9.147  3   0 -1    0  1440
  51  -2.989   1.458  3   0 -1    0  1440
  52  -2.470   2.909  3   0 -1    0  1440
  53  -9.846   4.882  3   0 -1    0  1440
  54   4.241   6.141  3   0 -1    0  1440
  55   6.149   9.913  3   0 -1    0  1440
  56   5.935   9.503  3   0 -1    0  1440
  57  -6.230   8.970  3   0 -1    0  1440
  58  -6.955  -5.193  3   0 -1    0  1440
  59   1.696   8.775  3   0 -1    0  1440
  60  -6.508  -4.027  3   0 -1    0  1440
  61   0.000   0.000  0   0  0    0   600
  62   0.000   0.000  0   0  0    0   600
  63  -4.000  -4.000  0   0  0    0   600
  64   4.000   4.000  0   0  0    0   600

  0.055 0.055 0.055
