2 24 1 1 5 1 199
1 37.776738 -122.42128 0.5 1.0 0.0 199.0
2 37.788324 -122.41013 0.5 1.0 0.0 199.0
3 37.788907 -122.41118 0.5 1.0 0.0 199.0
4 37.786806 -122.41257 0.5 1.0 0.0 199.0
5 37.787097 -122.41031 0.5 1.0 0.0 199.0
6 37.785828 -122.41806 0.5 1.0 0.0 199.0
7 37.782974 -122.42017 0.5 1.0 0.0 199.0
8 37.783641 -122.40917 0.5 1.0 0.0 199.0
9 37.78299 -122.42254 0.5 1.0 0.0 199.0
10 37.786419 -122.40821 0.5 1.0 0.0 199.0
11 37.786299 -122.40917 0.5 1.0 0.0 199.0
12 37.78521 -122.40866 0.5 1.0 0.0 199.0
13 37.787472 -122.40747 0.5 1.0 0.0 199.0
14 37.783523 -122.41759 0.5 1.0 0.0 199.0
15 37.788928 -122.40856 0.5 1.0 0.0 199.0
16 37.783017 -122.41993 0.5 1.0 0.0 199.0
17 37.787356 -122.40834 0.5 1.0 0.0 199.0
18 37.786661 -122.42128 0.5 1.0 0.0 199.0
19 37.783431 -122.41757 0.5 1.0 0.0 199.0
20 37.778752 -122.41599 0.5 1.0 0.0 199.0
21 37.788318 -122.42023 0.5 1.0 0.0 199.0
22 37.787068 -122.41054 0.5 1.0 0.0 199.0
23 37.781287 -122.42388 0.5 1.0 0.0 199.0
24 37.786098 -122.41066 0.5 1.0 0.0 199.0
25 37.783423 -122.41664 0.5 -1.0 0.0 15.0
26 37.782496 -122.41738 0.5 -1.0 2.0 17.0
27 37.779175 -122.41501 0.5 -1.0 15.0 30.0
28 37.78175 -122.41476 0.5 -1.0 16.0 31.0
29 37.785617 -122.4071 0.5 -1.0 21.0 36.0
30 37.78883 -122.41864 0.5 -1.0 32.0 47.0
31 37.782974 -122.42017 0.5 -1.0 39.0 54.0
32 37.782455 -122.41001 0.5 -1.0 50.0 65.0
33 37.787659 -122.41673 0.5 -1.0 52.0 67.0
34 37.787634 -122.42111 0.5 -1.0 69.0 84.0
35 37.78703 -122.41084 0.5 -1.0 75.0 90.0
36 37.773441 -122.42157 0.5 -1.0 77.0 92.0
37 37.787472 -122.40747 0.5 -1.0 81.0 96.0
38 37.785949 -122.4118 0.5 -1.0 91.0 106.0
39 37.789051 -122.41008 0.5 -1.0 104.0 119.0
40 37.775109 -122.42207 0.5 -1.0 108.0 123.0
41 37.787016 -122.41095 0.5 -1.0 119.0 134.0
42 37.777008 -122.41789 0.5 -1.0 122.0 137.0
43 37.788173 -122.40937 0.5 -1.0 123.0 138.0
44 37.778752 -122.41599 0.5 -1.0 139.0 154.0
45 37.777366 -122.41979 0.5 -1.0 142.0 157.0
46 37.788273 -122.40859 0.5 -1.0 156.0 171.0
47 37.785072 -122.41125 0.5 -1.0 167.0 182.0
48 37.778879 -122.41504 0.5 -1.0 179.0 194.0
49 37.786472 -122.40974 0.0 0.0 0.0 199.0
50 37.786472 -122.40974 0.0 0.0 0.0 199.0
51 37.786472 -122.40974 0.0 0.0 0.0 199.0
52 37.782269 -122.41818 0.0 0.0 0.0 199.0
53 37.780384 -122.41783 0.0 0.0 0.0 199.0
54 37.786549 -122.40715 0.0 0.0 0.0 199.0
55 37.78846 -122.41016 0.0 0.0 0.0 199.0
56 37.782269 -122.41818 0.0 0.0 0.0 199.0
57 37.786472 -122.40974 0.0 0.0 0.0 199.0
58 37.780384 -122.41783 0.0 0.0 0.0 199.0
59 37.786549 -122.40715 0.0 0.0 0.0 199.0
60 37.78846 -122.41016 0.0 0.0 0.0 199.0
61 37.782269 -122.41818 0.0 0.0 0.0 199.0
62 37.786472 -122.40974 0.0 0.0 0.0 199.0
49
50
51 52
53 54 55 56 57
58 59 60 61 62
8 8 8 8 8 8 8 8 8 8 8 8 8 8 8 8 8 8 8 8 8 8 8 8
3 3
3.5 3.5
3.5 3.5
0.7 0.7
0.055 0.055 0.055 0.055 0.055
0.0715
0.75 0.25
0.0 3.5409 3.5465 2.6366 3.1781 1.7519 1.1788 2.6274 0.96156 2.7929 2.6254 2.5446 3.704 1.5239 3.2961 1.3348 2.9502 1.5544 1.499 1.1224 2.0305 3.2263 1.0346 2.513 1.658 1.3663 1.5494 1.5851 2.7937 2.266 1.1788 1.9587 2.6802 2.1353 3.2903 1.0541 3.704 2.3534 3.6317 0.74477 3.3142 1.0741 3.0804 1.1224 0.64483 3.2486 2.3116 1.2874 0.0 0.0 3.2217 1.5094 1.0557 2.9257 3.5041 1.5094 3.2217 1.0557 2.9257 3.5041 1.5094 3.2217
3.0563 0.0 1.0091 0.54326 0.31376 1.7365 2.0038 0.8891 2.3772 0.62154 0.45403 1.0272 0.92069 1.8905 0.51272 2.0645 0.5569 1.654 1.8656 2.1776 1.7371 0.36192 2.6402 1.0457 2.0246 1.7329 1.9931 1.7728 0.91649 1.6367 2.0038 1.1695 1.5808 1.8419 0.426 2.8745 0.92069 0.88602 0.84838 3.2044 0.44989 2.3238 0.21609 2.1776 2.6385 0.38421 0.83225 1.9731 0.0 0.0 0.35735 1.8761 2.0619 0.75435 0.96676 1.8761 0.35735 2.0619 0.75435 0.96676 1.8761 0.35735
3.2823 0.88156 0.0 1.3293 1.0998 1.8985 2.1658 1.6751 2.5392 1.4075 1.24 1.8132 1.7037 2.0525 1.0167 2.2265 1.3429 1.816 2.0276 2.3796 1.6321 1.1479 2.8022 1.2077 2.1866 1.8949 2.1951 1.9348 1.7025 1.4337 2.1658 1.7504 1.1188 1.7369 1.212 3.1005 1.7037 1.048 1.2454 3.4304 1.2359 2.5498 1.0021 2.3796 2.8405 1.1702 1.5693 2.1751 0.0 0.0 1.1433 2.0381 2.2639 1.5404 0.84477 2.0381 1.1433 2.2639 1.5404 0.84477 2.0381 1.1433
2.661 1.6143 1.6199 0.0 1.2515 1.2773 1.5446 1.1338 1.918 0.86627 0.69877 1.2719 1.7774 1.4313 1.3695 1.6052 1.0236 1.1948 1.4064 1.7583 1.2779 1.2997 2.1809 0.5864 1.5654 1.2737 1.5738 1.3135 1.1612 1.1774 1.5446 1.1291 1.1216 1.3827 1.3637 2.4793 1.7774 0.42676 1.7051 2.8092 1.3876 1.9285 1.1538 1.7583 2.2192 1.322 0.94799 1.5538 0.0 0.0 1.2951 1.4168 1.6426 0.99909 1.5775 1.4168 1.2951 1.6426 0.99909 1.5775 1.4168 1.2951
2.9758 1.3031 1.3086 0.39877 0.0 1.592 1.8593 1.4486 2.2327 1.181 1.0135 1.5867 1.5472 1.746 1.1392 1.92 1.1834 1.5095 1.7211 2.0731 1.5926 0.048167 2.4957 0.90117 1.8802 1.5884 1.8886 1.6283 1.476 1.4922 1.8593 1.4439 1.4363 1.6974 0.11224 2.794 1.5472 0.74153 1.4749 3.1239 0.13614 2.2433 0.8426 2.0731 2.534 1.0107 1.2628 1.8686 0.0 0.0 0.98386 1.7316 1.9574 1.3139 1.2663 1.7316 0.98386 1.9574 1.3139 1.2663 1.7316 0.98386
2.3601 1.9914 1.9969 1.5951 1.8495 0.0 0.93963 2.0189 1.313 1.7513 1.5838 2.157 2.4565 1.0583 2.0485 1.0002 1.9087 0.58982 1.0334 1.7778 0.67291 1.8977 1.576 1.4715 1.1924 1.4237 1.7299 1.4635 2.0463 0.57245 0.93963 2.0142 1.0656 0.7777 1.9618 2.3023 2.4565 1.3118 2.3552 2.4702 1.9857 1.8076 1.7519 1.7778 1.6923 1.92 1.833 1.7098 0.0 0.0 1.8931 1.5669 1.3721 1.8841 1.9546 1.5669 1.8931 1.3721 1.8841 1.9546 1.5669 1.8931
1.5413 2.6086 2.6142 1.7043 2.2458 0.81955 0.0 2.0516 0.49425 1.8606 1.6931 2.1897 2.7717 0.54398 2.3638 0.40249 2.0179 0.62206 0.5191 1.2561 1.0981 2.294 0.75724 1.5807 0.6781 0.91139 1.3441 1.1302 2.1555 1.3337 0.0 1.7518 1.7479 1.2029 2.358 1.4836 2.7717 1.4211 2.6994 1.6515 2.3819 1.2858 2.1481 1.2561 0.87352 2.3162 1.7357 1.3241 0.0 0.0 2.2894 1.0545 0.85038 1.9934 2.5718 1.0545 2.2894 0.85038 1.9934 2.5718 1.0545 2.2894
2.261 1.8403 1.8459 0.93598 1.3455 1.6642 1.7446 0.0 2.0259 0.93526 0.92475 0.57893 1.8464 1.3452 1.4384 1.9742 1.0926 2.0468 1.3204 1.3823 2.1298 1.3936 2.0989 0.81239 1.4794 1.1877 1.1978 1.2275 0.82804 2.0294 1.7446 0.37421 1.9736 2.2346 1.4577 2.0792 1.8464 1.2787 1.7741 2.4091 1.4816 1.5285 1.3798 1.3823 1.8432 1.5479 0.55898 1.1778 0.0 0.0 1.3891 1.3308 1.2666 1.0681 1.8035 1.3308 1.3891 1.2666 1.0681 1.8035 1.3308 1.3891
1.7061 3.5574 3.5629 2.6531 3.1946 1.7683 1.1952 3.0769 0.0 2.8093 2.6418 3.169 3.7205 1.6653 3.3125 1.3513 2.9667 1.5708 1.6404 2.0858 2.0469 3.2427 0.71101 2.5295 1.7994 1.8177 2.1739 2.0366 3.1043 2.2825 1.1952 2.5832 2.6966 2.1517 3.3068 1.9866 3.7205 2.3698 3.6482 1.6772 3.3307 2.1156 3.0969 2.0858 1.7033 3.265 2.8571 2.1539 0.0 0.0 3.2381 1.9609 1.6801 2.9422 3.5206 1.9609 3.2381 1.6801 2.9422 3.5206 1.9609 3.2381
3.0174 1.0876 1.0932 0.73334 0.50384 1.9266 2.1939 0.85018 2.5673 0.0 0.64411 0.98829 1.0048 2.0806 0.5968 2.2545 0.25098 1.8441 2.0557 2.1387 1.9272 0.552 2.8303 1.0467 2.2147 1.923 1.9541 1.9628 0.38857 1.8267 2.1939 1.1306 1.7709 2.032 0.61608 2.8356 1.0048 1.0761 0.93246 3.1655 0.63997 2.2849 1.1772 2.1387 2.5996 1.3453 0.79333 1.9341 0.0 0.0 0.54743 2.0662 2.0229 0.22643 1.0508 2.0662 0.54743 2.0229 0.22643 1.0508 2.0662 0.54743
2.898 1.1993 1.2049 0.84498 0.61548 1.9972 2.3056 0.73082 2.6629 0.20526 0.0 0.86893 1.1164 1.9822 0.70844 2.3662 0.36262 1.9558 1.9574 2.0193 2.0388 0.66365 2.7359 0.92739 2.1164 1.8247 1.8348 1.8645 0.50021 1.9384 2.3056 1.0112 1.8826 2.1436 0.72772 2.7162 1.1164 1.1877 1.0441 3.0461 0.75162 2.1655 1.2888 2.0193 2.4802 1.4569 0.67398 1.8148 0.0 0.0 0.65907 1.9678 1.9036 0.33808 1.1625 1.9678 0.65907 1.9036 0.33808 1.1625 1.9678 0.65907
2.7062 1.4054 1.411 0.85911 0.8216 1.8054 2.1897 0.53894 2.4711 0.41138 0.84788 0.0 1.3225 1.7904 0.91457 2.2653 0.56875 1.9699 1.7655 1.8275 2.053 0.86977 2.5441 0.73551 1.9245 1.6328 1.6429 1.6726 0.35334 1.9525 2.1897 0.81933 1.8967 2.1578 0.93385 2.5244 1.3225 1.2019 1.2502 2.8543 0.95774 1.9736 1.3029 1.8275 2.2883 1.4711 0.4821 1.6229 0.0 0.0 0.86519 1.7759 1.7117 0.5442 1.3686 1.7759 0.86519 1.7117 0.5442 1.3686 1.7759 0.86519
3.1816 1.0229 1.0284 0.66856 0.43906 1.8618 2.1291 1.0144 2.5025 0.74684 0.57933 1.1525 0.0 2.0158 0.53202 2.1898 0.1862 1.7793 1.9909 2.3029 1.8624 0.48723 2.7655 1.171 2.1499 1.8582 2.1184 1.8981 0.71779 1.762 2.1291 1.2948 1.7061 1.9672 0.5513 2.9998 0.0 1.0113 0.86768 3.3297 0.57519 2.4491 1.1124 2.3029 2.7638 1.2805 0.95756 2.0984 0.0 0.0 0.48265 2.0014 2.1872 0.55565 0.98607 2.0014 0.48265 2.1872 0.55565 0.98607 2.0014 0.48265
2.2008 2.1701 2.1756 1.2658 1.8073 0.38101 0.78033 1.6896 1.1537 1.422 1.2545 1.8277 2.3332 0.0 1.9252 0.84095 1.5794 0.91252 0.87414 1.5851 0.99561 1.8554 1.4167 1.1422 1.0331 1.0944 1.4006 1.1343 1.717 0.89516 0.78033 1.6849 1.3883 1.1004 1.9195 2.143 2.3332 0.98252 2.2609 2.3109 1.9434 1.6483 1.7096 1.5851 1.533 1.8777 1.5038 1.3806 0.0 0.0 1.8508 1.2376 1.2128 1.5549 2.1333 1.2376 1.8508 1.2128 1.5549 2.1333 1.2376 1.8508
3.3827 0.53485 0.54042 0.8696 0.6401 2.0629 2.3302 1.2154 2.7036 0.94788 0.78037 1.3536 0.75104 2.2169 0.0 2.3908 0.38724 1.9804 2.192 2.504 2.0635 0.68827 2.9665 1.372 2.351 2.0593 2.3194 2.0991 0.91883 1.8969 2.3302 1.4958 1.5821 2.1683 0.75234 3.2009 0.75104 1.2124 0.37966 3.5308 0.77624 2.6501 0.65537 2.504 2.9648 0.82349 1.1586 2.2994 0.0 0.0 0.68369 2.2024 2.3882 0.7567 0.49805 2.2024 0.68369 2.3882 0.7567 0.49805 2.2024 0.68369
1.4284 2.5497 2.5552 1.6454 2.1869 0.76063 0.18752 2.0692 0.38132 1.8016 1.6341 2.2073 2.7128 0.65763 2.3048 0.0 1.959 0.56314 0.63275 1.1432 1.0392 2.235 0.64431 1.5218 0.79175 0.87504 1.2312 1.0939 2.0966 1.2748 0.18752 1.6405 1.6889 1.144 2.2991 1.3706 2.7128 1.3621 2.6405 1.5385 2.323 1.1729 2.0892 1.1432 0.76059 2.2573 1.8494 1.2112 0.0 0.0 2.2305 1.0182 0.73745 1.9345 2.5129 1.0182 2.2305 0.73745 1.9345 2.5129 1.0182 2.2305
3.1638 1.555 1.5606 0.65073 0.42122 1.844 2.1113 0.99656 2.4847 0.729 0.56149 1.1347 1.6402 1.998 1.2322 2.1719 0.0 1.7615 1.9731 2.2851 1.8446 0.46939 2.7477 1.1531 2.1321 1.8404 2.1005 1.8802 1.024 1.7441 2.1113 1.277 1.6883 1.9494 0.53346 2.982 1.6402 0.99348 1.5678 3.3119 0.55736 2.4312 1.0946 2.2851 2.7459 1.2627 0.93972 2.0805 0.0 0.0 0.46481 1.9835 2.1693 0.86182 1.5182 1.9835 0.46481 2.1693 0.86182 1.5182 1.9835 0.46481
2.546 2.2702 2.2758 1.7809 2.1814 0.89618 1.1255 2.2048 1.4989 1.9372 1.7697 2.3429 2.7884 1.2442 2.3804 1.1861 2.0946 0.0 1.2193 1.9637 0.55077 2.2296 1.7619 1.6573 1.3783 1.6096 1.9157 1.6494 2.2321 0.90432 1.1255 2.2 1.3445 0.65557 2.2937 2.4882 2.7884 1.4977 2.634 2.6561 2.3176 1.9934 2.0838 1.9637 1.8781 2.2519 2.0189 1.8957 0.0 0.0 2.225 1.7527 1.558 2.07 2.2334 1.7527 2.225 1.558 2.07 2.2334 1.7527 2.225
2.2257 2.1949 2.2005 1.2906 1.8321 0.4059 0.80521 1.7145 1.1786 1.4469 1.2794 1.8526 2.3581 0.024881 1.9501 0.86583 1.6043 0.93741 0.0 1.61 1.0205 1.8803 1.4416 1.167 1.058 1.1193 1.4254 1.1591 1.7419 0.92004 0.80521 1.7098 1.4132 1.1253 1.9444 2.1679 2.3581 1.0074 2.2858 2.3358 1.9683 1.6732 1.7345 1.61 1.5579 1.9026 1.5286 1.4054 0.0 0.0 1.8757 1.2625 1.2377 1.5797 2.1581 1.2625 1.8757 1.2377 1.5797 2.1581 1.2625 1.8757
1.42 2.6668 2.6724 1.7625 2.304 1.1632 1.2111 1.7013 1.4189 1.9188 1.7513 1.6184 2.8299 0.84419 2.422 1.3671 2.0761 1.5867 0.81931 0.0 1.7778 2.3522 1.4919 1.6389 0.97831 0.6866 0.70874 0.90543 1.8675 1.6773 1.2111 1.0326 2.1705 1.8826 2.4162 1.3588 2.8299 1.7647 2.7576 1.5301 2.4401 0.64945 2.2063 0.0 0.80016 2.3744 1.3855 0.20455 0.0 0.0 2.3476 0.82975 0.57253 2.0516 2.63 0.82975 2.3476 0.57253 2.0516 2.63 0.82975 2.3476
2.523 1.767 1.7726 1.758 1.9852 0.87325 1.1026 2.1818 1.476 1.9143 1.7468 2.3199 2.5892 1.2213 1.9021 1.1632 2.0716 0.75277 1.1964 1.9408 0.0 2.0334 1.7389 1.6344 1.3554 1.5867 1.8928 1.6265 2.2092 0.8814 1.1026 2.1771 0.8413 0.31265 2.0975 2.4653 2.5892 1.4748 2.1308 2.6332 2.1214 1.9705 1.8876 1.9408 1.8552 2.0557 1.996 1.8728 0.0 0.0 2.0288 1.7298 1.5351 2.0471 1.7302 1.7298 2.0288 1.5351 2.0471 1.7302 1.7298 2.0288
2.9277 1.2549 1.2605 0.3506 0.8921 1.5439 1.8112 1.4004 2.1846 1.1329 0.96537 1.5386 1.499 1.6979 1.0911 1.8718 1.1352 1.4614 1.673 2.0249 1.5445 0.0 2.4475 0.853 1.832 1.5403 1.8404 1.5801 1.4278 1.444 1.8112 1.3957 1.3882 1.6493 0.064074 2.7459 1.499 0.69336 1.4267 3.0758 0.087969 2.1951 0.79443 2.0249 2.4858 0.96255 1.2146 1.8204 0.0 0.0 0.93569 1.6834 1.9092 1.2657 1.2181 1.6834 0.93569 1.9092 1.2657 1.2181 1.6834 0.93569
1.1147 3.346 3.3515 2.4416 2.9831 1.5569 0.9838 2.6605 0.7476 2.5979 2.4304 2.5776 3.5091 1.3839 3.1011 1.1398 2.7553 1.3594 1.359 1.4944 1.8355 3.0313 0.0 2.318 1.518 1.2263 1.5825 1.4451 2.8267 2.071 0.9838 1.9918 2.4852 1.9403 3.0954 1.3952 3.5091 2.1584 3.4368 1.0858 3.1193 1.5242 2.8855 1.4944 1.1119 3.0536 2.3446 1.5624 0.0 0.0 3.0267 1.3695 1.0887 2.7307 3.3092 1.3695 3.0267 1.0887 2.7307 3.3092 1.3695 3.0267
2.8837 1.443 1.4485 1.0367 0.85915 1.9829 2.3672 0.71649 2.6486 0.44893 0.28142 0.8546 1.3601 1.9679 0.95211 2.4428 0.60629 2.1474 1.943 2.005 2.2305 0.90732 2.7216 0.0 2.102 1.8103 1.8205 1.8501 0.74388 2.13 2.3672 0.99688 2.0742 2.3353 0.97139 2.7019 1.3601 1.3794 1.2878 3.0318 0.99529 2.1512 1.4805 2.005 2.4659 1.6486 0.65965 1.8004 0.0 0.0 0.90274 1.9535 1.8893 0.58174 1.4062 1.9535 0.90274 1.8893 0.58174 1.4062 1.9535 0.90274
2.1284 2.3636 2.3692 1.4593 2.0008 1.0206 1.1009 1.4502 1.3823 1.6156 1.4481 1.5883 2.5268 0.70159 2.1188 1.3305 1.773 1.5501 0.67671 1.0347 1.6352 2.049 1.4553 1.3357 0.0 0.544 0.85014 0.58382 1.8866 1.5347 1.1009 1.2055 1.8339 1.74 2.1131 1.9466 2.5268 1.1761 2.4545 2.2735 2.137 1.3958 1.9032 1.0347 1.4956 2.0713 1.1343 0.83013 0.0 0.0 2.0444 0.68715 0.91893 1.7484 2.3268 0.68715 2.0444 0.91893 1.7484 2.3268 0.68715 2.0444
2.1573 2.3855 2.3911 1.4812 2.0227 0.5965 0.70281 1.7851 1.1232 1.6375 1.47 1.9232 2.5487 0.2775 2.1407 1.0314 1.7949 1.128 0.25262 1.3696 1.2111 2.0709 1.3732 1.3576 0.41162 0.0 1.185 0.91874 1.9325 1.1106 0.70281 1.5404 1.6038 1.3159 2.135 2.0995 2.5487 1.198 2.4764 2.2674 2.1589 1.5708 1.9251 1.3696 1.4895 2.0932 1.4692 1.165 0.0 0.0 2.0663 1.0221 1.1353 1.7703 2.3487 1.0221 2.0663 1.1353 1.7703 2.3487 1.0221 2.0663
1.3939 2.5202 2.5258 1.6159 2.1574 1.3861 1.434 1.5547 1.6418 1.7722 1.6047 1.4718 2.6833 1.0671 2.2753 1.5901 1.9295 1.8097 1.0423 0.30023 2.0007 2.2056 1.7148 1.4923 1.2013 0.90955 0.0 1.1284 1.7209 1.9003 1.434 0.88601 2.3935 2.1055 2.2696 1.2122 2.6833 1.8726 2.611 1.5421 2.2935 0.6614 2.0597 0.30023 1.0041 2.2278 1.2389 0.095686 0.0 0.0 2.201 1.0527 0.79549 1.905 2.4834 1.0527 2.201 0.79549 1.905 2.4834 1.0527 2.201
2.2203 2.3226 2.3281 1.4183 1.9598 1.2325 1.3128 1.3571 1.5942 1.5745 1.407 1.2742 2.4857 0.91351 2.0777 1.5424 1.7319 1.762 0.88863 1.2466 1.8471 2.0079 1.6672 1.2947 1.0476 0.75592 1.0621 0.0 1.5233 1.7467 1.3128 0.68838 1.8798 1.9519 2.072 2.0385 2.4857 1.222 2.4134 2.3684 2.0959 1.4878 1.8621 1.2466 1.7075 2.0302 1.0412 1.0421 0.0 0.0 2.0033 0.89907 1.1309 1.7073 2.2858 0.89907 2.0033 1.1309 1.7073 2.2858 0.89907 2.0033
2.9574 1.4097 1.4153 1.0554 0.82587 2.0566 2.4409 0.79021 2.7223 0.66265 0.96614 0.92832 1.3268 2.0416 0.91883 2.5166 0.57301 2.1661 2.0168 2.0787 2.2492 0.87404 2.7953 0.98678 2.1758 1.884 1.8942 1.9239 0.0 2.1488 2.4409 1.0706 2.0929 2.354 0.93811 2.7756 1.3268 1.3981 1.2545 3.1055 0.96201 2.2249 1.4992 2.0787 2.5396 1.6673 0.73337 1.8742 0.0 0.0 0.86946 2.0272 1.963 0.54847 1.3729 2.0272 0.86946 1.963 0.54847 1.3729 2.0272 0.86946
3.0771 1.4654 1.471 1.6641 1.6836 1.4963 1.7637 2.0879 2.137 1.8204 1.6529 2.226 2.2875 1.6503 1.6005 1.8243 1.9267 1.4139 1.6255 1.9834 1.0529 1.7318 2.4 1.5405 1.7845 1.4928 1.7989 1.5326 2.1153 0.0 1.7637 2.0832 0.53966 1.1577 1.7958 2.8954 2.2875 1.3808 1.8292 3.2223 1.8197 2.3446 1.5859 1.9834 2.4443 1.754 1.9021 1.7789 0.0 0.0 1.7272 1.6359 1.8677 1.9532 1.4286 1.6359 1.7272 1.8677 1.9532 1.4286 1.6359 1.7272
1.5413 2.6086 2.6142 1.7043 2.2458 0.81955 0.0 2.0516 0.49425 1.8606 1.6931 2.1897 2.7717 0.54398 2.3638 0.40249 2.0179 0.62206 0.5191 1.2561 1.0981 2.294 0.75724 1.5807 0.6781 0.91139 1.3441 1.1302 2.1555 1.3337 0.0 1.7518 1.7479 1.2029 2.358 1.4836 2.7717 1.4211 2.6994 1.6515 2.3819 1.2858 2.1481 1.2561 0.87352 2.3162 1.7357 1.3241 0.0 0.0 2.2894 1.0545 0.85038 1.9934 2.5718 1.0545 2.2894 0.85038 1.9934 2.5718 1.0545 2.2894
2.0643 1.8146 1.8201 0.91027 1.4518 1.6385 1.7084 0.84911 1.9162 1.0665 0.89904 0.76332 1.9777 1.3195 1.5697 1.8645 1.2239 2.021 1.2946 1.1856 2.1041 1.4999 1.9892 0.78667 1.4536 1.1619 1.0011 1.2018 1.0124 2.0037 1.7084 0.0 1.9478 2.2089 1.564 1.8825 1.9777 1.253 1.9054 2.2124 1.5879 1.3318 1.3541 1.1856 1.6465 1.5222 0.53326 0.98107 0.0 0.0 1.4954 1.3051 1.0699 1.1994 1.7778 1.3051 1.4954 1.0699 1.1994 1.7778 1.3051 1.4954
2.6327 1.795 1.8006 1.2197 1.4632 1.0519 1.3193 1.6435 1.6926 1.376 1.2085 1.7816 2.0701 1.2059 1.6621 1.3799 1.5333 0.96946 1.1811 1.539 1.0525 1.5114 1.9556 1.0961 1.3401 1.0484 1.3545 1.0882 1.6709 0.95209 1.3193 1.6388 0.0 1.1573 1.5754 2.451 2.0701 0.93645 1.9978 2.7779 1.5993 1.9002 1.3655 1.539 1.9999 1.5336 1.4577 1.3345 0.0 0.0 1.5068 1.1915 1.4233 1.5088 1.7582 1.1915 1.5068 1.4233 1.5088 1.7582 1.1915 1.5068
3.0275 2.1137 2.1193 2.2624 2.3319 1.3777 1.607 2.6863 1.9804 2.4187 2.2512 2.8244 2.9359 1.7257 2.2488 1.6676 2.5751 1.2572 1.7008 2.4452 0.55203 2.3801 2.2434 2.1388 1.8598 2.0911 2.3973 2.1309 2.7137 1.3858 1.607 2.6816 1.188 0.0 2.4442 2.9697 2.9359 1.9792 2.4776 3.1376 2.4681 2.475 2.2343 2.4452 2.3597 2.4024 2.5004 2.3772 0.0 0.0 2.3755 2.2343 2.0395 2.5515 2.077 2.2343 2.3755 2.0395 2.5515 2.077 2.2343 2.3755
2.8636 1.1908 1.1964 0.28653 0.82803 1.4798 1.7471 1.3364 2.1205 1.0688 0.9013 1.4745 1.435 1.6338 1.027 1.8077 1.0712 1.3973 1.6089 1.9609 1.4804 0.87619 2.3835 0.78893 1.7679 1.4762 1.7763 1.516 1.3638 1.3799 1.7471 1.3317 1.3241 1.5852 0.0 2.6818 1.435 0.62929 1.3627 3.0117 0.023895 2.131 0.73036 1.9609 2.4218 0.89848 1.1505 1.7563 0.0 0.0 0.87162 1.6193 1.8451 1.2016 1.154 1.6193 0.87162 1.8451 1.2016 1.154 1.6193 0.87162
0.56946 3.5167 3.5223 2.6124 3.1539 2.0387 1.4656 2.5512 1.4724 2.7687 2.6012 2.4684 3.6798 1.7427 3.2719 1.6216 2.926 1.8412 1.7178 1.1622 2.3173 3.2021 1.5454 2.4888 1.8768 1.5851 1.6072 1.8039 2.7175 2.5528 1.4656 1.8825 2.967 2.4221 3.2661 0.0 3.6798 2.6402 3.6075 0.90457 3.29 1.2009 3.0562 1.1622 0.96963 3.2244 2.2354 1.3272 0.0 0.0 3.1975 1.7282 1.3425 2.9015 3.4799 1.7282 3.1975 1.3425 2.9015 3.4799 1.7282 3.1975
3.1816 1.0229 1.0284 0.66856 0.43906 1.8618 2.1291 1.0144 2.5025 0.74684 0.57933 1.1525 0.0 2.0158 0.53202 2.1898 0.1862 1.7793 1.9909 2.3029 1.8624 0.48723 2.7655 1.171 2.1499 1.8582 2.1184 1.8981 0.71779 1.762 2.1291 1.2948 1.7061 1.9672 0.5513 2.9998 0.0 1.0113 0.86768 3.3297 0.57519 2.4491 1.1124 2.3029 2.7638 1.2805 0.95756 2.0984 0.0 0.0 0.48265 2.0014 2.1872 0.55565 0.98607 2.0014 0.48265 2.1872 0.55565 0.98607 2.0014 0.48265
2.9447 1.272 1.2776 0.36769 0.90919 1.5609 1.8283 0.79153 2.2016 0.52397 0.35646 0.92964 1.4351 1.715 1.0272 1.8889 0.68133 1.4785 1.6901 2.042 1.5615 0.95736 2.4646 0.24409 1.8491 1.5574 1.8575 1.5972 0.81892 1.4611 1.8283 1.0719 1.4053 1.6663 1.0214 2.763 1.4351 0.0 1.3628 3.0929 1.0453 2.2122 0.81152 2.042 2.5029 0.97964 0.73469 1.8375 0.0 0.0 0.95278 1.7005 1.9263 0.65678 1.2352 1.7005 0.95278 1.9263 0.65678 1.2352 1.7005 0.95278
3.1915 0.23076 0.23633 0.67846 0.44895 1.8717 2.139 1.0243 2.5124 0.75673 0.58922 1.1624 1.0559 2.0257 0.64791 2.1996 0.69209 1.7892 2.0008 2.3128 1.7913 0.49712 2.7754 1.1809 2.1598 1.8681 2.1283 1.908 1.0517 1.5929 2.139 1.3047 1.278 1.8961 0.56119 3.0097 1.0559 1.0212 0.0 3.3396 0.58509 2.459 0.35128 2.3128 2.7737 0.51941 0.96745 2.1083 0.0 0.0 0.49254 2.0113 2.1971 0.88955 0.19396 2.0113 0.49254 2.1971 0.88955 0.19396 2.0113 0.49254
0.45704 3.6113 3.6169 2.707 3.2485 2.0402 1.4671 2.6458 1.3599 2.8633 2.6958 2.5629 3.7744 1.8123 3.3665 1.6232 3.0206 1.8428 1.7874 1.2568 2.3188 3.2967 1.4329 2.5834 1.9464 1.6547 1.7018 1.8735 2.812 2.5544 1.4671 1.9771 2.9686 2.4236 3.3607 1.0853 3.7744 2.6417 3.7021 0.0 3.3846 1.2955 3.1508 1.2568 0.97121 3.3189 2.33 1.4218 0.0 0.0 3.2921 1.7978 1.3441 2.9961 3.5745 1.7978 3.2921 1.3441 2.9961 3.5745 1.7978 3.2921
2.8397 1.1669 1.1725 0.26263 0.80413 1.4559 1.7232 1.3125 2.0966 1.0449 0.8774 1.4506 1.4111 1.6099 1.0031 1.7838 1.0473 1.3734 1.585 1.937 1.4565 0.8523 2.3596 0.76504 1.744 1.4523 1.7524 1.4921 1.3399 1.356 1.7232 1.3078 1.3002 1.5613 0.91637 2.6579 1.4111 0.60539 1.3388 2.9878 0.0 2.1071 0.70646 1.937 2.3979 0.87459 1.1266 1.7324 0.0 0.0 0.84772 1.5955 1.8212 1.1777 1.1301 1.5955 0.84772 1.8212 1.1777 1.1301 1.5955 0.84772
0.9893 2.9616 2.9671 2.0573 2.5988 1.5065 1.4444 1.9961 1.6522 2.2135 2.046 1.9132 3.1247 1.1875 2.7167 1.6004 2.3709 1.82 1.1626 0.60704 2.1211 2.6469 1.7252 1.9337 1.3216 1.0299 1.0521 1.2488 2.1623 2.0207 1.4444 1.3274 2.5138 2.2259 2.711 0.80752 3.1247 2.108 3.0524 1.3244 2.7349 0.0 2.5011 0.60704 0.94848 2.6692 1.6803 0.77205 0.0 0.0 2.6423 1.1731 0.91586 2.3463 2.9248 1.1731 2.6423 0.91586 2.3463 2.9248 1.1731 2.6423
3.4131 0.86436 0.86993 0.90006 0.67055 2.0933 2.3606 1.2459 2.734 0.97833 0.81083 1.384 0.78149 2.2473 0.37352 2.4213 0.4177 2.0108 2.2224 2.5344 2.0939 0.71872 2.997 1.4025 2.3814 2.0897 2.3499 2.1296 0.94928 1.9935 2.3606 1.5263 1.9116 2.1987 0.7828 3.2313 0.78149 1.2428 0.70918 3.5612 0.80669 2.6806 0.0 2.5344 2.9953 0.16812 1.1891 2.3299 0.0 0.0 0.71414 2.2329 2.4187 0.78715 0.82756 2.2329 0.71414 2.4187 0.78715 0.82756 2.2329 0.71414
1.42 2.6668 2.6724 1.7625 2.304 1.1632 1.2111 1.7013 1.4189 1.9188 1.7513 1.6184 2.8299 0.84419 2.422 1.3671 2.0761 1.5867 0.81931 0.0 1.7778 2.3522 1.4919 1.6389 0.97831 0.6866 0.70874 0.90543 1.8675 1.6773 1.2111 1.0326 2.1705 1.8826 2.4162 1.3588 2.8299 1.7647 2.7576 1.5301 2.4401 0.64945 2.2063 0.0 0.80016 2.3744 1.3855 0.20455 0.0 0.0 2.3476 0.82975 0.57253 2.0516 2.63 0.82975 2.3476 0.57253 2.0516 2.63 0.82975 2.3476
0.73766 3.2059 3.2115 2.3016 2.8431 1.6349 1.0618 2.2404 1.0646 2.4579 2.2904 2.1576 3.369 1.4069 2.9611 1.2178 2.6152 1.4374 1.382 0.8514 1.9135 2.8913 1.1376 2.178 1.541 1.2493 1.2964 1.4681 2.4067 2.149 1.0618 1.5717 2.5632 2.0183 2.9553 0.67987 3.369 2.2364 3.2967 0.84777 2.9792 0.89012 2.7454 0.8514 0.0 2.9136 1.9246 1.0164 0.0 0.0 2.8867 1.3924 0.9387 2.5907 3.1691 1.3924 2.8867 0.9387 2.5907 3.1691 1.3924 2.8867
3.245 0.69624 0.70181 0.73194 0.50243 1.9252 2.1925 1.0778 2.5659 0.81021 0.6427 1.2159 0.61337 2.0792 0.20539 2.2531 0.24957 1.8427 2.0543 2.3663 1.9258 0.5506 2.8289 1.2343 2.2133 1.9216 2.1817 1.9614 0.78116 1.8253 2.1925 1.3582 1.7435 2.0306 0.61467 3.0632 0.61337 1.0747 0.54106 3.3931 0.63857 2.5124 0.81676 2.3663 2.8272 0.0 1.0209 2.1617 0.0 0.0 0.54602 2.0648 2.2505 0.61903 0.65944 2.0648 0.54602 2.2505 0.61903 0.65944 2.0648 0.54602
2.6043 2.1726 2.1782 1.2683 1.8098 1.4005 1.7999 1.2071 2.1242 1.4246 1.2571 1.3452 2.3357 1.4435 1.9277 1.8605 1.5819 1.8801 1.4187 1.7016 1.9631 1.8579 2.1972 1.1447 1.5777 1.286 1.5171 1.3258 1.6435 1.8627 1.7999 1.0724 1.8069 2.0679 1.922 2.4225 2.3357 1.149 2.2634 2.7524 1.9459 1.8718 1.7121 1.7016 2.1625 1.8802 0.0 1.4971 0.0 0.0 1.8534 1.4291 1.5859 1.5574 2.1358 1.4291 1.8534 1.5859 1.5574 2.1358 1.4291 1.8534
1.336 2.4622 2.4678 1.5579 2.0994 1.3282 1.3761 1.4968 1.5839 1.7142 1.5467 1.4139 2.6254 1.0092 2.2174 1.5321 1.8716 1.7517 0.98432 0.20455 1.9428 2.1476 1.6569 1.4343 1.1433 0.85161 0.87375 1.0704 1.663 1.8423 1.3761 0.82807 2.3355 2.0476 2.2117 1.1542 2.6254 1.8147 2.5531 1.4841 2.2356 0.60346 2.0018 0.20455 0.94617 2.1699 1.1809 0.0 0.0 0.0 2.143 0.99476 0.73754 1.847 2.4254 0.99476 2.143 0.73754 1.847 2.4254 0.99476 2.143
0.0 0.0 0.0 0.0 0.0 0.0 0.0 0.0 0.0 0.0 0.0 0.0 0.0 0.0 0.0 0.0 0.0 0.0 0.0 0.0 0.0 0.0 0.0 0.0 0.0 0.0 0.0 0.0 0.0 0.0 0.0 0.0 0.0 0.0 0.0 0.0 0.0 0.0 0.0 0.0 0.0 0.0 0.0 0.0 0.0 0.0 0.0 0.0 0.0 0.0 0.0 0.0 0.0 0.0 0.0 0.0 0.0 0.0 0.0 0.0 0.0 0.0
0.0 0.0 0.0 0.0 0.0 0.0 0.0 0.0 0.0 0.0 0.0 0.0 0.0 0.0 0.0 0.0 0.0 0.0 0.0 0.0 0.0 0.0 0.0 0.0 0.0 0.0 0.0 0.0 0.0 0.0 0.0 0.0 0.0 0.0 0.0 0.0 0.0 0.0 0.0 0.0 0.0 0.0 0.0 0.0 0.0 0.0 0.0 0.0 0.0 0.0 0.0 0.0 0.0 0.0 0.0 0.0 0.0 0.0 0.0 0.0 0.0 0.0
2.7429 1.3021 1.3077 0.89582 0.71832 1.8421 2.2264 0.57566 2.5078 0.3081 0.14059 0.71377 1.2193 1.8271 0.81128 2.302 0.46546 2.0066 1.8022 1.8642 2.0897 0.76649 2.5808 0.77222 1.9612 1.6695 1.6796 1.7093 0.60305 1.9892 2.2264 0.85605 1.9334 2.1945 0.83056 2.5611 1.2193 1.2386 1.1469 2.891 0.85445 2.0103 1.3397 1.8642 2.325 1.5078 0.51882 1.6596 0.0 0.0 0.0 1.8126 1.7484 0.44091 1.2653 1.8126 0.0 1.7484 0.44091 1.2653 1.8126 0.0
1.6831 2.7323 2.7379 1.828 2.3695 0.94327 0.54459 2.1709 0.82597 1.9843 1.8168 2.141 2.8954 0.66327 2.4875 0.77421 2.1417 0.99378 0.63839 1.0668 1.2219 2.4177 0.89896 1.7044 0.7974 0.71468 1.1548 0.93351 2.2792 1.4574 0.54459 1.5551 1.9506 1.3267 2.4818 1.6253 2.8954 1.5448 2.8231 1.7932 2.5056 1.0965 2.2718 1.0668 1.0152 2.44 1.855 1.1348 0.0 0.0 2.4131 0.0 0.6611 2.1171 2.6955 0.0 2.4131 0.6611 2.1171 2.6955 0.0 2.4131
1.4113 2.704 2.7096 1.7997 2.3412 0.954 0.80538 1.7386 1.0132 1.956 1.7885 1.6557 2.8672 0.635 2.4592 0.96142 2.1134 1.181 0.61012 0.57253 1.5351 2.3894 1.0862 1.6761 0.76913 0.47741 0.66055 0.69624 1.9048 1.4681 0.80538 1.0699 1.9613 1.6399 2.4535 1.3535 2.8672 1.5555 2.7949 1.5214 2.4774 0.76974 2.2436 0.57253 0.74345 2.4117 1.4227 0.64054 0.0 0.0 2.3848 0.62056 0.0 2.0888 2.6673 0.62056 2.3848 0.0 2.0888 2.6673 0.62056 2.3848
3.0144 1.9297 1.9353 1.5754 1.3459 2.4586 2.539 1.3102 2.8203 1.1827 1.4862 1.0183 1.8468 2.1396 1.4388 2.7686 1.093 2.6862 2.1148 2.1357 2.7692 1.394 2.8933 1.5068 2.2738 1.9821 1.9512 2.0219 0.59144 2.6688 2.539 1.1276 2.613 2.874 1.4581 2.8326 1.8468 1.9181 1.7745 3.1625 1.482 2.2819 2.0192 2.1357 2.5966 2.1873 1.2534 1.9312 0.0 0.0 1.3895 2.1252 2.02 0.0 1.8929 2.1252 1.3895 2.02 0.0 1.8929 2.1252 1.3895
3.0931 0.036798 1.0459 0.58006 0.35055 1.7733 2.0406 0.92589 2.414 0.65833 0.49083 1.064 0.95749 1.9273 0.54952 2.1013 0.5937 1.6908 1.9024 2.2144 1.7739 0.39872 2.677 1.0825 2.0614 1.7697 2.0299 1.8096 0.95329 1.6735 2.0406 1.2063 1.6176 1.8787 0.4628 2.9113 0.95749 0.92282 0.88518 3.2412 0.48669 2.3606 0.25289 2.2144 2.6753 0.42101 0.86905 2.0099 0.0 0.0 0.39414 1.9129 2.0987 0.79115 0.0 1.9129 0.39414 2.0987 0.79115 0.0 1.9129 0.39414
1.6831 2.7323 2.7379 1.828 2.3695 0.94327 0.54459 2.1709 0.82597 1.9843 1.8168 2.141 2.8954 0.66327 2.4875 0.77421 2.1417 0.99378 0.63839 1.0668 1.2219 2.4177 0.89896 1.7044 0.7974 0.71468 1.1548 0.93351 2.2792 1.4574 0.54459 1.5551 1.9506 1.3267 2.4818 1.6253 2.8954 1.5448 2.8231 1.7932 2.5056 1.0965 2.2718 1.0668 1.0152 2.44 1.855 1.1348 0.0 0.0 2.4131 0.0 0.6611 2.1171 2.6955 0.0 2.4131 0.6611 2.1171 2.6955 0.0 2.4131
2.7429 1.3021 1.3077 0.89582 0.71832 1.8421 2.2264 0.57566 2.5078 0.3081 0.14059 0.71377 1.2193 1.8271 0.81128 2.302 0.46546 2.0066 1.8022 1.8642 2.0897 0.76649 2.5808 0.77222 1.9612 1.6695 1.6796 1.7093 0.60305 1.9892 2.2264 0.85605 1.9334 2.1945 0.83056 2.5611 1.2193 1.2386 1.1469 2.891 0.85445 2.0103 1.3397 1.8642 2.325 1.5078 0.51882 1.6596 0.0 0.0 0.0 1.8126 1.7484 0.44091 1.2653 1.8126 0.0 1.7484 0.44091 1.2653 1.8126 0.0
1.4113 2.704 2.7096 1.7997 2.3412 0.954 0.80538 1.7386 1.0132 1.956 1.7885 1.6557 2.8672 0.635 2.4592 0.96142 2.1134 1.181 0.61012 0.57253 1.5351 2.3894 1.0862 1.6761 0.76913 0.47741 0.66055 0.69624 1.9048 1.4681 0.80538 1.0699 1.9613 1.6399 2.4535 1.3535 2.8672 1.5555 2.7949 1.5214 2.4774 0.76974 2.2436 0.57253 0.74345 2.4117 1.4227 0.64054 0.0 0.0 2.3848 0.62056 0.0 2.0888 2.6673 0.62056 2.3848 0.0 2.0888 2.6673 0.62056 2.3848
3.0144 1.9297 1.9353 1.5754 1.3459 2.4586 2.539 1.3102 2.8203 1.1827 1.4862 1.0183 1.8468 2.1396 1.4388 2.7686 1.093 2.6862 2.1148 2.1357 2.7692 1.394 2.8933 1.5068 2.2738 1.9821 1.9512 2.0219 0.59144 2.6688 2.539 1.1276 2.613 2.874 1.4581 2.8326 1.8468 1.9181 1.7745 3.1625 1.482 2.2819 2.0192 2.1357 2.5966 2.1873 1.2534 1.9312 0.0 0.0 1.3895 2.1252 2.02 0.0 1.8929 2.1252 1.3895 2.02 0.0 1.8929 2.1252 1.3895
3.0931 0.036798 1.0459 0.58006 0.35055 1.7733 2.0406 0.92589 2.414 0.65833 0.49083 1.064 0.95749 1.9273 0.54952 2.1013 0.5937 1.6908 1.9024 2.2144 1.7739 0.39872 2.677 1.0825 2.0614 1.7697 2.0299 1.8096 0.95329 1.6735 2.0406 1.2063 1.6176 1.8787 0.4628 2.9113 0.95749 0.92282 0.88518 3.2412 0.48669 2.3606 0.25289 2.2144 2.6753 0.42101 0.86905 2.0099 0.0 0.0 0.39414 1.9129 2.0987 0.79115 0.0 1.9129 0.39414 2.0987 0.79115 0.0 1.9129 0.39414
1.6831 2.7323 2.7379 1.828 2.3695 0.94327 0.54459 2.1709 0.82597 1.9843 1.8168 2.141 2.8954 0.66327 2.4875 0.77421 2.1417 0.99378 0.63839 1.0668 1.2219 2.4177 0.89896 1.7044 0.7974 0.71468 1.1548 0.93351 2.2792 1.4574 0.54459 1.5551 1.9506 1.3267 2.4818 1.6253 2.8954 1.5448 2.8231 1.7932 2.5056 1.0965 2.2718 1.0668 1.0152 2.44 1.855 1.1348 0.0 0.0 2.4131 0.0 0.6611 2.1171 2.6955 0.0 2.4131 0.6611 2.1171 2.6955 0.0 2.4131
2.7429 1.3021 1.3077 0.89582 0.71832 1.8421 2.2264 0.57566 2.5078 0.3081 0.14059 0.71377 1.2193 1.8271 0.81128 2.302 0.46546 2.0066 1.8022 1.8642 2.0897 0.76649 2.5808 0.77222 1.9612 1.6695 1.6796 1.7093 0.60305 1.9892 2.2264 0.85605 1.9334 2.1945 0.83056 2.5611 1.2193 1.2386 1.1469 2.891 0.85445 2.0103 1.3397 1.8642 2.325 1.5078 0.51882 1.6596 0.0 0.0 0.0 1.8126 1.7484 0.44091 1.2653 1.8126 0.0 1.7484 0.44091 1.2653 1.8126 0.0
