3 24 1 1 5 1 188
1 37.784021 -122.41195 0.5 1.0 0.0 188.0
2 37.783069 -122.4175 0.5 1.0 0.0 188.0
3 37.787103 -122.41027 0.5 1.0 0.0 188.0
4 37.784142 -122.41855 0.5 1.0 0.0 188.0
5 37.786419 -122.40821 0.5 1.0 0.0 188.0
6 37.787472 -122.40747 0.5 1.0 0.0 188.0
7 37.783573 -122.41422 0.5 1.0 0.0 188.0
8 37.783523 -122.41759 0.5 1.0 0.0 188.0
9 37.779288 -122.42001 0.5 1.0 0.0 188.0
10 37.786262 -122.40945 0.5 1.0 0.0 188.0
11 37.788187 -122.40926 0.5 1.0 0.0 188.0
12 37.784426 -122.41631 0.5 1.0 0.0 188.0
13 37.782866 -122.42101 0.5 1.0 0.0 188.0
14 37.778752 -122.41599 0.5 1.0 0.0 188.0
15 37.787788 -122.41887 0.5 1.0 0.0 188.0
16 37.787068 -122.41054 0.5 1.0 0.0 188.0
17 37.784152 -122.41847 0.5 1.0 0.0 188.0
18 37.786098 -122.41066 0.5 1.0 0.0 188.0
19 37.782141 -122.41918 0.5 1.0 0.0 188.0
20 37.785914 -122.41209 0.5 1.0 0.0 188.0
21 37.785824 -122.4128 0.5 1.0 0.0 188.0
22 37.785959 -122.41301 0.5 1.0 0.0 188.0
23 37.786736 -122.41309 0.5 1.0 0.0 188.0
24 37.778752 -122.41599 0.5 1.0 0.0 188.0
25 37.784034 -122.41185 0.5 -1.0 0.0 15.0
26 37.776913 -122.41786 0.5 -1.0 1.0 16.0
27 37.785733 -122.42109 0.5 -1.0 3.0 18.0
28 37.785639 -122.41969 0.5 -1.0 20.0 35.0
29 37.787634 -122.42111 0.5 -1.0 25.0 40.0
30 37.787472 -122.40747 0.5 -1.0 37.0 52.0
31 37.788122 -122.40977 0.5 -1.0 42.0 57.0
32 37.785949 -122.4118 0.5 -1.0 47.0 62.0
33 37.779288 -122.42001 0.5 -1.0 55.0 70.0
34 37.787244 -122.40918 0.5 -1.0 65.0 80.0
35 37.785663 -122.40668 0.5 -1.0 68.0 83.0
36 37.786913 -122.41995 0.5 -1.0 83.0 98.0
37 37.785988 -122.41809 0.5 -1.0 89.0 104.0
38 37.778752 -122.41599 0.5 -1.0 95.0 110.0
39 37.786486 -122.41144 0.5 -1.0 98.0 113.0
40 37.788273 -122.40859 0.5 -1.0 112.0 127.0
41 37.77865 -122.41485 0.5 -1.0 134.0 149.0
42 37.778879 -122.41504 0.5 -1.0 135.0 150.0
43 37.787211 -122.42001 0.5 -1.0 139.0 154.0
44 37.786614 -122.40662 0.5 -1.0 139.0 154.0
45 37.785864 -122.41249 0.5 -1.0 153.0 168.0
46 37.78448 -122.41588 0.5 -1.0 164.0 179.0
47 37.778581 -122.42004 0.5 -1.0 167.0 182.0
48 37.778752 -122.41599 0.5 -1.0 168.0 183.0
49 37.78846 -122.41016 0.0 0.0 0.0 188.0
50 37.78846 -122.41016 0.0 0.0 0.0 188.0
51 37.78846 -122.41016 0.0 0.0 0.0 188.0
52 37.786472 -122.40974 0.0 0.0 0.0 188.0
53 37.786549 -122.40715 0.0 0.0 0.0 188.0
54 37.780384 -122.41783 0.0 0.0 0.0 188.0
55 37.786549 -122.40715 0.0 0.0 0.0 188.0
56 37.78846 -122.41016 0.0 0.0 0.0 188.0
57 37.782269 -122.41818 0.0 0.0 0.0 188.0
58 37.786472 -122.40974 0.0 0.0 0.0 188.0
59 37.780384 -122.41783 0.0 0.0 0.0 188.0
60 37.786549 -122.40715 0.0 0.0 0.0 188.0
61 37.78846 -122.41016 0.0 0.0 0.0 188.0
62 37.782269 -122.41818 0.0 0.0 0.0 188.0
63 37.786472 -122.40974 0.0 0.0 0.0 188.0
49
50
51 52 53
54 55 56 57 58
59 60 61 62 63
8 8 8 8 8 8 8 8 8 8 8 8 8 8 8 8 8 8 8 8 8 8 8 8
3 3 3
3.5 3.5 3.5
3.5 3.5 3.5
0.7 0.7 0.7
0.055 0.055 0.055 0.055 0.055
0.0715
0.75 0.25
0.0 1.7265 1.272 1.6162 0.89646 1.8076 1.3067 1.7294 2.5463 0.70623 1.2075 1.2139 2.1287 1.9675 1.9509 1.3298 1.5998 0.61659 1.7964 1.0204 0.9523 0.99116 0.85257 1.9675 0.021171 2.1399 1.8042 1.586 2.0388 1.8076 1.0983 1.0829 2.5463 1.2343 1.2064 1.6977 1.7297 1.9675 0.60115 1.3521 1.5878 1.763 1.7727 1.1416 1.0201 1.169 2.4467 1.9675 0.0 0.0 1.6077 1.3253 1.0293 1.8518 1.0293 1.6077 1.715 1.3253 1.8518 1.0293 1.6077 1.715 1.3253
1.0281 0.0 1.8584 0.37158 1.4828 2.394 1.1881 0.12282 1.4786 1.2926 1.7938 0.68624 0.64712 1.2149 1.0733 1.9162 0.3552 1.203 0.53176 0.98077 0.91267 1.5775 1.4389 1.2149 1.0493 1.4423 0.92656 0.70833 1.1612 2.394 1.6846 1.0433 1.4786 1.8207 1.8687 0.82008 0.48511 1.2149 1.1875 1.9385 1.0502 1.0104 0.8951 1.728 0.98042 1.0904 1.3531 1.2149 0.0 0.0 2.1941 1.9116 1.6157 0.98064 1.6157 2.1941 0.86738 1.9116 0.98064 1.6157 2.1941 0.86738 1.9116
0.98603 1.7528 0.0 1.5315 1.1907 1.5569 1.402 1.7557 2.6856 1.0005 0.87574 1.1291 1.921 2.0828 1.6192 0.057861 1.5151 0.91087 1.8227 0.68867 0.62058 0.65944 0.52085 2.0828 1.0072 2.2792 1.4725 1.2542 1.7071 1.5569 0.76654 0.75122 2.6856 1.3736 1.5766 1.366 1.645 2.0828 0.89543 1.0204 1.7271 1.8783 1.441 1.4359 0.68833 1.2643 2.562 2.0828 0.0 0.0 1.276 0.99355 1.3236 1.9671 1.3236 1.276 1.7413 0.99355 1.9671 1.3236 1.276 1.7413 0.99355
1.465 1.1868 2.0452 0.0 1.6697 2.5809 1.675 0.6647 1.4425 1.4795 1.9807 0.87312 0.598 1.3842 1.2602 2.1031 0.89708 1.3898 0.52964 1.1676 1.0996 1.7644 1.6258 1.3842 1.4862 1.4401 0.77744 0.4665 1.0121 2.5809 1.8715 1.2302 1.4425 2.0076 2.0556 0.67096 0.67199 1.3842 1.3744 2.1254 1.4921 1.4522 0.74598 1.9149 1.1673 1.6323 1.317 1.3842 0.0 0.0 2.3809 2.0985 1.8025 0.97852 1.8025 2.3809 1.1753 2.0985 0.97852 1.8025 2.3809 1.1753 2.0985
1.3109 2.0777 0.49414 1.8564 0.0 1.0048 1.6789 2.0806 2.7174 0.62138 1.2006 1.454 2.2459 2.1387 1.9441 0.552 1.84 1.0467 2.1475 1.0135 0.94545 0.98432 0.84572 2.1387 1.3321 2.311 1.7973 1.5791 2.032 1.0048 1.0914 1.0761 2.7174 0.43149 0.47951 1.6909 1.9699 2.1387 1.0313 1.3453 1.759 1.9341 1.7659 0.33877 1.0132 1.5892 2.6179 2.1387 0.0 0.0 1.0508 0.54743 0.22643 2.0229 0.22643 1.0508 2.0662 0.54743 2.0229 0.22643 1.0508 2.0662 0.54743
1.2461 2.0129 0.42936 1.7916 0.74684 0.0 1.6621 2.0158 2.8816 0.55661 1.1358 1.3892 2.1811 2.3029 1.8793 0.48723 1.7752 1.171 2.0828 0.94877 0.88068 0.91954 0.78095 2.3029 1.2673 2.4753 1.7326 1.5143 1.9672 0.0 1.0266 1.0113 2.8816 0.36671 0.80873 1.6261 1.9051 2.3029 1.1555 1.2805 1.9232 2.0984 1.7011 0.668 0.94843 1.5244 2.7821 2.3029 0.0 0.0 0.98607 0.48265 0.55565 2.1872 0.55565 0.98607 2.0014 0.48265 2.1872 0.55565 0.98607 2.0014 0.48265
0.45756 1.1883 1.6008 0.96701 1.2253 2.1364 0.0 1.1913 2.1291 1.035 1.5363 0.56467 1.4885 1.5243 1.6167 1.6587 0.95063 0.94539 1.2582 0.7232 0.65511 1.32 1.1814 1.5243 0.47873 1.7507 1.47 1.2518 1.7046 2.1364 1.4271 0.78575 2.1291 1.5631 1.5872 1.3635 1.0805 1.5243 0.92996 1.6809 1.1986 1.3198 1.4385 1.4704 0.72286 0.51983 2.0035 1.5243 0.0 0.0 1.9365 1.6541 1.3581 1.4086 1.3581 1.9365 1.1768 1.6541 1.4086 1.3581 1.9365 1.1768 1.6541
1.2173 1.2491 1.7976 0.31078 1.422 2.3332 1.5583 0.0 1.6768 1.2318 1.733 0.62544 0.83231 1.5851 1.0125 1.8554 0.2944 1.1422 0.76396 0.91996 0.85187 1.5167 1.3781 1.5851 1.2385 1.6745 0.86576 0.64753 1.1004 2.3332 1.6238 0.98252 1.6768 1.7599 1.8079 0.75928 0.42431 1.5851 1.1267 1.8777 1.4204 1.3806 0.8343 1.6672 0.91962 1.4606 1.5513 1.5851 0.0 0.0 2.1333 1.8508 1.5549 1.2128 1.5549 2.1333 1.2376 1.8508 1.2128 1.5549 2.1333 1.2376 1.8508
1.8636 1.0204 2.6678 1.272 2.2923 3.2034 1.4606 1.0233 0.0 2.1021 2.6033 1.4957 0.60456 0.96079 1.8827 2.7257 1.2556 2.0124 0.73221 1.7902 1.7221 2.387 2.2484 0.96079 1.8847 1.0167 1.4 1.0891 1.6347 3.2034 2.4941 1.8528 0.0 2.6302 2.2021 1.2935 1.2946 0.96079 1.997 2.748 1.0687 1.0288 1.3685 2.5374 1.7899 1.9258 0.63456 0.96079 0.0 0.0 3.0035 2.7211 2.4251 0.55509 2.4251 3.0035 1.0088 2.7211 0.55509 2.4251 3.0035 1.0088 2.7211
1.2229 2.0007 0.62713 1.9483 0.2266 1.1378 1.5809 2.0036 2.6194 0.0 1.3336 1.546 2.3789 2.0407 2.0771 0.68499 1.932 0.94873 2.0705 1.1465 1.0784 1.1173 0.97871 2.0407 1.2441 2.213 1.9303 1.7121 2.165 1.1378 1.2244 1.2091 2.6194 0.56448 0.6125 1.8238 2.0619 2.0407 0.93329 1.4783 1.661 1.8361 1.8989 0.47177 1.1462 1.5012 2.5199 2.0407 0.0 0.0 1.1838 0.68042 0.35942 1.9249 0.35942 1.1838 1.9891 0.68042 1.9249 0.35942 1.1838 1.9891 0.68042
1.4542 2.221 0.63742 1.9996 0.95489 0.75805 1.8702 2.2239 3.0897 0.76466 0.0 1.5973 2.3892 2.511 2.0873 0.69528 1.9833 1.379 2.2908 1.1568 1.0887 1.1276 0.989 2.511 1.4754 2.6833 1.9406 1.7224 2.1753 0.75805 0.87569 1.2194 3.0897 0.57477 1.0168 1.8341 2.1132 2.511 1.3636 0.14468 2.1313 2.3064 1.9092 0.87605 1.1565 1.7325 2.9902 2.511 0.0 0.0 0.80412 0.6907 0.76371 2.3952 0.76371 0.80412 2.2094 0.6907 2.3952 0.76371 0.80412 2.2094 0.6907
1.3855 1.4173 1.9657 0.47895 1.5902 2.5014 1.7265 1.0672 1.845 1.4 1.9012 0.0 1.0005 1.7533 1.1807 2.0236 0.46258 1.3103 0.93214 1.0881 1.02 1.6849 1.5463 1.7533 1.4067 1.8426 1.0339 0.8157 1.2686 2.5014 1.792 1.1507 1.845 1.9281 1.9761 0.92745 0.59248 1.7533 1.2949 2.0459 1.5886 1.5487 1.0025 1.8354 1.0878 1.6288 1.7195 1.7533 0.0 0.0 2.3014 2.019 1.723 1.381 1.723 2.3014 1.4058 2.019 1.381 1.723 2.3014 1.4058 2.019
1.5483 1.015 2.1625 0.89172 1.787 2.6981 1.5033 0.64296 0.88979 1.5967 2.098 0.99038 0.0 1.1285 1.3774 2.2204 0.87534 1.5071 0.50791 1.2849 1.2168 1.8817 1.7431 1.1285 1.5694 1.1844 0.89471 0.58376 1.1294 2.6981 1.9888 1.3475 0.88979 2.1249 2.1729 0.78822 0.78925 1.1285 1.4917 2.2427 1.2363 1.1965 0.86324 2.0321 1.2846 1.6105 0.76426 1.1285 0.0 0.0 2.4982 2.2158 1.9198 0.72279 1.9198 2.4982 1.0035 2.2158 0.72279 1.9198 2.4982 1.0035 2.2158
1.6845 0.84128 2.2943 1.093 1.9188 2.8299 1.2815 0.84419 0.89002 1.7285 2.2298 1.4076 1.1375 0.0 1.7947 2.3522 1.0766 1.6389 0.91114 1.7021 1.634 2.0135 1.8749 0.0 1.7057 0.67564 1.6479 1.4297 1.8826 2.8299 2.1206 1.7647 0.89002 2.2566 1.7766 1.5415 1.2065 0.0 1.6235 2.3744 0.28214 0.20455 1.6165 2.1639 1.7018 1.7468 1.1675 0.0 0.0 0.0 2.63 2.3476 2.0516 0.57253 2.0516 2.63 0.82975 2.3476 0.57253 2.0516 2.63 0.82975 2.3476
1.6603 1.6921 2.0866 1.4208 1.865 2.7002 2.0013 1.172 1.9498 1.6748 2.022 1.0684 1.1053 1.8915 0.0 2.1444 1.4044 1.5852 1.037 1.363 1.2949 1.6757 1.8211 1.8915 1.6815 1.9475 0.65675 0.43852 0.2634 2.7002 1.9128 1.4255 1.9498 2.2029 2.2509 0.23571 0.8673 1.8915 1.5697 2.1667 1.8634 1.8235 0.15529 2.1102 1.3626 1.9036 1.8243 1.8915 0.0 0.0 1.8413 2.1398 1.9978 1.4858 1.9978 1.8413 1.6806 2.1398 1.4858 1.9978 1.8413 1.6806 2.1398
0.92817 1.695 0.88241 1.4736 1.1329 1.499 1.3442 1.6979 2.6277 0.94265 0.81787 1.0713 1.8632 2.0249 1.5613 0.0 1.4572 0.853 1.7648 0.63081 0.56272 0.60158 0.46299 2.0249 0.94934 2.2213 1.4146 1.1964 1.6493 1.499 0.70868 0.69336 2.6277 1.3158 1.5188 1.3081 1.5872 2.0249 0.83757 0.96255 1.6692 1.8204 1.3831 1.378 0.63047 1.2064 2.5042 2.0249 0.0 0.0 1.2181 0.93569 1.2657 1.9092 1.2657 1.2181 1.6834 0.93569 1.9092 1.2657 1.2181 1.6834 0.93569
1.4814 1.2032 2.0616 0.016376 1.6861 2.5972 1.6914 0.68107 1.4589 1.4959 1.9971 0.88949 0.61437 1.4006 1.2765 2.1195 0.0 1.4062 0.54602 1.184 1.1159 1.7808 1.6422 1.4006 1.5026 1.4565 0.79382 0.48288 1.0285 2.5972 1.8879 1.2466 1.4589 2.024 2.072 0.68733 0.68836 1.4006 1.3908 2.1418 1.5085 1.4686 0.76236 1.9313 1.1837 1.6487 1.3334 1.4006 0.0 0.0 2.3973 2.1149 1.8189 0.9949 1.8189 2.3973 1.1916 2.1149 0.9949 1.8189 2.3973 1.1916 2.1149
1.1872 1.965 0.84945 1.9127 0.44893 1.3601 1.5452 1.9679 2.5837 0.2587 1.5039 1.5103 2.3672 2.005 2.2474 0.90732 1.8963 0.0 2.0349 1.3169 1.2488 1.2876 1.149 2.005 1.2084 2.1774 2.1007 1.8824 2.3353 1.3601 1.3947 1.3794 2.5837 0.7868 0.83482 1.9942 2.0262 2.005 0.89762 1.6486 1.6253 1.8004 2.0692 0.69409 1.3165 1.4655 2.4842 2.005 0.0 0.0 1.4062 0.90274 0.58174 1.8893 0.58174 1.4062 1.9535 0.90274 1.8893 0.58174 1.4062 1.9535 0.90274
1.9062 1.197 2.5204 1.2496 2.1449 3.0561 1.6852 1.0009 1.0717 1.9547 2.4559 1.3483 0.45718 1.3104 1.7354 2.5783 1.2333 1.865 0.0 1.6428 1.5747 2.2396 2.101 1.3104 1.9274 1.3663 1.2526 0.94169 1.4873 3.0561 2.3467 1.7054 1.0717 2.4828 2.5308 1.1461 1.1472 1.3104 1.8496 2.6006 1.4183 1.3784 1.2212 2.3901 1.6425 1.9685 0.94618 1.3104 0.0 0.0 2.8561 2.5737 2.2777 0.90471 2.2777 2.8561 1.1854 2.5737 0.90471 2.2777 2.8561 1.1854 2.5737
1.0078 1.7746 0.96205 1.5533 0.58652 1.4977 1.4238 1.7775 2.7073 0.39629 0.89752 1.1509 1.9428 2.1046 1.641 1.0199 1.5369 0.30665 1.8444 0.0 0.64236 0.68122 0.54263 2.1046 1.029 2.301 1.4942 1.276 1.7289 1.4977 0.78832 0.062551 2.7073 0.92439 0.97241 1.3878 1.6668 2.1046 0.29121 1.0422 1.7489 1.9 1.4628 0.83168 0.71011 1.2861 2.5838 2.1046 0.0 0.0 1.2977 1.0153 0.71934 1.9888 0.71934 1.2977 1.7631 1.0153 1.9888 0.71934 1.2977 1.7631 1.0153
1.0754 1.8422 1.0296 1.6209 0.65411 1.5653 1.4914 1.8451 2.7749 0.46388 0.96511 1.2185 2.0104 2.1722 1.7086 1.0875 1.6045 0.37424 1.912 0.15204 0.0 0.74881 0.61022 2.1722 1.0966 2.3685 1.5618 1.3436 1.7965 1.5653 0.85591 0.21459 2.7749 0.99199 1.04 1.4554 1.7344 2.1722 0.3588 1.1098 1.8165 1.9676 1.5304 0.89927 0.067752 1.3537 2.6514 2.1722 0.0 0.0 1.3653 1.0829 0.78693 2.0564 0.78693 1.3653 1.8307 1.0829 2.0564 0.78693 1.3653 1.8307 1.0829
0.44641 1.2822 1.0266 1.1719 0.65112 1.5623 0.8624 1.2851 2.1459 0.46089 0.96211 0.76952 1.6844 1.5432 1.7056 1.0845 1.1555 0.37124 1.352 0.14905 0.080956 0.0 0.60723 1.5432 0.46758 1.7396 1.5588 1.3406 1.7935 1.5623 0.85292 0.2116 2.1459 0.98899 1.037 1.4524 1.2854 1.5432 0.35581 1.1068 1.1875 1.3386 1.5274 0.89628 0.14871 0.72468 2.0224 1.5432 0.0 0.0 1.3623 1.0799 0.78393 1.4274 0.78393 1.3623 1.2707 1.0799 1.4274 0.78393 1.3623 1.2707 1.0799
0.54918 1.316 1.1294 1.0946 0.75389 1.665 0.96518 1.3189 2.2487 0.56366 1.0649 0.69229 1.4842 1.646 1.1823 1.1873 1.0783 0.47402 1.3858 0.25182 0.18373 0.22259 0.0 1.646 0.57035 1.8423 1.0356 0.81739 1.2703 1.665 0.9557 0.31437 2.2487 1.0918 1.1398 0.92913 1.2082 1.646 0.45858 1.2096 1.2903 1.4414 1.0042 0.99905 0.25148 0.82745 2.1252 1.646 0.0 0.0 1.4651 1.1827 0.88671 1.5302 0.88671 1.4651 1.3044 1.1827 1.5302 0.88671 1.4651 1.3044 1.1827
1.6845 0.84128 2.2943 1.093 1.9188 2.8299 1.2815 0.84419 0.89002 1.7285 2.2298 1.4076 1.1375 0.0 1.7947 2.3522 1.0766 1.6389 0.91114 1.7021 1.634 2.0135 1.8749 0.0 1.7057 0.67564 1.6479 1.4297 1.8826 2.8299 2.1206 1.7647 0.89002 2.2566 1.7766 1.5415 1.2065 0.0 1.6235 2.3744 0.28214 0.20455 1.6165 2.1639 1.7018 1.7468 1.1675 0.0 0.0 0.0 2.63 2.3476 2.0516 0.57253 2.0516 2.63 0.82975 2.3476 0.57253 2.0516 2.63 0.82975 2.3476
0.86958 1.7054 1.2508 1.595 0.87529 1.7864 1.2856 1.7083 2.5251 0.68506 1.1863 1.1927 2.1076 1.9464 1.9297 1.3087 1.5787 0.59541 1.7752 0.99922 0.93113 0.96999 0.8314 1.9464 0.0 2.1187 1.783 1.5648 2.0177 1.7864 1.0771 1.0618 2.5251 1.2132 1.1852 1.6765 1.7086 1.9464 0.57998 1.331 1.5667 1.7418 1.7516 1.1204 0.99888 1.1478 2.4256 1.9464 0.0 0.0 1.5865 1.3041 1.0081 1.8306 1.0081 1.5865 1.6938 1.3041 1.8306 1.0081 1.5865 1.6938 1.3041
1.9596 1.1584 2.5629 1.4101 2.1873 3.0985 1.5566 1.1613 1.0121 1.9971 2.4983 1.7247 1.3446 0.58085 2.1118 2.6207 1.3937 1.9075 1.2283 2.0193 1.9512 2.282 2.1434 0.58085 1.9808 0.0 1.9651 1.7468 2.1997 3.0985 2.3891 2.0818 1.0121 2.5252 2.0452 1.8586 1.5236 0.58085 1.892 2.643 0.5507 0.74586 1.9336 2.4325 2.0189 2.0219 1.3746 0.58085 0.0 0.0 2.8986 2.6161 2.3202 0.88966 2.3202 2.8986 1.1469 2.6161 0.88966 2.3202 2.8986 1.1469 2.6161
1.8658 1.8976 2.305 1.6262 2.0705 2.9217 2.2068 1.3775 2.1553 1.8803 2.2405 1.2739 1.3108 2.097 1.155 2.3629 1.6099 1.7906 1.2424 1.5684 1.5003 1.8812 2.0266 2.097 1.887 2.1529 0.0 0.644 0.78888 2.9217 2.1313 1.631 2.1553 2.4084 2.4564 0.44775 1.0728 2.097 1.7752 2.3852 2.0689 2.029 0.52277 2.3157 1.5681 2.1091 2.0298 2.097 0.0 0.0 2.2217 2.3583 2.2033 1.6913 2.2033 2.2217 1.886 2.3583 1.6913 2.2033 2.2217 1.886 2.3583
1.2688 1.3006 1.849 1.0292 1.4735 2.3846 1.6098 0.78047 1.5583 1.2833 1.7845 0.67689 0.71376 1.5 0.95864 1.9069 1.0128 1.1936 0.64541 0.97141 0.90332 1.5682 1.4296 1.5 1.2899 1.5559 0.35792 0.0 0.59257 2.3846 1.6753 1.034 1.5583 1.8114 1.8594 0.25143 0.47575 1.5 1.1782 1.9292 1.4719 1.432 0.32646 1.7186 0.97107 1.512 1.4328 1.5 0.0 0.0 2.1704 1.9023 1.6063 1.0943 1.6063 2.1704 1.289 1.9023 1.0943 1.6063 2.1704 1.289 1.9023
2.214 2.2458 2.3222 1.9745 2.4187 2.9359 2.555 1.7257 2.5035 2.2285 2.2577 1.6221 1.659 2.4452 1.5032 2.3801 1.9581 2.1388 1.5907 1.9167 1.8486 2.0074 2.3748 2.4452 2.2352 2.5012 1.2105 0.99222 0.0 2.9359 2.1485 1.9792 2.5035 2.7556 2.8046 0.7894 1.421 2.4452 2.1234 2.4024 2.4171 2.3772 0.70899 2.6639 1.9163 2.4573 2.378 2.4452 0.0 0.0 2.077 2.3755 2.5515 2.0395 2.5515 2.077 2.2343 2.3755 2.0395 2.5515 2.077 2.2343 2.3755
1.2461 2.0129 0.42936 1.7916 0.74684 0.0 1.6621 2.0158 2.8816 0.55661 1.1358 1.3892 2.1811 2.3029 1.8793 0.48723 1.7752 1.171 2.0828 0.94877 0.88068 0.91954 0.78095 2.3029 1.2673 2.4753 1.7326 1.5143 1.9672 0.0 1.0266 1.0113 2.8816 0.36671 0.80873 1.6261 1.9051 2.3029 1.1555 1.2805 1.9232 2.0984 1.7011 0.668 0.94843 1.5244 2.7821 2.3029 0.0 0.0 0.98607 0.48265 0.55565 2.1872 0.55565 0.98607 2.0014 0.48265 2.1872 0.55565 0.98607 2.0014 0.48265
1.5634 2.3302 0.74661 2.1088 1.0641 0.86724 1.9794 2.3331 3.1989 0.87385 0.10919 1.7065 2.4984 2.6202 2.1965 0.80447 2.0924 1.4882 2.4 1.266 1.1979 1.2368 1.0982 2.6202 1.5845 2.7925 2.0498 1.8316 2.2845 0.86724 0.0 1.3286 3.1989 0.68396 1.126 1.9433 2.2224 2.6202 1.4728 0.25387 2.2405 2.4156 2.0183 0.98524 1.2657 1.8416 3.0994 2.6202 0.0 0.0 0.91331 0.79989 0.8729 2.5044 0.8729 0.91331 2.3186 0.79989 2.5044 0.8729 0.91331 2.3186 0.79989
0.94526 1.712 0.89949 1.4907 0.52397 1.4351 1.3613 1.715 2.6448 0.33374 0.83496 1.0884 1.8802 2.042 1.5784 0.95736 1.4743 0.24409 1.7819 0.6479 0.57981 0.61867 0.48008 2.042 0.96643 2.2384 1.4317 1.2135 1.6663 1.4351 0.72577 0.0 2.6448 0.86184 0.90986 1.3252 1.6042 2.042 0.22866 0.97964 1.6863 1.8375 1.4002 0.76913 0.64756 1.2235 2.5212 2.042 0.0 0.0 1.2352 0.95278 0.65678 1.9263 0.65678 1.2352 1.7005 0.95278 1.9263 0.65678 1.2352 1.7005 0.95278
1.8636 1.0204 2.6678 1.272 2.2923 3.2034 1.4606 1.0233 0.0 2.1021 2.6033 1.4957 0.60456 0.96079 1.8827 2.7257 1.2556 2.0124 0.73221 1.7902 1.7221 2.387 2.2484 0.96079 1.8847 1.0167 1.4 1.0891 1.6347 3.2034 2.4941 1.8528 0.0 2.6302 2.2021 1.2935 1.2946 0.96079 1.997 2.748 1.0687 1.0288 1.3685 2.5374 1.7899 1.9258 0.63456 0.96079 0.0 0.0 3.0035 2.7211 2.4251 0.55509 2.4251 3.0035 1.0088 2.7211 0.55509 2.4251 3.0035 1.0088 2.7211
1.0478 1.8146 0.23102 1.5932 0.54849 1.4596 1.4638 1.8175 2.6833 0.35826 0.93748 1.1909 1.9828 2.1046 1.6809 0.28888 1.5769 0.97261 1.8844 0.75042 0.68233 0.72119 0.5826 2.1046 1.069 2.2769 1.5342 1.316 1.7689 1.4596 0.82829 0.81297 2.6833 0.0 0.93438 1.4277 1.7068 2.1046 0.95718 1.0822 1.7249 1.9 1.5028 0.79365 0.75008 1.326 2.5838 2.1046 0.0 0.0 1.3377 0.2843 0.6813 1.9888 0.6813 1.3377 1.803 0.2843 1.9888 0.6813 1.3377 1.803 0.2843
1.3519 2.1297 0.90712 2.0773 0.75359 1.4177 1.7099 2.1326 2.7484 1.0344 1.6136 1.675 2.5319 2.1697 2.357 0.96498 2.061 1.0777 2.1995 1.4265 1.3584 1.3973 1.2587 2.1697 1.3731 2.342 2.2103 1.9921 2.445 1.4177 1.5044 1.4891 2.7484 0.84447 0.0 2.1038 2.1909 2.1697 1.0623 1.7583 1.79 1.9651 2.1789 0.75175 1.4262 1.6302 2.6489 2.1697 0.0 0.0 1.4638 0.9604 0.63941 2.0539 0.63941 1.4638 2.1181 0.9604 2.0539 0.63941 1.4638 2.1181 0.9604
1.4732 1.505 1.9125 1.2337 1.6779 2.5291 1.8142 0.98492 1.7628 1.4877 1.8479 0.88134 0.91822 1.7045 0.76239 1.9703 1.2173 1.3981 0.84987 1.1759 1.1078 1.4886 1.634 1.7045 1.4944 1.7604 0.46967 0.25143 0.38975 2.5291 1.7387 1.2384 1.7628 2.0158 2.0638 0.0 0.68021 1.7045 1.3826 1.9926 1.6763 1.6365 0.080415 1.9231 1.1755 1.7165 1.6372 1.7045 0.0 0.0 1.9676 1.9658 1.8108 1.2987 1.8108 1.9676 1.4935 1.9658 1.2987 1.8108 1.9676 1.4935 1.9658
1.5033 1.5351 1.7966 1.2638 1.708 2.4132 1.8443 1.015 1.7928 1.5178 1.732 0.91144 0.94832 1.7345 0.64649 1.8544 1.2474 1.4282 0.87997 1.206 1.1379 1.3727 1.6641 1.7345 1.5245 1.7905 0.49976 0.28153 0.73441 2.4132 1.6228 1.2685 1.7928 2.0459 2.0939 0.39328 0.0 1.7345 1.4127 1.8767 1.7064 1.6666 0.4683 1.9532 1.2056 1.7466 1.6673 1.7345 0.0 0.0 1.9113 1.8498 1.8409 1.3288 1.8409 1.9113 1.5236 1.8498 1.3288 1.8409 1.9113 1.5236 1.8498
1.6845 0.84128 2.2943 1.093 1.9188 2.8299 1.2815 0.84419 0.89002 1.7285 2.2298 1.4076 1.1375 0.0 1.7947 2.3522 1.0766 1.6389 0.91114 1.7021 1.634 2.0135 1.8749 0.0 1.7057 0.67564 1.6479 1.4297 1.8826 2.8299 2.1206 1.7647 0.89002 2.2566 1.7766 1.5415 1.2065 0.0 1.6235 2.3744 0.28214 0.20455 1.6165 2.1639 1.7018 1.7468 1.1675 0.0 0.0 0.0 2.63 2.3476 2.0516 0.57253 2.0516 2.63 0.82975 2.3476 0.57253 2.0516 2.63 0.82975 2.3476
0.83789 1.6047 0.79213 1.3833 1.0426 1.4088 1.2539 1.6076 2.5374 0.85237 0.7276 0.981 1.7729 1.9347 1.4711 0.84999 1.367 0.76273 1.6745 0.54053 0.47244 0.5113 0.37271 1.9347 0.85906 2.131 1.3243 1.1061 1.559 1.4088 0.6184 0.60308 2.5374 1.2255 1.4285 1.2178 1.4969 1.9347 0.0 0.87228 1.579 1.7301 1.2929 1.2878 0.54019 1.1162 2.4139 1.9347 0.0 0.0 1.1278 0.84541 1.1754 1.8189 1.1754 1.1278 1.5931 0.84541 1.8189 1.1754 1.1278 1.5931 0.84541
1.3095 2.0763 0.49274 1.855 0.81021 0.61337 1.7255 2.0792 2.945 0.61998 0.84021 1.4526 2.2445 2.3663 1.9427 0.5506 1.8386 1.2343 2.1461 1.0121 0.94405 0.98291 0.84432 2.3663 1.3307 2.5386 1.7959 1.5777 2.0306 0.61337 0.73101 1.0747 2.945 0.43009 0.87211 1.6895 1.9685 2.3663 1.2189 0.0 1.9866 2.1617 1.7645 0.73137 1.0118 1.5878 2.8455 2.3663 0.0 0.0 0.65944 0.54602 0.61903 2.2505 0.61903 0.65944 2.0648 0.54602 2.2505 0.61903 0.65944 2.0648 0.54602
1.4644 1.1021 2.0676 1.3538 1.6921 2.6032 1.0614 1.105 1.0139 1.5018 2.0031 1.5715 1.3463 0.52458 2.0555 2.1255 1.3374 1.4122 1.172 1.73 1.6619 1.7868 1.6482 0.52458 1.4855 0.6075 1.9088 1.6906 2.1434 2.6032 1.8939 1.7925 1.0139 2.0299 1.5499 1.8023 1.4673 0.52458 1.3968 2.1477 0.0 0.68959 1.8773 1.9372 1.7297 1.5266 1.3763 0.52458 0.0 0.0 2.4033 2.1209 1.8249 0.83339 1.8249 2.4033 1.0906 2.1209 0.83339 1.8249 2.4033 1.0906 2.1209
1.4865 1.0063 2.0897 1.258 1.7142 2.6254 1.0835 1.0092 1.036 1.524 2.0252 1.5726 1.3025 0.20455 1.9597 2.1476 1.2416 1.4343 1.0761 1.7521 1.6841 1.8089 1.6703 0.20455 1.5077 0.62965 1.8129 1.5947 2.0476 2.6254 1.916 1.8147 1.036 2.0521 1.5721 1.7065 1.3715 0.20455 1.4189 2.1699 0.077587 0.0 1.7815 1.9594 1.7518 1.5488 1.3325 0.20455 0.0 0.0 2.4254 2.143 1.847 0.73754 1.847 2.4254 0.99476 2.143 0.73754 1.847 2.4254 0.99476 2.143
1.5483 1.58 1.9875 1.3087 1.753 2.6041 1.8892 1.0599 1.8378 1.5627 1.923 0.95637 0.99324 1.7795 0.83742 2.0454 1.2923 1.4731 0.92489 1.2509 1.1828 1.5637 1.7091 1.7795 1.5694 1.8354 0.54469 0.32646 0.30934 2.6041 1.8138 1.3134 1.8378 2.0908 2.1389 0.080415 0.75524 1.7795 1.4577 2.0676 1.7513 1.7115 0.0 1.9981 1.2506 1.7915 1.7122 1.7795 0.0 0.0 1.8872 2.0408 1.8858 1.3738 1.8858 1.8872 1.5685 2.0408 1.3738 1.8858 1.8872 1.5685 2.0408
1.6686 2.0244 1.2238 2.2761 1.0703 1.7345 1.6046 2.0273 2.6021 1.3511 1.9303 1.9917 2.4266 2.0234 2.6738 1.2817 2.2597 1.3944 2.0942 1.7432 1.6752 1.714 1.5754 2.0234 1.6898 2.1957 2.527 2.3088 2.7617 1.7345 1.8211 1.8058 2.6021 1.1612 0.38815 2.4206 2.3896 2.0234 1.379 2.075 1.6437 1.8188 2.4956 0.0 1.7429 1.9469 2.5026 2.0234 0.0 0.0 1.7805 1.2771 0.95613 1.9076 0.95613 1.7805 2.0129 1.2771 1.9076 0.95613 1.7805 2.0129 1.2771
1.0076 1.7744 0.96189 1.5531 0.58636 1.4975 1.4236 1.7773 2.7072 0.39613 0.89735 1.1508 1.9426 2.1044 1.6408 1.0197 1.5367 0.30648 1.8443 0.084289 0.6422 0.68106 0.54247 2.1044 1.0288 2.3008 1.4941 1.2759 1.7287 1.4975 0.78816 0.14684 2.7072 0.92423 0.97225 1.3876 1.6666 2.1044 0.29105 1.042 1.7487 1.8999 1.4626 0.83152 0.0 1.2859 2.5836 2.1044 0.0 0.0 1.2976 1.0152 0.71917 1.9887 0.71917 1.2976 1.7629 1.0152 1.9887 0.71917 1.2976 1.7629 1.0152
0.86385 0.71463 1.9801 0.4933 1.6046 2.5157 1.0238 0.71754 1.6554 1.4143 1.9156 0.090959 1.0148 1.0506 1.195 2.0379 0.47692 1.3247 0.78449 1.1025 1.0344 1.6993 1.5607 1.0506 0.88502 1.438 1.0483 0.83005 1.2829 2.5157 1.8064 1.165 1.6554 1.9424 1.9654 0.9418 0.60683 1.0506 1.3092 2.0602 0.88592 0.84608 1.0168 1.8497 1.1021 0.0 1.5298 1.0506 0.0 0.0 2.3158 2.0334 1.7374 0.93488 1.7374 2.3158 0.7031 2.0334 0.93488 1.7374 2.3158 0.7031 2.0334
1.9918 1.1485 2.796 1.4002 2.4205 3.3316 1.5887 1.1514 0.40027 2.2302 2.7315 1.6239 0.73274 0.73397 2.0109 2.8538 1.3838 2.1406 0.86039 1.9184 1.8503 2.5152 2.3766 0.73397 2.0129 0.71189 1.5282 1.2172 1.7628 3.3316 2.6223 1.9809 0.40027 2.7583 2.3303 1.4217 1.4227 0.73397 2.1252 2.8761 0.93883 0.89898 1.4967 2.6656 1.9181 2.054 0.0 0.73397 0.0 0.0 3.1317 2.8493 2.5533 0.68327 2.5533 3.1317 1.137 2.8493 0.68327 2.5533 3.1317 1.137 2.8493
1.6845 0.84128 2.2943 1.093 1.9188 2.8299 1.2815 0.84419 0.89002 1.7285 2.2298 1.4076 1.1375 0.0 1.7947 2.3522 1.0766 1.6389 0.91114 1.7021 1.634 2.0135 1.8749 0.0 1.7057 0.67564 1.6479 1.4297 1.8826 2.8299 2.1206 1.7647 0.89002 2.2566 1.7766 1.5415 1.2065 0.0 1.6235 2.3744 0.28214 0.20455 1.6165 2.1639 1.7018 1.7468 1.1675 0.0 0.0 0.0 2.63 2.3476 2.0516 0.57253 2.0516 2.63 0.82975 2.3476 0.57253 2.0516 2.63 0.82975 2.3476
0.0 0.0 0.0 0.0 0.0 0.0 0.0 0.0 0.0 0.0 0.0 0.0 0.0 0.0 0.0 0.0 0.0 0.0 0.0 0.0 0.0 0.0 0.0 0.0 0.0 0.0 0.0 0.0 0.0 0.0 0.0 0.0 0.0 0.0 0.0 0.0 0.0 0.0 0.0 0.0 0.0 0.0 0.0 0.0 0.0 0.0 0.0 0.0 0.0 0.0 0.0 0.0 0.0 0.0 0.0 0.0 0.0 0.0 0.0 0.0 0.0 0.0 0.0
0.0 0.0 0.0 0.0 0.0 0.0 0.0 0.0 0.0 0.0 0.0 0.0 0.0 0.0 0.0 0.0 0.0 0.0 0.0 0.0 0.0 0.0 0.0 0.0 0.0 0.0 0.0 0.0 0.0 0.0 0.0 0.0 0.0 0.0 0.0 0.0 0.0 0.0 0.0 0.0 0.0 0.0 0.0 0.0 0.0 0.0 0.0 0.0 0.0 0.0 0.0 0.0 0.0 0.0 0.0 0.0 0.0 0.0 0.0 0.0 0.0 0.0 0.0
1.1576 1.9244 0.34086 1.7031 0.65833 0.95749 1.5736 1.9273 2.7931 0.4681 0.27633 1.3007 2.0926 2.2144 1.7908 0.39872 1.6867 1.0825 1.9943 0.86026 0.79217 0.83104 0.69244 2.2144 1.1788 2.3868 1.6441 1.4258 1.8787 0.95749 0.16714 0.92282 2.7931 0.77421 1.0442 1.5376 1.8166 2.2144 1.067 0.42101 1.8347 2.0099 1.6126 0.90349 0.85992 1.4359 2.6936 2.2144 0.0 0.0 0.0 0.39414 0.79115 2.0987 0.79115 0.0 1.9129 0.39414 2.0987 0.79115 0.0 1.9129 0.39414
1.0464 1.8242 0.70862 1.7718 0.3081 1.2193 1.4044 1.8271 2.4429 0.11787 1.3631 1.3695 2.2264 1.8642 2.1066 0.76649 1.7555 0.77222 1.894 1.176 1.1079 1.1468 1.0082 1.8642 1.0676 2.0365 1.9598 1.7416 2.1945 1.2193 1.2539 1.2386 2.4429 0.64597 0.69399 1.8533 1.8854 1.8642 0.75679 1.5078 1.4845 1.6596 1.9284 0.55326 1.1757 1.3247 2.3434 1.8642 0.0 0.0 1.2653 0.0 0.44091 1.7484 0.44091 1.2653 1.8126 0.0 1.7484 0.44091 1.2653 1.8126 0.0
1.781 2.1367 1.3362 2.3884 1.1827 1.8468 1.7169 2.1396 2.7145 1.4634 2.0427 2.1041 2.5389 2.1357 2.7861 1.394 2.372 1.5068 2.2066 1.8556 1.7875 1.8264 1.6878 2.1357 1.8021 2.3081 2.6394 2.4212 2.874 1.8468 1.9335 1.9181 2.7145 1.2735 0.50049 2.5329 2.5019 2.1357 1.4914 2.1873 1.756 1.9312 2.6079 0.11234 1.8553 2.0592 2.6149 2.1357 0.0 0.0 1.8929 1.3895 0.0 2.02 0.0 1.8929 2.1252 1.3895 2.02 0.0 1.8929 2.1252 1.3895
1.4753 0.63209 2.3315 0.88376 1.956 2.8672 1.0723 0.635 0.88732 1.7658 2.267 1.1984 0.73179 0.57253 1.5855 2.3894 0.86739 1.6761 0.52544 1.493 1.4249 2.0507 1.9121 0.57253 1.4965 0.79594 1.4052 1.0943 1.6399 2.8672 2.1578 1.5555 0.88732 2.2939 1.8139 1.2987 0.99729 0.57253 1.6607 2.4117 0.68039 0.64054 1.3738 2.2012 1.4926 1.5376 0.76178 0.57253 0.0 0.0 2.6673 2.3848 2.0888 0.0 2.0888 2.6673 0.62056 2.3848 0.0 2.0888 2.6673 0.62056 2.3848
1.781 2.1367 1.3362 2.3884 1.1827 1.8468 1.7169 2.1396 2.7145 1.4634 2.0427 2.1041 2.5389 2.1357 2.7861 1.394 2.372 1.5068 2.2066 1.8556 1.7875 1.8264 1.6878 2.1357 1.8021 2.3081 2.6394 2.4212 2.874 1.8468 1.9335 1.9181 2.7145 1.2735 0.50049 2.5329 2.5019 2.1357 1.4914 2.1873 1.756 1.9312 2.6079 0.11234 1.8553 2.0592 2.6149 2.1357 0.0 0.0 1.8929 1.3895 0.0 2.02 0.0 1.8929 2.1252 1.3895 2.02 0.0 1.8929 2.1252 1.3895
1.1576 1.9244 0.34086 1.7031 0.65833 0.95749 1.5736 1.9273 2.7931 0.4681 0.27633 1.3007 2.0926 2.2144 1.7908 0.39872 1.6867 1.0825 1.9943 0.86026 0.79217 0.83104 0.69244 2.2144 1.1788 2.3868 1.6441 1.4258 1.8787 0.95749 0.16714 0.92282 2.7931 0.77421 1.0442 1.5376 1.8166 2.2144 1.067 0.42101 1.8347 2.0099 1.6126 0.90349 0.85992 1.4359 2.6936 2.2144 0.0 0.0 0.0 0.39414 0.79115 2.0987 0.79115 0.0 1.9129 0.39414 2.0987 0.79115 0.0 1.9129 0.39414
1.5686 0.86936 2.3598 0.91203 1.9843 2.8954 1.3576 0.66327 1.1591 1.7941 2.2953 1.1877 0.54457 1.0668 1.5747 2.4177 0.89566 1.7044 0.21222 1.4822 1.4141 2.079 1.9404 1.0668 1.5898 1.1227 1.092 0.78108 1.3267 2.8954 2.1861 1.5448 1.1591 2.3222 2.2991 0.98553 0.98656 1.0668 1.689 2.44 1.1747 1.1348 1.0606 2.2295 1.4819 1.6309 1.0336 1.0668 0.0 0.0 2.6955 2.4131 2.1171 0.6611 2.1171 2.6955 0.0 2.4131 0.6611 2.1171 2.6955 0.0 2.4131
1.0464 1.8242 0.70862 1.7718 0.3081 1.2193 1.4044 1.8271 2.4429 0.11787 1.3631 1.3695 2.2264 1.8642 2.1066 0.76649 1.7555 0.77222 1.894 1.176 1.1079 1.1468 1.0082 1.8642 1.0676 2.0365 1.9598 1.7416 2.1945 1.2193 1.2539 1.2386 2.4429 0.64597 0.69399 1.8533 1.8854 1.8642 0.75679 1.5078 1.4845 1.6596 1.9284 0.55326 1.1757 1.3247 2.3434 1.8642 0.0 0.0 1.2653 0.0 0.44091 1.7484 0.44091 1.2653 1.8126 0.0 1.7484 0.44091 1.2653 1.8126 0.0
1.4753 0.63209 2.3315 0.88376 1.956 2.8672 1.0723 0.635 0.88732 1.7658 2.267 1.1984 0.73179 0.57253 1.5855 2.3894 0.86739 1.6761 0.52544 1.493 1.4249 2.0507 1.9121 0.57253 1.4965 0.79594 1.4052 1.0943 1.6399 2.8672 2.1578 1.5555 0.88732 2.2939 1.8139 1.2987 0.99729 0.57253 1.6607 2.4117 0.68039 0.64054 1.3738 2.2012 1.4926 1.5376 0.76178 0.57253 0.0 0.0 2.6673 2.3848 2.0888 0.0 2.0888 2.6673 0.62056 2.3848 0.0 2.0888 2.6673 0.62056 2.3848
1.781 2.1367 1.3362 2.3884 1.1827 1.8468 1.7169 2.1396 2.7145 1.4634 2.0427 2.1041 2.5389 2.1357 2.7861 1.394 2.372 1.5068 2.2066 1.8556 1.7875 1.8264 1.6878 2.1357 1.8021 2.3081 2.6394 2.4212 2.874 1.8468 1.9335 1.9181 2.7145 1.2735 0.50049 2.5329 2.5019 2.1357 1.4914 2.1873 1.756 1.9312 2.6079 0.11234 1.8553 2.0592 2.6149 2.1357 0.0 0.0 1.8929 1.3895 0.0 2.02 0.0 1.8929 2.1252 1.3895 2.02 0.0 1.8929 2.1252 1.3895
1.1576 1.9244 0.34086 1.7031 0.65833 0.95749 1.5736 1.9273 2.7931 0.4681 0.27633 1.3007 2.0926 2.2144 1.7908 0.39872 1.6867 1.0825 1.9943 0.86026 0.79217 0.83104 0.69244 2.2144 1.1788 2.3868 1.6441 1.4258 1.8787 0.95749 0.16714 0.92282 2.7931 0.77421 1.0442 1.5376 1.8166 2.2144 1.067 0.42101 1.8347 2.0099 1.6126 0.90349 0.85992 1.4359 2.6936 2.2144 0.0 0.0 0.0 0.39414 0.79115 2.0987 0.79115 0.0 1.9129 0.39414 2.0987 0.79115 0.0 1.9129 0.39414
1.5686 0.86936 2.3598 0.91203 1.9843 2.8954 1.3576 0.66327 1.1591 1.7941 2.2953 1.1877 0.54457 1.0668 1.5747 2.4177 0.89566 1.7044 0.21222 1.4822 1.4141 2.079 1.9404 1.0668 1.5898 1.1227 1.092 0.78108 1.3267 2.8954 2.1861 1.5448 1.1591 2.3222 2.2991 0.98553 0.98656 1.0668 1.689 2.44 1.1747 1.1348 1.0606 2.2295 1.4819 1.6309 1.0336 1.0668 0.0 0.0 2.6955 2.4131 2.1171 0.6611 2.1171 2.6955 0.0 2.4131 0.6611 2.1171 2.6955 0.0 2.4131
1.0464 1.8242 0.70862 1.7718 0.3081 1.2193 1.4044 1.8271 2.4429 0.11787 1.3631 1.3695 2.2264 1.8642 2.1066 0.76649 1.7555 0.77222 1.894 1.176 1.1079 1.1468 1.0082 1.8642 1.0676 2.0365 1.9598 1.7416 2.1945 1.2193 1.2539 1.2386 2.4429 0.64597 0.69399 1.8533 1.8854 1.8642 0.75679 1.5078 1.4845 1.6596 1.9284 0.55326 1.1757 1.3247 2.3434 1.8642 0.0 0.0 1.2653 0.0 0.44091 1.7484 0.44091 1.2653 1.8126 0.0 1.7484 0.44091 1.2653 1.8126 0.0
