3 30 1 1 5 1 237
1 37.780766 -122.4149 0.5 1.0 0.0 237.0
2 37.776836 -122.41969 0.5 1.0 0.0 237.0
3 37.78377 -122.41932 0.5 1.0 0.0 237.0
4 37.773626 -122.42134 0.5 1.0 0.0 237.0
5 37.776738 -122.42128 0.5 1.0 0.0 237.0
6 37.786254 -122.41982 0.5 1.0 0.0 237.0
7 37.786988 -122.41116 0.5 1.0 0.0 237.0
8 37.787028 -122.41085 0.5 1.0 0.0 237.0
9 37.782242 -122.41035 0.5 1.0 0.0 237.0
10 37.785828 -122.41806 0.5 1.0 0.0 237.0
11 37.787472 -122.40747 0.5 1.0 0.0 237.0
12 37.786612 -122.40664 0.5 1.0 0.0 237.0
13 37.787472 -122.40747 0.5 1.0 0.0 237.0
14 37.784142 -122.41855 0.5 1.0 0.0 237.0
15 37.786299 -122.40917 0.5 1.0 0.0 237.0
16 37.787472 -122.40747 0.5 1.0 0.0 237.0
17 37.787472 -122.40747 0.5 1.0 0.0 237.0
18 37.779288 -122.42001 0.5 1.0 0.0 237.0
19 37.788928 -122.40856 0.5 1.0 0.0 237.0
20 37.787356 -122.40834 0.5 1.0 0.0 237.0
21 37.780365 -122.41526 0.5 1.0 0.0 237.0
22 37.784426 -122.41631 0.5 1.0 0.0 237.0
23 37.786101 -122.41063 0.5 1.0 0.0 237.0
24 37.788318 -122.42023 0.5 1.0 0.0 237.0
25 37.787374 -122.41554 0.5 1.0 0.0 237.0
26 37.787068 -122.41054 0.5 1.0 0.0 237.0
27 37.784152 -122.41847 0.5 1.0 0.0 237.0
28 37.786098 -122.41066 0.5 1.0 0.0 237.0
29 37.785914 -122.41209 0.5 1.0 0.0 237.0
30 37.785999 -122.41302 0.5 1.0 0.0 237.0
31 37.786021 -122.42138 0.5 -1.0 0.0 15.0
32 37.778239 -122.41991 0.5 -1.0 5.0 20.0
33 37.78681 -122.41993 0.5 -1.0 10.0 25.0
34 37.77602 -122.42231 0.5 -1.0 21.0 36.0
35 37.783423 -122.41664 0.5 -1.0 29.0 44.0
36 37.786254 -122.41982 0.5 -1.0 45.0 60.0
37 37.78569 -122.4197 0.5 -1.0 45.0 60.0
38 37.78662 -122.40658 0.5 -1.0 53.0 68.0
39 37.782915 -122.41408 0.5 -1.0 53.0 68.0
40 37.78883 -122.41864 0.5 -1.0 61.0 76.0
41 37.787472 -122.40747 0.5 -1.0 74.0 89.0
42 37.784476 -122.41591 0.5 -1.0 85.0 100.0
43 37.787472 -122.40747 0.5 -1.0 90.0 105.0
44 37.785639 -122.41969 0.5 -1.0 93.0 108.0
45 37.78703 -122.41084 0.5 -1.0 104.0 119.0
46 37.787472 -122.40747 0.5 -1.0 110.0 125.0
47 37.787472 -122.40747 0.5 -1.0 116.0 131.0
48 37.779288 -122.42001 0.5 -1.0 128.0 143.0
49 37.789051 -122.41008 0.5 -1.0 133.0 148.0
50 37.787016 -122.41095 0.5 -1.0 148.0 163.0
51 37.776474 -122.41802 0.5 -1.0 149.0 164.0
52 37.786913 -122.41995 0.5 -1.0 156.0 171.0
53 37.788809 -122.40853 0.5 -1.0 164.0 179.0
54 37.777366 -122.41979 0.5 -1.0 171.0 186.0
55 37.783693 -122.41256 0.5 -1.0 176.0 191.0
56 37.788273 -122.40859 0.5 -1.0 185.0 200.0
57 37.77865 -122.41485 0.5 -1.0 207.0 222.0
58 37.778879 -122.41504 0.5 -1.0 208.0 223.0
59 37.786614 -122.40662 0.5 -1.0 212.0 227.0
60 37.784477 -122.4159 0.5 -1.0 217.0 232.0
61 37.786472 -122.40974 0.0 0.0 0.0 237.0
62 37.786472 -122.40974 0.0 0.0 0.0 237.0
63 37.786472 -122.40974 0.0 0.0 0.0 237.0
64 37.786549 -122.40715 0.0 0.0 0.0 237.0
65 37.780384 -122.41783 0.0 0.0 0.0 237.0
66 37.780384 -122.41783 0.0 0.0 0.0 237.0
67 37.786549 -122.40715 0.0 0.0 0.0 237.0
68 37.78846 -122.41016 0.0 0.0 0.0 237.0
69 37.782269 -122.41818 0.0 0.0 0.0 237.0
70 37.786472 -122.40974 0.0 0.0 0.0 237.0
71 37.780384 -122.41783 0.0 0.0 0.0 237.0
72 37.786549 -122.40715 0.0 0.0 0.0 237.0
73 37.78846 -122.41016 0.0 0.0 0.0 237.0
74 37.782269 -122.41818 0.0 0.0 0.0 237.0
75 37.786472 -122.40974 0.0 0.0 0.0 237.0
61
62
63 64 65
66 67 68 69 70
71 72 73 74 75
8 8 8 8 8 8 8 8 8 8 8 8 8 8 8 8 8 8 8 8 8 8 8 8 8 8 8 8 8 8
3 3 3
3.5 3.5 3.5
3.5 3.5 3.5
0.7 0.7 0.7
0.055 0.055 0.055 0.055 0.055
0.0715
0.75 0.25
0.0 1.1068 1.0489 1.4141 1.6662 1.3404 2.2341 2.1668 0.7012 1.0474 2.5777 1.9089 2.5777 0.97718 1.499 2.5777 2.5777 1.1772 2.1697 1.8239 0.18582 1.2918 1.3928 1.662 1.728 2.0999 0.9608 1.3866 1.4514 1.7504 1.3952 0.88385 1.7568 1.6704 0.86254 1.3404 1.3002 1.9217 0.60462 1.5616 2.5777 1.2539 2.5777 1.3139 2.164 2.5777 2.5777 1.1772 2.5054 2.1879 1.4125 1.4257 2.1377 1.0334 1.1092 2.1222 0.4078 0.36796 1.9117 1.252 0.0 0.0 2.0953 1.7993 0.45676 0.45676 1.7993 2.3777 0.71398 2.0953 0.45676 1.7993 2.3777 0.71398 2.0953
1.2233 0.0 1.3291 0.60426 0.73236 1.5866 3.0202 2.9529 1.4873 1.6296 3.3637 2.695 3.3637 1.6503 2.2851 3.3637 3.3637 0.6504 2.9558 2.61 1.225 1.874 2.1788 1.9082 2.3102 2.886 1.634 2.1727 2.1685 2.5365 1.3563 0.39469 1.718 0.88198 1.5357 1.5866 1.4811 2.7078 1.6437 2.1437 3.3637 2.2929 3.3637 1.4674 2.9501 3.3637 3.3637 0.6504 3.2914 2.9739 0.44369 1.6718 2.9238 0.56054 2.1483 2.9083 0.81596 1.0111 2.6978 2.2911 0.0 0.0 2.8814 2.5854 0.9334 0.9334 2.5854 3.1638 1.3871 2.8814 0.9334 2.5854 3.1638 1.3871 2.8814
1.0689 1.2066 0.0 1.6729 1.801 0.4816 2.1332 2.0659 1.5939 0.52461 2.4768 1.808 2.4768 0.71394 1.3981 2.4768 2.4768 1.277 2.0688 1.723 1.0706 0.76903 1.2919 0.80321 1.2052 1.999 0.69756 1.2858 1.0636 1.6495 0.64435 0.98362 1.006 1.7702 0.5993 0.4816 0.37618 1.8208 1.2973 1.0387 2.4768 1.4385 2.4768 0.36241 2.0631 2.4768 2.4768 1.277 2.4045 2.087 1.5123 0.56687 2.0368 1.1331 1.2843 2.0213 1.2926 1.2527 1.8108 1.4367 0.0 0.0 1.9944 1.6984 0.77901 0.77901 1.6984 2.2769 0.97574 1.9944 0.77901 1.6984 2.2769 0.97574 1.9944
1.4941 0.73277 1.6679 0.0 0.49913 1.9253 3.2659 3.1986 1.7331 1.9683 3.6095 2.9407 3.6095 1.9211 2.5309 3.6095 3.6095 0.98917 3.2015 2.8557 1.4957 2.2128 2.4246 2.2469 2.6489 3.1318 1.9047 2.4185 2.5073 2.7822 1.6951 0.73346 2.0567 0.64875 1.8065 1.9253 1.8199 2.9536 1.8895 2.4825 3.6095 2.5387 3.6095 1.8061 3.1958 3.6095 3.6095 0.98917 3.5372 3.2197 0.78246 2.0106 3.1695 0.89931 2.394 3.154 1.0617 1.2569 2.9435 2.5369 0.0 0.0 3.1272 2.8312 1.2722 1.2722 2.8312 3.4096 1.6579 3.1272 1.2722 2.8312 3.4096 1.6579 3.1272
1.3456 0.71829 1.4514 1.0906 0.0 1.7089 3.3605 3.2932 1.8796 1.7519 3.704 3.0353 3.704 1.7726 2.6254 3.704 3.704 0.7887 3.2961 2.9502 1.3473 1.9963 2.5191 2.0305 2.4325 3.2263 1.7563 2.513 2.2908 2.8768 1.4786 0.4953 1.8403 0.60388 1.658 1.7089 1.6034 3.0481 1.783 2.266 3.704 2.4322 3.704 1.5897 3.2903 3.704 3.704 0.7887 3.6317 3.3142 1.024 1.7941 3.2641 0.64483 2.2876 3.2486 1.3273 1.2874 3.038 2.4304 0.0 0.0 3.2217 2.9257 1.0557 1.0557 2.9257 3.5041 1.5094 3.2217 1.0557 2.9257 3.5041 1.5094 3.2217
1.3674 1.6071 0.4816 2.0733 2.2014 0.0 2.1603 2.093 1.7764 0.55165 2.5038 1.835 2.5038 1.1484 1.4252 2.5038 2.5038 1.6775 2.0959 1.75 1.3691 0.79607 1.3189 0.36934 0.88933 2.0261 1.132 1.3128 1.0906 1.5556 0.35539 1.3841 0.71705 2.1707 1.0338 0.0 0.1524 1.8479 1.5508 0.72288 2.5038 1.637 2.5038 0.16617 2.0901 2.5038 2.5038 1.6775 2.4315 2.114 1.9128 0.133 2.0638 1.5336 1.3114 2.0483 1.591 1.5512 1.8378 1.6352 0.0 0.0 2.0215 1.7255 1.2135 1.2135 1.7255 2.052 1.4082 2.0215 1.2135 1.7255 2.052 1.4082 2.0215
1.4855 2.2371 1.3776 2.5413 2.7935 1.0887 0.0 0.87296 1.1824 1.4097 1.3648 1.2411 1.3648 1.3394 0.83117 1.3648 1.3648 2.4935 0.95686 1.001 1.5041 0.93708 0.72492 1.4103 1.4763 0.80607 1.323 0.71881 0.49661 0.45656 1.2514 2.2021 1.6131 2.8007 1.6978 1.0887 1.0484 1.2539 1.0318 1.3098 1.3648 1.078 1.3648 1.0622 0.87014 1.3648 1.3648 2.4935 1.2925 0.89404 2.5428 1.1739 0.92485 2.3516 0.71736 0.82836 1.535 1.6862 1.2438 1.0762 0.0 0.0 0.80149 1.1315 1.775 1.775 1.1315 1.0839 1.5492 0.80149 1.775 1.1315 1.0839 1.5492 0.80149
1.5528 2.3044 1.4449 2.6087 2.8608 1.156 0.067309 0.0 1.2497 1.477 1.4321 1.3084 1.4321 1.4067 0.89848 1.4321 1.4321 2.5608 1.0242 1.0684 1.5714 1.0044 0.79223 1.4776 1.5436 0.87338 1.3904 0.78611 0.56392 0.52387 1.3187 2.2694 1.6804 2.868 1.7651 1.156 1.1157 1.3212 1.0991 1.3771 1.4321 1.1453 1.4321 1.1295 0.93745 1.4321 1.4321 2.5608 1.3598 0.021079 2.6101 1.2412 0.99216 2.4189 0.78467 0.89566 1.6024 1.7535 1.3111 1.1435 0.0 0.0 0.8688 1.1988 1.8423 1.8423 1.1988 1.1512 1.6165 0.8688 1.8423 1.1988 1.1512 1.6165 0.8688
1.1097 1.8613 1.5774 2.1656 2.4177 1.7199 1.5715 1.5042 0.0 1.5759 1.9151 1.2463 1.9151 1.5057 0.83641 1.9151 1.9151 2.1177 1.5071 1.1613 1.1283 1.3213 0.73015 2.0415 2.1075 1.4373 1.4893 0.72404 1.1278 1.0878 1.8826 1.8263 2.2443 2.4249 1.391 1.7199 1.6796 1.2591 0.65602 1.941 1.9151 1.2823 1.9151 1.6934 1.5014 1.9151 1.9151 2.1177 1.8428 1.5253 2.167 1.8052 1.4751 1.9759 0.9216 1.4596 1.1593 1.3104 1.2491 1.2804 0.0 0.0 1.4327 1.1367 1.3992 1.3992 1.1367 1.7151 1.2425 1.4327 1.3992 1.1367 1.7151 1.2425 1.4327
1.5261 1.7657 0.64026 2.232 2.3601 0.3513 2.0319 1.9646 1.935 0.0 2.4565 1.9937 2.4565 1.3071 1.5838 2.4565 2.4565 1.8361 2.0485 1.9087 1.5277 0.95473 1.4776 0.67291 0.7389 1.8977 1.2907 1.4715 1.2493 1.4052 0.51405 1.5427 0.87571 2.3293 1.1924 0.3513 0.31106 2.0065 1.7094 0.57245 2.4565 1.7957 2.4565 0.32482 1.9618 2.4565 2.4565 1.8361 2.3552 1.9857 2.0714 0.43657 2.0165 1.6923 1.47 1.92 1.7497 1.7098 1.9965 1.7939 0.0 0.0 1.8931 1.8841 1.3721 1.3721 1.8841 1.9546 1.5669 1.8931 1.3721 1.8841 1.9546 1.5669 1.8931
1.8977 2.6252 1.8298 2.9295 3.1816 1.5408 0.62142 0.55412 1.2185 1.8618 0.0 0.66521 0.0 1.7916 0.57933 0.0 0.0 2.8816 0.53202 0.1862 1.9162 1.3892 1.1771 1.8624 1.9284 0.48723 1.7752 1.171 0.94877 0.90872 1.7036 2.6143 2.0652 3.1888 2.1499 1.5408 1.5006 0.67803 1.4839 1.762 0.0 1.5302 0.0 1.5143 0.5513 0.0 0.0 2.8816 0.86768 0.57519 2.9309 1.6261 0.50001 2.7638 1.1695 1.2805 1.9232 2.0984 0.668 1.5284 0.0 0.0 0.48265 0.55565 2.1872 2.1872 0.55565 0.98607 2.0014 0.48265 2.1872 0.55565 0.98607 2.0014 0.48265
1.6209 2.3485 2.3506 2.6528 2.9049 2.3381 1.4187 1.3514 0.94179 2.3491 1.7373 0.0 1.7373 2.2788 1.3766 1.7373 1.7373 2.6049 1.3293 0.98347 1.6395 1.9945 1.4033 2.6597 2.7257 1.2845 2.2625 1.3972 1.746 1.706 2.5008 2.3375 2.8625 2.9121 2.1642 2.3381 2.2978 0.012822 1.4292 2.5592 1.7373 1.9554 1.7373 2.3116 1.3486 1.7373 1.7373 2.6049 1.665 1.3725 2.6542 2.4233 1.2973 2.4871 1.5948 2.0778 1.6465 1.8216 0.0027877 1.9536 0.0 0.0 1.2799 0.95892 1.9104 1.9104 0.95892 1.7833 2.0156 1.2799 1.9104 0.95892 1.7833 2.0156 1.2799
1.8977 2.6252 1.8298 2.9295 3.1816 1.5408 0.62142 0.55412 1.2185 1.8618 0.0 0.66521 0.0 1.7916 0.57933 0.0 0.0 2.8816 0.53202 0.1862 1.9162 1.3892 1.1771 1.8624 1.9284 0.48723 1.7752 1.171 0.94877 0.90872 1.7036 2.6143 2.0652 3.1888 2.1499 1.5408 1.5006 0.67803 1.4839 1.762 0.0 1.5302 0.0 1.5143 0.5513 0.0 0.0 2.8816 0.86768 0.57519 2.9309 1.6261 0.50001 2.7638 1.1695 1.2805 1.9232 2.0984 0.668 1.5284 0.0 0.0 0.48265 0.55565 2.1872 2.1872 0.55565 0.98607 2.0014 0.48265 2.1872 0.55565 0.98607 2.0014 0.48265
1.2685 1.3721 0.24665 1.8384 1.9665 0.58569 2.2373 2.17 1.7934 0.6287 2.5809 1.9121 2.5809 0.0 1.5022 2.5809 2.5809 1.4425 2.1729 1.8271 1.2701 0.87312 1.396 0.90729 1.3093 2.1031 0.89708 1.3898 1.1676 1.7536 0.74844 1.1491 1.1101 1.9357 0.79882 0.58569 0.48027 1.9249 1.4968 1.1428 2.5809 1.6381 2.5809 0.4665 2.1672 2.5809 2.5809 1.4425 2.5086 2.1911 1.6778 0.67096 2.1409 1.2987 1.3884 2.1254 1.4921 1.4522 1.9149 1.6362 0.0 0.0 2.0985 1.8025 0.97852 0.97852 1.8025 2.3809 1.1753 2.0985 0.97852 1.8025 2.3809 1.1753 2.0985
1.6141 2.3417 2.0062 2.6459 2.898 1.7172 0.79785 0.73054 0.93495 1.9972 1.1164 0.44763 1.1164 1.927 0.0 1.1164 1.1164 2.5981 0.70844 0.36262 1.6326 1.5247 0.9335 2.0388 2.1048 0.66365 1.9106 0.92739 1.1252 1.0851 1.88 2.3307 2.2416 2.9053 2.1164 1.7172 1.677 0.46045 1.3814 1.9384 1.1164 1.4856 1.1164 1.6908 0.72772 1.1164 1.1164 2.5981 1.0441 0.75162 2.6474 1.8025 0.67643 2.4802 1.1249 1.4569 1.6396 1.8148 0.45042 1.4838 0.0 0.0 0.65907 0.33808 1.9036 1.9036 0.33808 1.1625 1.9678 0.65907 1.9036 0.33808 1.1625 1.9678 0.65907
1.8977 2.6252 1.8298 2.9295 3.1816 1.5408 0.62142 0.55412 1.2185 1.8618 0.0 0.66521 0.0 1.7916 0.57933 0.0 0.0 2.8816 0.53202 0.1862 1.9162 1.3892 1.1771 1.8624 1.9284 0.48723 1.7752 1.171 0.94877 0.90872 1.7036 2.6143 2.0652 3.1888 2.1499 1.5408 1.5006 0.67803 1.4839 1.762 0.0 1.5302 0.0 1.5143 0.5513 0.0 0.0 2.8816 0.86768 0.57519 2.9309 1.6261 0.50001 2.7638 1.1695 1.2805 1.9232 2.0984 0.668 1.5284 0.0 0.0 0.48265 0.55565 2.1872 2.1872 0.55565 0.98607 2.0014 0.48265 2.1872 0.55565 0.98607 2.0014 0.48265
1.8977 2.6252 1.8298 2.9295 3.1816 1.5408 0.62142 0.55412 1.2185 1.8618 0.0 0.66521 0.0 1.7916 0.57933 0.0 0.0 2.8816 0.53202 0.1862 1.9162 1.3892 1.1771 1.8624 1.9284 0.48723 1.7752 1.171 0.94877 0.90872 1.7036 2.6143 2.0652 3.1888 2.1499 1.5408 1.5006 0.67803 1.4839 1.762 0.0 1.5302 0.0 1.5143 0.5513 0.0 0.0 2.8816 0.86768 0.57519 2.9309 1.6261 0.50001 2.7638 1.1695 1.2805 1.9232 2.0984 0.668 1.5284 0.0 0.0 0.48265 0.55565 2.1872 2.1872 0.55565 0.98607 2.0014 0.48265 2.1872 0.55565 0.98607 2.0014 0.48265
0.84502 0.68969 0.95078 1.1559 1.2841 1.2083 2.8599 2.7926 1.379 1.2513 3.2034 2.5347 3.2034 1.272 2.1248 3.2034 3.2034 0.0 2.7955 2.4496 0.84667 1.4957 2.0185 1.5299 1.9319 2.7257 1.2556 2.0124 1.7902 2.3762 0.978 0.4667 1.3397 1.2533 1.1574 1.2083 1.1028 2.5475 1.2824 1.7654 3.2034 1.9316 3.2034 1.0891 2.7897 3.2034 3.2034 0.0 3.1311 2.8136 0.99538 1.2935 2.7635 0.61623 1.787 2.748 1.0687 1.0288 2.5374 1.9298 0.0 0.0 2.7211 2.4251 0.55509 0.55509 2.4251 3.0035 1.0088 2.7211 0.55509 2.4251 3.0035 1.0088 2.7211
2.0987 2.8263 2.0308 3.1305 3.3827 1.7419 0.82247 0.75516 1.4196 2.0629 0.75104 0.86625 0.75104 1.9926 0.78037 0.75104 0.75104 3.0827 0.0 0.38724 2.1173 1.5903 1.3781 2.0635 1.8394 0.68827 1.9762 1.372 1.1498 1.1098 1.9046 2.8153 2.2663 3.3899 2.351 1.7419 1.7016 0.87907 1.685 1.8969 0.75104 1.7312 0.75104 1.7154 0.75234 0.75104 0.75104 3.0827 0.37966 0.77624 3.132 1.8271 0.032008 2.9648 1.3706 0.82349 2.1242 2.2994 0.86904 1.7294 0.0 0.0 0.68369 0.7567 2.3882 2.3882 0.7567 0.49805 2.2024 0.68369 2.3882 0.7567 0.49805 2.2024 0.68369
1.8798 2.6074 1.8119 2.9117 3.1638 1.523 0.60359 0.53628 1.2007 1.844 1.6402 0.97137 1.6402 1.7737 0.56149 1.6402 1.6402 2.8638 1.2322 0.0 1.8984 1.3714 1.1592 1.8446 1.9106 0.46939 1.7574 1.1531 0.93093 0.89088 1.6857 2.5964 2.0474 3.171 2.1321 1.523 1.4827 0.9842 1.4661 1.7441 1.6402 1.5123 1.6402 1.4965 0.53346 1.6402 1.6402 2.8638 1.5678 0.55736 2.9131 1.6082 1.2002 2.7459 1.1517 1.2627 1.9054 2.0805 0.97416 1.5105 0.0 0.0 0.46481 0.86182 2.1693 2.1693 0.86182 1.5182 1.9835 0.46481 2.1693 0.86182 1.5182 1.9835 0.46481
0.84527 1.0439 1.344 1.3482 1.6003 1.6355 2.5461 2.4788 1.0132 1.3425 2.8897 2.2209 2.8897 1.2723 1.811 2.8897 2.8897 1.3003 2.4817 2.1359 0.0 1.5869 1.7048 1.9571 2.0231 2.4119 1.2559 1.6987 1.8815 2.0624 1.6903 1.0446 2.0519 1.6075 1.1576 1.6355 1.5953 2.2337 1.1696 1.8567 2.8897 1.8189 2.8897 1.609 2.476 2.8897 2.8897 1.3003 2.8174 2.4999 1.3496 1.7208 2.4497 1.2105 1.6742 2.4342 0.3419 0.30206 2.2237 1.8171 0.0 0.0 2.4073 2.1114 0.75186 0.75186 2.1114 2.6898 1.0091 2.4073 0.75186 2.1114 2.6898 1.0091 2.4073
1.3649 1.7746 0.64914 2.2409 2.369 0.84219 2.1578 2.0905 1.7739 0.54919 2.5014 1.8326 2.5014 0.47895 1.4227 2.5014 2.5014 1.845 2.0934 1.7476 1.3666 0.0 1.3164 1.1638 1.2298 2.0236 0.46258 1.3103 1.0881 1.6741 1.0049 1.5516 1.3666 2.3382 1.2013 0.84219 0.80194 1.8454 1.5483 1.0633 2.5014 1.6346 2.5014 0.8157 2.0877 2.5014 2.5014 1.845 2.4291 2.1116 2.0803 0.92745 2.0614 1.7012 1.3089 2.0459 1.5886 1.5487 1.8354 1.6327 0.0 0.0 2.019 1.723 1.381 1.381 1.723 2.3014 1.4058 2.019 1.381 1.723 2.3014 1.4058 2.019
1.5936 2.3212 2.0767 2.6255 2.8776 1.9028 1.0354 0.96809 0.9145 1.9768 1.354 0.68519 1.354 1.9066 0.27531 1.354 1.354 2.5776 0.946 0.60018 1.6122 1.5042 0.0 2.2244 2.2904 0.9012 1.8902 0.90694 1.3107 1.2707 2.0655 2.3102 2.4272 2.8848 2.0959 1.9028 1.8625 0.69801 1.3609 2.1239 1.354 1.4652 1.354 1.8763 0.96528 1.354 1.354 2.5776 1.2817 0.98917 2.6269 1.9881 0.91399 2.4598 1.1045 1.6425 1.6192 1.7943 0.68798 1.4633 0.0 0.0 0.89663 0.57563 1.8831 1.8831 0.57563 1.4 1.9474 0.89663 1.8831 0.57563 1.4 1.9474 0.89663
1.689 1.9287 0.80321 2.3949 2.523 0.36934 2.1676 2.1003 2.098 0.87325 2.5892 2.1566 2.5892 1.47 1.7468 2.5892 2.5892 1.9991 1.9021 2.0716 1.6907 1.1177 1.6405 0.0 1.0478 2.0334 1.4536 1.6344 1.4122 1.6499 0.677 1.7057 1.0387 2.4923 1.3554 0.36934 0.474 2.1695 1.8724 0.8814 2.5892 1.9586 2.5892 0.48777 2.0975 2.5892 2.5892 1.9991 2.1308 2.1214 2.2344 0.28496 1.9341 1.8552 1.633 2.0557 1.9126 1.8728 2.1594 1.9568 0.0 0.0 2.0288 2.0471 1.5351 1.5351 2.0471 1.7302 1.7298 2.0288 1.5351 2.0471 1.7302 1.7298 2.0288
1.7718 2.5234 1.6559 2.8276 3.0797 1.3669 1.3695 1.3022 1.4686 1.6879 1.7941 1.5273 1.7941 1.6177 1.1174 1.7941 1.7941 2.7798 1.3861 1.4303 1.7883 1.2153 1.0112 1.2445 0.0 1.2353 1.6013 1.0051 0.78287 0.74282 1.5297 2.4864 1.8913 3.0869 1.976 1.3669 1.3267 1.5401 1.3181 1.0461 1.7941 1.3643 1.7941 1.3404 1.2994 1.7941 1.7941 2.7798 1.7218 1.3233 2.829 1.3216 1.3541 2.6359 1.0036 1.2576 1.8213 1.9705 1.5301 1.3625 0.0 0.0 1.2308 1.4178 2.0593 2.0593 1.4178 1.4822 1.8275 1.2308 2.0593 1.4178 1.4822 1.8275 1.2308
1.6197 2.3713 1.5118 2.6755 2.9277 1.2229 0.1342 0.066891 1.3166 1.5439 1.499 1.3753 1.499 1.4736 0.96537 1.499 1.499 2.6277 1.0911 1.1352 1.6383 1.0713 0.85912 1.5445 1.6105 0.0 1.4572 0.853 0.63081 0.59076 1.3856 2.3363 1.7473 2.9349 1.832 1.2229 1.1826 1.3881 1.166 1.444 1.499 1.2122 1.499 1.1964 0.064074 1.499 1.499 2.6277 1.4267 0.087969 2.677 1.3081 1.0591 2.4858 0.85156 0.96255 1.6692 1.8204 1.378 1.2104 0.0 0.0 0.93569 1.2657 1.9092 1.9092 1.2657 1.2181 1.6834 0.93569 1.9092 1.2657 1.2181 1.6834 0.93569
1.2848 1.3885 0.26302 1.8548 1.9829 0.60207 2.2537 2.1864 1.8098 0.64507 2.5972 1.9285 2.5972 0.016376 1.5186 2.5972 2.5972 1.4589 2.1893 1.8435 1.2865 0.88949 1.4123 0.92367 1.3257 2.1195 0.0 1.4062 1.184 1.77 0.76481 1.1655 1.1265 1.9521 0.8152 0.60207 0.49664 1.9413 1.5132 1.1592 2.5972 1.6544 2.5972 0.48288 2.1836 2.5972 2.5972 1.4589 2.5249 2.2074 1.6942 0.68733 2.1573 1.315 1.4048 2.1418 1.5085 1.4686 1.9313 1.6526 0.0 0.0 2.1149 1.8189 0.9949 0.9949 1.8189 2.3973 1.1916 2.1149 0.9949 1.8189 2.3973 1.1916 2.1149
1.5997 2.3273 2.0829 2.6316 2.8837 1.9089 1.0415 0.97421 0.92062 1.9829 1.3601 0.6913 1.3601 1.9127 0.28142 1.3601 1.3601 2.5837 0.95211 0.60629 1.6183 1.5103 0.0061122 2.2305 2.2965 0.90732 1.8963 0.0 1.3169 1.2768 2.0716 2.3163 2.4333 2.8909 2.102 1.9089 1.8687 0.70412 1.367 2.13 1.3601 1.4713 1.3601 1.8824 0.97139 1.3601 1.3601 2.5837 1.2878 0.99529 2.633 1.9942 0.9201 2.4659 1.1106 1.6486 1.6253 1.8004 0.69409 1.4695 0.0 0.0 0.90274 0.58174 1.8893 1.8893 0.58174 1.4062 1.9535 0.90274 1.8893 0.58174 1.4062 1.9535 0.90274
1.6993 2.4509 1.5915 2.7552 3.0073 1.3025 1.1541 1.0868 1.0582 1.6235 1.4977 0.82889 1.4977 1.5533 0.41901 1.4977 1.4977 2.7073 1.0897 0.74388 1.7179 1.1509 0.31276 1.6241 1.6901 1.0199 1.5369 0.30665 0.0 0.6704 1.4652 2.4159 1.8269 3.0145 1.9116 1.3025 1.2622 0.84171 1.2456 1.5236 1.4977 1.2919 1.4977 1.276 1.084 1.4977 1.4977 2.7073 1.4254 1.1079 2.7566 1.3878 1.0577 2.5655 0.9312 1.0422 1.7489 1.9 0.83168 1.29 0.0 0.0 1.0153 0.71934 1.9888 1.9888 0.71934 1.2977 1.7631 1.0153 1.9888 0.71934 1.2977 1.7631 1.0153
1.1488 1.9003 1.3529 2.2046 2.4567 1.3779 1.2295 1.1622 0.84563 1.2529 1.5731 0.90431 1.5731 1.1827 0.49443 1.5731 1.5731 2.1568 1.1651 0.8193 1.1673 0.78034 0.38818 1.6995 1.7655 1.0953 1.1663 0.38207 0.15987 0.0 1.5407 1.8654 1.9023 2.4639 1.43 1.3779 1.3377 0.91713 0.69505 1.5991 1.5731 0.74128 1.5731 1.3514 1.1594 1.5731 1.5731 2.1568 1.5008 1.1833 2.206 1.4632 1.1331 2.0149 0.38062 1.1176 1.1983 1.3495 0.9071 0.73947 0.0 0.0 1.0908 0.79476 1.4383 1.4383 0.79476 1.3732 1.2815 1.0908 1.4383 0.79476 1.3732 1.2815 1.0908
1.7829 2.0225 0.89707 2.4888 2.6169 0.4632 2.4347 2.3674 2.1918 0.96712 2.8593 2.2505 2.8593 1.5639 1.8406 2.8593 2.8593 2.0929 2.3313 2.1655 1.7845 1.2115 1.7344 0.62171 1.1417 2.3005 1.5475 1.7283 1.5061 1.808 0.0 1.7996 0.43052 2.5861 1.4492 0.4632 0.56786 2.2633 1.9662 0.97526 2.8593 2.0525 2.8593 0.58163 2.3646 2.8593 2.8593 2.0929 2.56 2.3885 2.3282 0.38538 2.3633 1.9491 1.7268 2.3228 2.0065 1.9667 2.2533 2.0507 0.0 0.0 2.2959 2.141 1.6289 1.6289 2.141 2.1594 1.8237 2.2959 1.6289 2.141 2.1594 1.8237 2.2959
0.87354 0.24652 0.9793 0.71278 0.84089 1.2368 2.8884 2.8211 1.4075 1.2798 3.232 2.5632 3.232 1.3005 2.1533 3.232 3.232 0.30061 2.824 2.4782 0.87518 1.5242 2.047 1.5584 1.9604 2.7542 1.2842 2.0409 1.8187 2.4047 1.0065 0.0 1.3682 0.81011 1.1859 1.2368 1.1313 2.576 1.3109 1.7939 3.232 1.9601 3.232 1.1176 2.8183 3.232 3.232 0.30061 3.1596 2.8422 0.55221 1.322 2.792 0.17306 1.8155 2.7765 0.83916 0.79932 2.566 1.9583 0.0 0.0 2.7496 2.4536 0.58361 0.58361 2.4536 3.032 1.0373 2.7496 0.58361 2.4536 3.032 1.0373 2.7496
1.426 1.6657 0.54024 2.132 2.2601 0.10637 2.0779 2.0106 1.835 0.61029 2.5025 1.8937 2.5025 1.2071 1.4838 2.5025 2.5025 1.7361 2.0945 1.8087 1.4277 0.85471 1.3775 0.26489 0.78488 1.9437 1.1907 1.3714 1.1492 1.4512 0.41403 1.4427 0.0 2.2293 1.0924 0.10637 0.21104 1.9065 1.6094 0.61843 2.5025 1.6957 2.5025 0.2248 2.0078 2.5025 2.5025 1.7361 2.3482 2.0317 1.9714 0.02855 2.0625 1.5923 1.37 1.966 1.6497 1.6098 1.8965 1.6938 0.0 0.0 1.9391 1.7841 1.2721 1.2721 1.7841 1.9475 1.4668 1.9391 1.2721 1.7841 1.9475 1.4668 1.9391
1.5148 0.68549 1.6206 0.69936 0.33786 1.8781 3.3117 3.2444 1.7788 1.9211 3.6552 2.9865 3.6552 1.9418 2.5766 3.6552 3.6552 0.9419 3.2473 2.9014 1.5165 2.1655 2.4703 2.1997 2.6017 3.1775 1.9255 2.4642 2.46 2.828 1.6478 0.68618 2.0095 0.0 1.8272 1.8781 1.7726 2.9993 1.9352 2.4352 3.6552 2.5844 3.6552 1.7589 3.2415 3.6552 3.6552 0.9419 3.5829 3.2654 0.73518 1.9633 3.2153 0.85203 2.4398 3.1998 1.1075 1.3026 2.9892 2.5826 0.0 0.0 3.1729 2.8769 1.2249 1.2249 2.8769 3.4553 1.6786 3.1729 1.2249 2.8769 3.4553 1.6786 3.1729
0.64634 1.569 1.0221 1.8763 2.1284 1.3136 2.1832 2.1159 1.1263 1.0206 2.5268 1.858 2.5268 0.95035 1.4481 2.5268 2.5268 1.6394 2.1188 1.773 0.64799 0.95501 1.3418 1.6352 1.7012 2.049 0.93397 1.3357 1.1135 1.6995 1.4743 1.346 1.836 2.1326 0.0 1.3136 1.2733 1.8708 0.82971 1.5347 2.5268 0.91595 2.5268 1.2871 2.1131 2.5268 2.5268 1.6394 2.4545 2.137 1.8747 1.3988 2.0868 1.4956 0.77129 2.0713 0.86997 0.83013 1.8608 0.91413 0.0 0.0 2.0444 1.7484 0.91893 0.91893 1.7484 2.3268 0.68715 2.0444 0.91893 1.7484 2.3268 0.68715 2.0444
1.3674 1.6071 0.4816 2.0733 2.2014 0.0 2.1603 2.093 1.7764 0.55165 2.5038 1.835 2.5038 1.1484 1.4252 2.5038 2.5038 1.6775 2.0959 1.75 1.3691 0.79607 1.3189 0.36934 0.88933 2.0261 1.132 1.3128 1.0906 1.5556 0.35539 1.3841 0.71705 2.1707 1.0338 0.0 0.1524 1.8479 1.5508 0.72288 2.5038 1.637 2.5038 0.16617 2.0901 2.5038 2.5038 1.6775 2.4315 2.114 1.9128 0.133 2.0638 1.5336 1.3114 2.0483 1.591 1.5512 1.8378 1.6352 0.0 0.0 2.0215 1.7255 1.2135 1.2135 1.7255 2.052 1.4082 2.0215 1.2135 1.7255 2.052 1.4082 2.0215
1.262 1.5017 0.37618 1.9679 2.096 0.1524 2.0548 1.9875 1.6709 0.44623 2.3984 1.7296 2.3984 1.043 1.3197 2.3984 2.3984 1.5721 1.9904 1.6446 1.2636 0.69065 1.2135 0.474 0.994 1.9206 1.0266 1.2074 0.98518 1.5711 0.31515 1.2787 0.67681 2.0652 0.92835 0.1524 0.0 1.7424 1.4454 0.82755 2.3984 1.5316 2.3984 0.013766 1.9847 2.3984 2.3984 1.5721 2.3261 2.0086 1.8073 0.23767 1.9584 1.4282 1.2059 1.9429 1.4856 1.4458 1.7324 1.5298 0.0 0.0 1.9161 1.6201 1.1081 1.1081 1.6201 2.1567 1.3028 1.9161 1.1081 1.6201 2.1567 1.3028 1.9161
1.6081 2.3357 2.3378 2.6399 2.8921 2.3253 1.4059 1.3386 0.92897 2.3363 1.7244 1.0557 1.7244 2.266 1.3638 1.7244 1.7244 2.5921 1.3165 0.97065 1.6267 1.9817 1.3905 2.6469 2.7129 1.2717 2.2496 1.3844 1.7332 1.6932 2.488 2.3247 2.8497 2.8993 2.1514 2.3253 2.285 0.0 1.4164 2.5464 1.7244 1.9426 1.7244 2.2988 1.3357 1.7244 1.7244 2.5921 1.6521 1.3596 2.6414 2.4105 1.2845 2.4742 1.582 2.065 1.6337 1.8088 1.0584 1.9408 0.0 0.0 1.2671 0.9461 1.8976 1.8976 0.9461 1.7705 2.0028 1.2671 1.8976 0.9461 1.7705 2.0028 1.2671
1.3142 2.0789 1.3154 2.3831 2.6352 1.4564 1.971 1.9037 1.0241 1.2154 2.3146 1.6458 2.3146 1.1452 1.2359 2.3146 2.3146 2.3073 1.9066 1.5608 1.3158 0.74285 1.1297 1.778 1.844 1.8368 1.1288 1.1236 0.90137 1.4873 1.6192 2.0139 1.9808 2.6424 1.5035 1.4564 1.4162 1.6586 0.0 1.6776 2.3146 0.70379 2.3146 1.4299 1.9009 2.3146 2.3146 2.3073 2.2423 1.9248 2.3845 1.5417 1.8746 2.1634 0.55913 1.8591 1.3768 1.498 1.6486 0.70197 0.0 0.0 1.8323 1.5363 1.5868 1.5868 1.5363 2.1147 1.355 1.8323 1.5868 1.5363 2.1147 1.355 1.8323
1.5951 2.5178 1.4643 2.825 3.0771 1.1753 1.866 1.7986 2.0041 1.4963 2.2875 2.0627 2.2875 1.4261 1.6529 2.2875 2.2875 2.5882 1.6005 1.9267 1.5967 1.0238 1.5466 1.0529 0.79694 1.7318 1.4097 1.5405 1.3183 1.3482 1.3381 2.2948 1.6997 3.0814 1.7845 1.1753 1.1351 2.0756 1.7785 0.0 2.2875 1.8647 2.2875 1.1489 1.7958 2.2875 2.2875 2.5882 1.8292 1.8197 2.8235 1.13 1.6325 2.4443 1.539 1.754 1.8187 1.7789 2.0655 1.8629 0.0 0.0 1.7272 1.9532 1.8677 1.8677 1.9532 1.4286 1.6359 1.7272 1.8677 1.9532 1.4286 1.6359 1.7272
1.8977 2.6252 1.8298 2.9295 3.1816 1.5408 0.62142 0.55412 1.2185 1.8618 0.0 0.66521 0.0 1.7916 0.57933 0.0 0.0 2.8816 0.53202 0.1862 1.9162 1.3892 1.1771 1.8624 1.9284 0.48723 1.7752 1.171 0.94877 0.90872 1.7036 2.6143 2.0652 3.1888 2.1499 1.5408 1.5006 0.67803 1.4839 1.762 0.0 1.5302 0.0 1.5143 0.5513 0.0 0.0 2.8816 0.86768 0.57519 2.9309 1.6261 0.50001 2.7638 1.1695 1.2805 1.9232 2.0984 0.668 1.5284 0.0 0.0 0.48265 0.55565 2.1872 2.1872 0.55565 0.98607 2.0014 0.48265 2.1872 0.55565 0.98607 2.0014 0.48265
0.65651 1.5792 0.6577 1.8864 2.1385 0.85075 2.1664 2.0991 1.1365 0.55775 2.5099 1.8411 2.5099 0.48752 1.4313 2.5099 2.5099 1.6496 2.102 1.7561 0.65816 0.085174 1.325 1.1723 1.2383 2.0322 0.47114 1.3189 1.0967 1.6827 1.0135 1.3562 1.3752 2.1428 0.84588 0.85075 0.8105 1.854 0.83988 1.0719 2.5099 0.0 2.5099 0.82427 2.0962 2.5099 2.5099 1.6496 2.4376 2.1201 1.8849 0.93602 2.0699 1.5057 0.78145 2.0544 0.88014 0.84029 1.8439 0.9243 0.0 0.0 2.0276 1.7316 0.9291 0.9291 1.7316 2.31 0.69731 2.0276 0.9291 1.7316 2.31 0.69731 2.0276
1.8977 2.6252 1.8298 2.9295 3.1816 1.5408 0.62142 0.55412 1.2185 1.8618 0.0 0.66521 0.0 1.7916 0.57933 0.0 0.0 2.8816 0.53202 0.1862 1.9162 1.3892 1.1771 1.8624 1.9284 0.48723 1.7752 1.171 0.94877 0.90872 1.7036 2.6143 2.0652 3.1888 2.1499 1.5408 1.5006 0.67803 1.4839 1.762 0.0 1.5302 0.0 1.5143 0.5513 0.0 0.0 2.8816 0.86768 0.57519 2.9309 1.6261 0.50001 2.7638 1.1695 1.2805 1.9232 2.0984 0.668 1.5284 0.0 0.0 0.48265 0.55565 2.1872 2.1872 0.55565 0.98607 2.0014 0.48265 2.1872 0.55565 0.98607 2.0014 0.48265
1.2482 1.4879 0.36241 1.9541 2.0823 0.16617 2.0411 1.9738 1.6572 0.43246 2.3846 1.7159 2.3846 1.0292 1.306 2.3846 2.3846 1.5583 1.9767 1.6308 1.2499 0.67689 1.1997 0.48777 1.0078 1.9069 1.0128 1.1936 0.97141 1.5574 0.32891 1.2649 0.69057 2.0515 0.91459 0.16617 0.013766 1.7287 1.4316 0.84131 2.3846 1.5178 2.3846 0.0 1.9709 2.3846 2.3846 1.5583 2.3123 1.9948 1.7936 0.25143 1.9447 1.4144 1.1922 1.9292 1.4719 1.432 1.7186 1.516 0.0 0.0 1.9023 1.6063 1.0943 1.0943 1.6063 2.1704 1.289 1.9023 1.0943 1.6063 2.1704 1.289 1.9023
1.5556 2.3072 1.4477 2.6115 2.8636 1.1588 0.070125 0.0028162 1.2525 1.4798 1.435 1.3112 1.435 1.4095 0.9013 1.435 1.435 2.5636 1.027 1.0712 1.5742 1.0072 0.79504 1.4804 1.5464 0.87619 1.3932 0.78893 0.56673 0.52668 1.3215 2.2722 1.6832 2.8708 1.7679 1.1588 1.1185 1.324 1.1019 1.3799 1.435 1.1481 1.435 1.1323 0.0 1.435 1.435 2.5636 1.3627 0.023895 2.6129 1.244 0.99498 2.4218 0.78749 0.89848 1.6052 1.7563 1.314 1.1463 0.0 0.0 0.87162 1.2016 1.8451 1.8451 1.2016 1.154 1.6193 0.87162 1.8451 1.2016 1.154 1.6193 0.87162
1.8977 2.6252 1.8298 2.9295 3.1816 1.5408 0.62142 0.55412 1.2185 1.8618 0.0 0.66521 0.0 1.7916 0.57933 0.0 0.0 2.8816 0.53202 0.1862 1.9162 1.3892 1.1771 1.8624 1.9284 0.48723 1.7752 1.171 0.94877 0.90872 1.7036 2.6143 2.0652 3.1888 2.1499 1.5408 1.5006 0.67803 1.4839 1.762 0.0 1.5302 0.0 1.5143 0.5513 0.0 0.0 2.8816 0.86768 0.57519 2.9309 1.6261 0.50001 2.7638 1.1695 1.2805 1.9232 2.0984 0.668 1.5284 0.0 0.0 0.48265 0.55565 2.1872 2.1872 0.55565 0.98607 2.0014 0.48265 2.1872 0.55565 0.98607 2.0014 0.48265
1.8977 2.6252 1.8298 2.9295 3.1816 1.5408 0.62142 0.55412 1.2185 1.8618 0.0 0.66521 0.0 1.7916 0.57933 0.0 0.0 2.8816 0.53202 0.1862 1.9162 1.3892 1.1771 1.8624 1.9284 0.48723 1.7752 1.171 0.94877 0.90872 1.7036 2.6143 2.0652 3.1888 2.1499 1.5408 1.5006 0.67803 1.4839 1.762 0.0 1.5302 0.0 1.5143 0.5513 0.0 0.0 2.8816 0.86768 0.57519 2.9309 1.6261 0.50001 2.7638 1.1695 1.2805 1.9232 2.0984 0.668 1.5284 0.0 0.0 0.48265 0.55565 2.1872 2.1872 0.55565 0.98607 2.0014 0.48265 2.1872 0.55565 0.98607 2.0014 0.48265
0.84502 0.68969 0.95078 1.1559 1.2841 1.2083 2.8599 2.7926 1.379 1.2513 3.2034 2.5347 3.2034 1.272 2.1248 3.2034 3.2034 0.0 2.7955 2.4496 0.84667 1.4957 2.0185 1.5299 1.9319 2.7257 1.2556 2.0124 1.7902 2.3762 0.978 0.4667 1.3397 1.2533 1.1574 1.2083 1.1028 2.5475 1.2824 1.7654 3.2034 1.9316 3.2034 1.0891 2.7897 3.2034 3.2034 0.0 3.1311 2.8136 0.99538 1.2935 2.7635 0.61623 1.787 2.748 1.0687 1.0288 2.5374 1.9298 0.0 0.0 2.7211 2.4251 0.55509 0.55509 2.4251 3.0035 1.0088 2.7211 0.55509 2.4251 3.0035 1.0088 2.7211
1.9075 2.6351 1.8397 2.9394 3.1915 1.5507 0.63132 0.56401 1.2284 1.8717 1.0559 0.9991 1.0559 1.8015 0.58922 1.0559 1.0559 2.8915 0.64791 0.69209 1.9261 1.3991 1.187 1.7913 1.5353 0.49712 1.7851 1.1809 0.95866 0.91861 1.7135 2.6241 2.0751 3.1987 2.1598 1.5507 1.5105 1.0119 1.4938 1.5929 1.0559 1.5401 1.0559 1.5242 0.56119 1.0559 1.0559 2.8915 0.0 0.58509 2.9408 1.636 0.61591 2.7737 1.1794 0.51941 1.9331 2.1083 1.0019 1.5383 0.0 0.0 0.49254 0.88955 2.1971 2.1971 0.88955 0.19396 2.0113 0.49254 2.1971 0.88955 0.19396 2.0113 0.49254
1.5317 2.2833 1.4238 2.5876 2.8397 1.1349 0.04623 0.91919 1.2286 1.4559 1.4111 1.2873 1.4111 1.3857 0.8774 1.4111 1.4111 2.5397 1.0031 1.0473 1.5503 0.98331 0.77115 1.4565 1.5225 0.8523 1.3693 0.76504 0.54284 0.50279 1.2976 2.2483 1.6593 2.8469 1.744 1.1349 1.0946 1.3001 1.078 1.356 1.4111 1.1243 1.4111 1.1084 0.91637 1.4111 1.4111 2.5397 1.3388 0.0 2.589 1.2202 0.97108 2.3979 0.76359 0.87459 1.5813 1.7324 1.2901 1.1224 0.0 0.0 0.84772 1.1777 1.8212 1.8212 1.1777 1.1301 1.5955 0.84772 1.8212 1.1777 1.1301 1.5955 0.84772
0.9907 0.73936 1.4895 0.69462 0.94673 1.7809 2.7625 2.6952 1.2296 1.4879 3.1061 2.4373 3.1061 1.4177 2.0275 3.1061 3.1061 0.99577 2.6981 2.3523 0.99234 1.7324 1.9212 2.1025 2.1685 2.6283 1.4013 1.9151 2.0269 2.2788 1.7017 0.74006 2.0633 1.0963 1.3031 1.7809 1.7407 2.4502 1.3861 2.0021 3.1061 2.0353 3.1061 1.7545 2.6924 3.1061 3.1061 0.99577 3.0338 2.7163 0.0 1.8662 2.6661 0.9059 1.8906 2.6506 0.55833 0.75348 2.4401 2.0335 0.0 0.0 2.6238 2.3278 0.89728 0.89728 2.3278 2.9062 1.1545 2.6238 0.89728 2.3278 2.9062 1.1545 2.6238
1.4527 1.6923 0.56687 2.1586 2.2867 0.133 2.1045 2.0372 1.8616 0.63692 2.5291 1.9203 2.5291 1.2337 1.5104 2.5291 2.5291 1.7628 2.1211 1.8353 1.4543 0.88134 1.4042 0.28496 0.81151 1.9703 1.2173 1.3981 1.1759 1.4778 0.44066 1.4694 0.80232 2.2559 1.119 0.133 0.23767 1.9331 1.6361 0.64506 2.5291 1.7223 2.5291 0.25143 2.0344 2.5291 2.5291 1.7628 2.3682 2.0583 1.998 0.0 2.0891 1.6189 1.3966 1.9926 1.6763 1.6365 1.9231 1.7205 0.0 0.0 1.9658 1.8108 1.2987 1.2987 1.8108 1.9676 1.4935 1.9658 1.2987 1.8108 1.9676 1.4935 1.9658
2.0667 2.7943 1.9988 3.0985 3.3506 1.7098 0.79046 0.72315 1.3876 2.0309 0.71903 0.83424 0.71903 1.9606 0.74836 0.71903 0.71903 3.0507 0.032008 0.35523 2.0853 1.5583 1.3461 2.0314 1.8714 0.65626 1.9442 1.34 1.1178 1.0778 1.8726 2.7833 2.2343 3.3579 2.319 1.7098 1.6696 0.84707 1.653 1.9289 0.71903 1.6992 0.71903 1.6834 0.72033 0.71903 0.71903 3.0507 0.41167 0.74423 3.1 1.7951 0.0 2.9328 1.3386 0.8555 2.0922 2.2674 0.83703 1.6974 0.0 0.0 0.65168 0.72469 2.3562 2.3562 0.72469 0.53006 2.1704 0.65168 2.3562 0.72469 0.53006 2.1704 0.65168
1.2286 0.14329 1.3344 0.60955 0.73766 1.5919 3.0255 2.9582 1.4926 1.6349 3.369 2.7003 3.369 1.6556 2.2904 3.369 3.369 0.6557 2.9611 2.6152 1.2303 1.8793 2.1841 1.9135 2.3155 2.8913 1.6393 2.178 2.1738 2.5418 1.3616 0.39999 1.7233 0.70688 1.541 1.5919 1.4864 2.7131 1.649 2.149 3.369 2.2982 3.369 1.4727 2.9553 3.369 3.369 0.6557 3.2967 2.9792 0.44899 1.6771 2.9291 0.0 2.1536 2.9136 0.82126 1.0164 2.703 2.2964 0.0 0.0 2.8867 2.5907 0.9387 0.9387 2.5907 3.1691 1.3924 2.8867 0.9387 2.5907 3.1691 1.3924 2.8867
0.88739 1.639 1.3551 1.9432 2.1953 1.6466 2.1172 2.0499 0.58427 1.3536 2.4607 1.792 2.4607 1.2833 1.3821 2.4607 2.4607 1.8954 2.0528 1.7069 0.90596 1.122 1.2758 1.9682 2.0341 1.983 1.2669 1.2697 1.2805 1.6335 1.8073 1.604 2.169 2.2026 1.1687 1.6466 1.6063 1.8048 0.43369 1.8677 2.4607 1.0829 2.4607 1.6201 2.047 2.4607 2.4607 1.8954 2.3884 2.0709 1.9447 1.7318 2.0208 1.7535 0.0 2.0053 0.93695 1.0881 1.7947 1.0811 0.0 0.0 1.9784 1.6824 1.1769 1.1769 1.6824 2.2608 1.0201 1.9784 1.1769 1.6824 2.2608 1.0201 1.9784
1.961 2.6886 1.8931 2.9929 3.245 1.6042 0.6848 0.61749 1.2819 1.9252 0.61337 0.72858 0.61337 1.855 0.6427 0.61337 0.61337 2.945 0.20539 0.24957 1.9796 1.4526 1.2404 1.9258 1.9918 0.5506 1.8386 1.2343 1.0121 0.97209 1.7669 2.6776 2.1286 3.2522 2.2133 1.6042 1.5639 0.74141 1.5473 1.8253 0.61337 1.5936 0.61337 1.5777 0.61467 0.61337 0.61337 2.945 0.54106 0.63857 2.9943 1.6895 0.17339 2.8272 1.2329 0.0 1.9866 2.1617 0.73137 1.5917 0.0 0.0 0.54602 0.61903 2.2505 2.2505 0.61903 0.65944 2.0648 0.54602 2.2505 0.61903 0.65944 2.0648 0.54602
0.79088 0.75747 1.4256 1.0617 1.3138 1.717 2.2597 2.1923 0.72675 1.424 2.6032 1.9344 2.6032 1.3538 1.5246 2.6032 2.6032 1.0139 2.1952 1.8494 0.80945 1.5715 1.4183 2.0386 2.1046 2.1255 1.3374 1.4122 1.73 1.7759 1.7198 0.75816 2.0814 1.3211 1.2392 1.717 1.6768 1.9473 0.88318 1.9382 2.6032 1.5324 2.6032 1.6906 2.1895 2.6032 2.6032 1.0139 2.5309 2.2134 1.0632 1.8023 2.1632 0.92401 1.3877 2.1477 0.0 0.68959 1.9372 1.5306 0.0 0.0 2.1209 1.8249 0.83339 0.83339 1.8249 2.4033 1.0906 2.1209 0.83339 1.8249 2.4033 1.0906 2.1209
0.81304 0.77963 1.3297 1.0839 1.336 1.6212 2.2818 2.2145 0.74891 1.3282 2.6254 1.9566 2.6254 1.258 1.5467 2.6254 2.6254 1.036 2.2174 1.8716 0.8316 1.5726 1.4405 1.9428 2.0088 2.1476 1.2416 1.4343 1.7521 1.7981 1.6759 0.78032 2.0376 1.3432 1.1433 1.6212 1.5809 1.9694 0.90533 1.8423 2.6254 1.5546 2.6254 1.5947 2.2117 2.6254 2.6254 1.036 2.5531 2.2356 1.0853 1.7065 2.1854 0.94617 1.4099 2.1699 0.077587 0.0 1.9594 1.5527 0.0 0.0 2.143 1.847 0.73754 0.73754 1.847 2.4254 0.99476 2.143 0.73754 1.847 2.4254 0.99476 2.143
1.6181 2.3457 2.3478 2.65 2.9021 2.3353 1.4159 1.3486 0.93901 2.3463 1.7345 1.0657 1.7345 2.2761 1.3738 1.7345 1.7345 2.6021 1.3265 0.98068 1.6367 1.9917 1.4006 2.6569 2.7229 1.2817 2.2597 1.3944 1.7432 1.7032 2.498 2.3347 2.8597 2.9093 2.1614 2.3353 2.295 0.010034 1.4264 2.5564 1.7345 1.9527 1.7345 2.3088 1.3458 1.7345 1.7345 2.6021 1.6622 1.3697 2.6514 2.4206 1.2945 2.4843 1.592 2.075 1.6437 1.8188 0.0 1.9508 0.0 0.0 1.2771 0.95613 1.9076 1.9076 0.95613 1.7805 2.0129 1.2771 1.9076 0.95613 1.7805 2.0129 1.2771
0.65833 1.581 0.65952 1.8883 2.1404 0.85257 2.1682 2.1009 1.1383 0.55957 2.5117 1.843 2.5117 0.48933 1.4331 2.5117 2.5117 1.6514 2.1038 1.758 0.65997 0.086991 1.3268 1.1742 1.2402 2.034 0.47296 1.3207 1.0985 1.6845 1.0153 1.358 1.377 2.1446 0.84769 0.85257 0.81232 1.8558 0.8417 1.0737 2.5117 0.0018171 2.5117 0.82608 2.0981 2.5117 2.5117 1.6514 2.4394 2.1219 1.8867 0.93783 2.0718 1.5075 0.78327 2.0563 0.88196 0.84211 1.8458 0.0 0.0 0.0 2.0294 1.7334 0.93091 0.93091 1.7334 2.3118 0.69913 2.0294 0.93091 1.7334 2.3118 0.69913 2.0294
0.0 0.0 0.0 0.0 0.0 0.0 0.0 0.0 0.0 0.0 0.0 0.0 0.0 0.0 0.0 0.0 0.0 0.0 0.0 0.0 0.0 0.0 0.0 0.0 0.0 0.0 0.0 0.0 0.0 0.0 0.0 0.0 0.0 0.0 0.0 0.0 0.0 0.0 0.0 0.0 0.0 0.0 0.0 0.0 0.0 0.0 0.0 0.0 0.0 0.0 0.0 0.0 0.0 0.0 0.0 0.0 0.0 0.0 0.0 0.0 0.0 0.0 0.0 0.0 0.0 0.0 0.0 0.0 0.0 0.0 0.0 0.0 0.0 0.0 0.0
0.0 0.0 0.0 0.0 0.0 0.0 0.0 0.0 0.0 0.0 0.0 0.0 0.0 0.0 0.0 0.0 0.0 0.0 0.0 0.0 0.0 0.0 0.0 0.0 0.0 0.0 0.0 0.0 0.0 0.0 0.0 0.0 0.0 0.0 0.0 0.0 0.0 0.0 0.0 0.0 0.0 0.0 0.0 0.0 0.0 0.0 0.0 0.0 0.0 0.0 0.0 0.0 0.0 0.0 0.0 0.0 0.0 0.0 0.0 0.0 0.0 0.0 0.0 0.0 0.0 0.0 0.0 0.0 0.0 0.0 0.0 0.0 0.0 0.0 0.0
1.4589 2.1865 1.942 2.4908 2.7429 1.7681 0.90068 0.83338 0.77979 1.8421 1.2193 0.55047 1.2193 1.7718 0.14059 1.2193 1.2193 2.4429 0.81128 0.46546 1.4775 1.3695 0.77833 2.0897 2.1557 0.76649 1.7555 0.77222 1.176 1.136 1.9308 2.1755 2.2925 2.7501 1.9612 1.7681 1.7278 0.56329 1.2262 1.9892 1.2193 1.3304 1.2193 1.7416 0.83056 1.2193 1.2193 2.4429 1.1469 0.85445 2.4922 1.8533 0.77927 2.325 0.96978 1.5078 1.4845 1.6596 0.55326 1.3286 0.0 0.0 0.0 0.44091 1.7484 1.7484 0.44091 1.2653 1.8126 0.0 1.7484 0.44091 1.2653 1.8126 0.0
1.7305 2.4581 2.4602 2.7623 3.0144 2.4476 1.5282 1.4609 1.0513 2.4586 1.8468 0.10956 1.8468 2.3884 1.4862 1.8468 1.8468 2.7145 1.4388 1.093 1.749 2.1041 1.5129 2.7692 2.8352 1.394 2.372 1.5068 1.8556 1.8155 2.6104 2.4471 2.972 3.0217 2.2738 2.4476 2.4074 0.12238 1.5388 2.6688 1.8468 2.065 1.8468 2.4212 1.4581 1.8468 1.8468 2.7145 1.7745 1.482 2.7638 2.5329 1.4068 2.5966 1.7043 2.1873 1.756 1.9312 0.11234 2.0632 0.0 0.0 1.3895 0.0 2.02 2.02 0.0 1.8929 2.1252 1.3895 2.02 0.0 1.8929 2.1252 1.3895
0.45676 0.81691 0.77901 1.2832 1.4113 1.2135 2.5236 2.4563 0.99071 0.954 2.8672 2.1984 2.8672 0.88376 1.7885 2.8672 2.8672 0.88732 2.4592 2.1134 0.45841 1.1984 1.6823 1.5351 1.6346 2.3894 0.86739 1.6761 1.493 2.0399 1.1052 0.59392 1.4669 1.3805 0.76913 1.2135 1.1081 2.2112 0.89413 1.4681 2.8672 1.5434 2.8672 1.0943 2.4535 2.8672 2.8672 0.88732 2.7949 2.4774 1.1226 1.2987 2.4272 0.74345 1.3987 2.4117 0.68039 0.64054 2.2012 1.5415 0.0 0.0 2.3848 2.0888 0.0 0.0 2.0888 2.6673 0.62056 2.3848 0.0 2.0888 2.6673 0.62056 2.3848
0.45676 0.81691 0.77901 1.2832 1.4113 1.2135 2.5236 2.4563 0.99071 0.954 2.8672 2.1984 2.8672 0.88376 1.7885 2.8672 2.8672 0.88732 2.4592 2.1134 0.45841 1.1984 1.6823 1.5351 1.6346 2.3894 0.86739 1.6761 1.493 2.0399 1.1052 0.59392 1.4669 1.3805 0.76913 1.2135 1.1081 2.2112 0.89413 1.4681 2.8672 1.5434 2.8672 1.0943 2.4535 2.8672 2.8672 0.88732 2.7949 2.4774 1.1226 1.2987 2.4272 0.74345 1.3987 2.4117 0.68039 0.64054 2.2012 1.5415 0.0 0.0 2.3848 2.0888 0.0 0.0 2.0888 2.6673 0.62056 2.3848 0.0 2.0888 2.6673 0.62056 2.3848
1.7305 2.4581 2.4602 2.7623 3.0144 2.4476 1.5282 1.4609 1.0513 2.4586 1.8468 0.10956 1.8468 2.3884 1.4862 1.8468 1.8468 2.7145 1.4388 1.093 1.749 2.1041 1.5129 2.7692 2.8352 1.394 2.372 1.5068 1.8556 1.8155 2.6104 2.4471 2.972 3.0217 2.2738 2.4476 2.4074 0.12238 1.5388 2.6688 1.8468 2.065 1.8468 2.4212 1.4581 1.8468 1.8468 2.7145 1.7745 1.482 2.7638 2.5329 1.4068 2.5966 1.7043 2.1873 1.756 1.9312 0.11234 2.0632 0.0 0.0 1.3895 0.0 2.02 2.02 0.0 1.8929 2.1252 1.3895 2.02 0.0 1.8929 2.1252 1.3895
1.8091 2.5367 1.7413 2.841 3.0931 1.4523 0.53292 0.46561 1.13 1.7733 0.95749 0.90071 0.95749 1.7031 0.49083 0.95749 0.95749 2.7931 0.54952 0.5937 1.8277 1.3007 1.0886 1.7739 1.8399 0.39872 1.6867 1.0825 0.86026 0.82021 1.6151 2.5258 1.9767 3.1003 2.0614 1.4523 1.4121 0.91353 1.3954 1.6735 0.95749 1.4417 0.95749 1.4258 0.4628 0.95749 0.95749 2.7931 0.88518 0.48669 2.8424 1.5376 0.51751 2.6753 1.081 0.42101 1.8347 2.0099 0.90349 1.4399 0.0 0.0 0.39414 0.79115 2.0987 2.0987 0.79115 0.0 1.9129 0.39414 2.0987 0.79115 0.0 1.9129 0.39414
0.95103 1.0887 0.46579 1.555 1.6831 0.90027 2.5519 2.4846 1.476 0.94327 2.8954 2.2267 2.8954 0.91203 1.8168 2.8954 2.8954 1.1591 2.4875 2.1417 0.95268 1.1877 1.7105 1.2219 1.6239 2.4177 0.89566 1.7044 1.4822 2.0682 0.91801 0.86571 1.2797 1.6523 0.7974 0.90027 0.79484 2.2395 1.1794 1.4574 2.8954 1.6366 2.8954 0.78108 2.4818 2.8954 2.8954 1.1591 2.8231 2.5056 1.3944 0.98553 2.4555 1.0152 1.492 2.44 1.1747 1.1348 2.2295 1.6348 0.0 0.0 2.4131 2.1171 0.6611 0.6611 2.1171 2.6955 0.0 2.4131 0.6611 2.1171 2.6955 0.0 2.4131
1.4589 2.1865 1.942 2.4908 2.7429 1.7681 0.90068 0.83338 0.77979 1.8421 1.2193 0.55047 1.2193 1.7718 0.14059 1.2193 1.2193 2.4429 0.81128 0.46546 1.4775 1.3695 0.77833 2.0897 2.1557 0.76649 1.7555 0.77222 1.176 1.136 1.9308 2.1755 2.2925 2.7501 1.9612 1.7681 1.7278 0.56329 1.2262 1.9892 1.2193 1.3304 1.2193 1.7416 0.83056 1.2193 1.2193 2.4429 1.1469 0.85445 2.4922 1.8533 0.77927 2.325 0.96978 1.5078 1.4845 1.6596 0.55326 1.3286 0.0 0.0 0.0 0.44091 1.7484 1.7484 0.44091 1.2653 1.8126 0.0 1.7484 0.44091 1.2653 1.8126 0.0
0.45676 0.81691 0.77901 1.2832 1.4113 1.2135 2.5236 2.4563 0.99071 0.954 2.8672 2.1984 2.8672 0.88376 1.7885 2.8672 2.8672 0.88732 2.4592 2.1134 0.45841 1.1984 1.6823 1.5351 1.6346 2.3894 0.86739 1.6761 1.493 2.0399 1.1052 0.59392 1.4669 1.3805 0.76913 1.2135 1.1081 2.2112 0.89413 1.4681 2.8672 1.5434 2.8672 1.0943 2.4535 2.8672 2.8672 0.88732 2.7949 2.4774 1.1226 1.2987 2.4272 0.74345 1.3987 2.4117 0.68039 0.64054 2.2012 1.5415 0.0 0.0 2.3848 2.0888 0.0 0.0 2.0888 2.6673 0.62056 2.3848 0.0 2.0888 2.6673 0.62056 2.3848
1.7305 2.4581 2.4602 2.7623 3.0144 2.4476 1.5282 1.4609 1.0513 2.4586 1.8468 0.10956 1.8468 2.3884 1.4862 1.8468 1.8468 2.7145 1.4388 1.093 1.749 2.1041 1.5129 2.7692 2.8352 1.394 2.372 1.5068 1.8556 1.8155 2.6104 2.4471 2.972 3.0217 2.2738 2.4476 2.4074 0.12238 1.5388 2.6688 1.8468 2.065 1.8468 2.4212 1.4581 1.8468 1.8468 2.7145 1.7745 1.482 2.7638 2.5329 1.4068 2.5966 1.7043 2.1873 1.756 1.9312 0.11234 2.0632 0.0 0.0 1.3895 0.0 2.02 2.02 0.0 1.8929 2.1252 1.3895 2.02 0.0 1.8929 2.1252 1.3895
1.8091 2.5367 1.7413 2.841 3.0931 1.4523 0.53292 0.46561 1.13 1.7733 0.95749 0.90071 0.95749 1.7031 0.49083 0.95749 0.95749 2.7931 0.54952 0.5937 1.8277 1.3007 1.0886 1.7739 1.8399 0.39872 1.6867 1.0825 0.86026 0.82021 1.6151 2.5258 1.9767 3.1003 2.0614 1.4523 1.4121 0.91353 1.3954 1.6735 0.95749 1.4417 0.95749 1.4258 0.4628 0.95749 0.95749 2.7931 0.88518 0.48669 2.8424 1.5376 0.51751 2.6753 1.081 0.42101 1.8347 2.0099 0.90349 1.4399 0.0 0.0 0.39414 0.79115 2.0987 2.0987 0.79115 0.0 1.9129 0.39414 2.0987 0.79115 0.0 1.9129 0.39414
0.95103 1.0887 0.46579 1.555 1.6831 0.90027 2.5519 2.4846 1.476 0.94327 2.8954 2.2267 2.8954 0.91203 1.8168 2.8954 2.8954 1.1591 2.4875 2.1417 0.95268 1.1877 1.7105 1.2219 1.6239 2.4177 0.89566 1.7044 1.4822 2.0682 0.91801 0.86571 1.2797 1.6523 0.7974 0.90027 0.79484 2.2395 1.1794 1.4574 2.8954 1.6366 2.8954 0.78108 2.4818 2.8954 2.8954 1.1591 2.8231 2.5056 1.3944 0.98553 2.4555 1.0152 1.492 2.44 1.1747 1.1348 2.2295 1.6348 0.0 0.0 2.4131 2.1171 0.6611 0.6611 2.1171 2.6955 0.0 2.4131 0.6611 2.1171 2.6955 0.0 2.4131
1.4589 2.1865 1.942 2.4908 2.7429 1.7681 0.90068 0.83338 0.77979 1.8421 1.2193 0.55047 1.2193 1.7718 0.14059 1.2193 1.2193 2.4429 0.81128 0.46546 1.4775 1.3695 0.77833 2.0897 2.1557 0.76649 1.7555 0.77222 1.176 1.136 1.9308 2.1755 2.2925 2.7501 1.9612 1.7681 1.7278 0.56329 1.2262 1.9892 1.2193 1.3304 1.2193 1.7416 0.83056 1.2193 1.2193 2.4429 1.1469 0.85445 2.4922 1.8533 0.77927 2.325 0.96978 1.5078 1.4845 1.6596 0.55326 1.3286 0.0 0.0 0.0 0.44091 1.7484 1.7484 0.44091 1.2653 1.8126 0.0 1.7484 0.44091 1.2653 1.8126 0.0
