4 32 1 1 5 1 183
1 37.787098 -122.41031 0.5 1.0 0.0 183.0
2 37.787103 -122.41027 0.5 1.0 0.0 183.0
3 37.786556 -122.41313 0.5 1.0 0.0 183.0
4 37.78299 -122.42254 0.5 1.0 0.0 183.0
5 37.784142 -122.41855 0.5 1.0 0.0 183.0
6 37.787112 -122.41494 0.5 1.0 0.0 183.0
7 37.786299 -122.40917 0.5 1.0 0.0 183.0
8 37.779734 -122.41559 0.5 1.0 0.0 183.0
9 37.78521 -122.40866 0.5 1.0 0.0 183.0
10 37.787472 -122.40747 0.5 1.0 0.0 183.0
11 37.788928 -122.40856 0.5 1.0 0.0 183.0
12 37.779691 -122.4234 0.5 1.0 0.0 183.0
13 37.781907 -122.4122 0.5 1.0 0.0 183.0
14 37.778853 -122.4149 0.5 1.0 0.0 183.0
15 37.786147 -122.41643 0.5 1.0 0.0 183.0
16 37.787472 -122.40747 0.5 1.0 0.0 183.0
17 37.786661 -122.42128 0.5 1.0 0.0 183.0
18 37.783431 -122.41757 0.5 1.0 0.0 183.0
19 37.786746 -122.41302 0.5 1.0 0.0 183.0
20 37.778752 -122.41599 0.5 1.0 0.0 183.0
21 37.787788 -122.41987 0.5 1.0 0.0 183.0
22 37.785029 -122.41902 0.5 1.0 0.0 183.0
23 37.787068 -122.41054 0.5 1.0 0.0 183.0
24 37.781287 -122.42388 0.5 1.0 0.0 183.0
25 37.786557 -122.41453 0.5 1.0 0.0 183.0
26 37.782419 -122.41006 0.5 1.0 0.0 183.0
27 37.785524 -122.41517 0.5 1.0 0.0 183.0
28 37.782141 -122.41918 0.5 1.0 0.0 183.0
29 37.785914 -122.41209 0.5 1.0 0.0 183.0
30 37.785449 -122.41458 0.5 1.0 0.0 183.0
31 37.777583 -122.41749 0.5 1.0 0.0 183.0
32 37.785959 -122.41301 0.5 1.0 0.0 183.0
33 37.787061 -122.41059 0.5 -1.0 0.0 15.0
34 37.785733 -122.42109 0.5 -1.0 2.0 17.0
35 37.776911 -122.42264 0.5 -1.0 4.0 19.0
36 37.787659 -122.41673 0.5 -1.0 7.0 22.0
37 37.785639 -122.41969 0.5 -1.0 19.0 34.0
38 37.787483 -122.41469 0.5 -1.0 24.0 39.0
39 37.78703 -122.41084 0.5 -1.0 30.0 45.0
40 37.779554 -122.42353 0.5 -1.0 31.0 46.0
41 37.773441 -122.42157 0.5 -1.0 32.0 47.0
42 37.787472 -122.40747 0.5 -1.0 36.0 51.0
43 37.789051 -122.41008 0.5 -1.0 59.0 74.0
44 37.778208 -122.42013 0.5 -1.0 59.0 74.0
45 37.782099 -122.41204 0.5 -1.0 60.0 75.0
46 37.780802 -122.42222 0.5 -1.0 61.0 76.0
47 37.781789 -122.41086 0.5 -1.0 68.0 83.0
48 37.787472 -122.40747 0.5 -1.0 75.0 90.0
49 37.777008 -122.41789 0.5 -1.0 77.0 92.0
50 37.788173 -122.40937 0.5 -1.0 78.0 93.0
51 37.782215 -122.41082 0.5 -1.0 83.0 98.0
52 37.778752 -122.41599 0.5 -1.0 94.0 109.0
53 37.786486 -122.41144 0.5 -1.0 97.0 112.0
54 37.781599 -122.4234 0.5 -1.0 101.0 116.0
55 37.788273 -122.40859 0.5 -1.0 111.0 126.0
56 37.785072 -122.41125 0.5 -1.0 122.0 137.0
57 37.789101 -122.41534 0.5 -1.0 122.0 137.0
58 37.7769 -122.42272 0.5 -1.0 123.0 138.0
59 37.786249 -122.40955 0.5 -1.0 136.0 151.0
60 37.787211 -122.42001 0.5 -1.0 138.0 153.0
61 37.786614 -122.40662 0.5 -1.0 138.0 153.0
62 37.785449 -122.41458 0.5 -1.0 157.0 172.0
63 37.783263 -122.42259 0.5 -1.0 159.0 174.0
64 37.78448 -122.41588 0.5 -1.0 163.0 178.0
65 37.786549 -122.40715 0.0 0.0 0.0 183.0
66 37.786549 -122.40715 0.0 0.0 0.0 183.0
67 37.786549 -122.40715 0.0 0.0 0.0 183.0
68 37.782269 -122.41818 0.0 0.0 0.0 183.0
69 37.786549 -122.40715 0.0 0.0 0.0 183.0
70 37.78846 -122.41016 0.0 0.0 0.0 183.0
71 37.780384 -122.41783 0.0 0.0 0.0 183.0
72 37.786549 -122.40715 0.0 0.0 0.0 183.0
73 37.78846 -122.41016 0.0 0.0 0.0 183.0
74 37.782269 -122.41818 0.0 0.0 0.0 183.0
75 37.786472 -122.40974 0.0 0.0 0.0 183.0
76 37.780384 -122.41783 0.0 0.0 0.0 183.0
77 37.786549 -122.40715 0.0 0.0 0.0 183.0
78 37.78846 -122.41016 0.0 0.0 0.0 183.0
79 37.782269 -122.41818 0.0 0.0 0.0 183.0
80 37.786472 -122.40974 0.0 0.0 0.0 183.0
65
66
67 68 69 70
71 72 73 74 75
76 77 78 79 80
8 8 8 8 8 8 8 8 8 8 8 8 8 8 8 8 8 8 8 8 8 8 8 8 8 8 8 8 8 8 8 8
3 3 3 3
3.5 3.5 3.5 3.5
3.5 3.5 3.5 3.5
0.3 0.3 0.3 0.3
0.055 0.055 0.055 0.055 0.055
0.0715
0.75 0.25
0.0 0.93181 0.48985 2.234 1.523 0.78551 1.0148 1.7993 1.588 1.5484 1.1405 2.6142 1.1432 1.8647 0.85632 1.5484 1.5108 1.7224 0.49646 2.0744 1.6107 1.4476 0.049405 2.497 0.73586 1.4315 1.1189 1.8142 0.68021 1.1872 2.1176 0.65099 0.061243 1.464 2.7529 1.4376 1.2458 0.88836 0.11348 2.6125 2.7953 1.5484 1.4761 2.408 1.14 2.8855 1.5019 1.5484 2.2445 0.84384 1.3111 2.0744 0.88697 2.4491 1.012 1.264 1.2122 2.7702 0.97134 1.4325 1.4274 1.1872 2.2479 1.2558 0.0 0.0 1.3151 1.7328 1.3151 1.2675 1.9586 1.3151 1.2675 1.7328 0.98509 1.9586 1.3151 1.2675 1.7328 0.98509
0.0084569 0.0 0.49831 2.2424 1.5315 0.79396 1.0232 1.8077 1.5964 1.5569 1.1489 2.6227 1.1516 1.8732 0.86478 1.5569 1.5192 1.7308 0.50492 2.0828 1.6192 1.4561 0.057861 2.5054 0.74431 1.4399 1.1274 1.8227 0.68867 1.1957 2.1261 0.65944 0.0697 1.4725 2.7614 1.446 1.2542 0.89682 0.12194 2.6209 2.8037 1.5569 1.4846 2.4164 1.1485 2.8939 1.5103 1.5569 2.253 0.85229 1.3196 2.0828 0.89543 2.4576 1.0204 1.2725 1.2206 2.7787 0.9798 1.441 1.4359 1.1957 2.2563 1.2643 0.0 0.0 1.3236 1.7413 1.3236 1.276 1.9671 1.3236 1.276 1.7413 0.99355 1.9671 1.3236 1.276 1.7413 0.99355
1.1962 1.1878 0.0 2.1269 1.333 1.0415 0.64475 1.4293 1.2179 1.7234 1.3154 2.2442 0.77312 1.4947 1.1123 1.7234 1.7667 1.4214 0.75243 1.7043 1.8667 1.7016 1.2456 2.1999 0.99183 1.0614 1.3749 1.5132 0.31018 0.81719 1.7476 0.16114 1.2575 1.72 2.3829 1.6936 1.5017 1.1443 1.3097 2.2424 2.4252 1.7234 1.6511 2.0379 0.77 2.5885 1.1319 1.7234 1.8745 1.0998 0.9411 1.7043 0.51694 2.1521 1.2679 0.89397 1.4681 2.4002 0.60131 1.6885 1.0574 0.81719 2.1408 0.88581 0.0 0.0 0.94507 1.4318 0.94507 1.5235 1.5886 0.94507 1.5235 1.4318 1.2411 1.5886 0.94507 1.5235 1.4318 1.2411
3.1933 3.1849 2.7429 0.0 1.9141 2.3756 2.6418 2.0543 3.169 3.7205 3.3125 0.94026 2.3562 2.1488 2.4114 3.7205 1.5708 1.6404 2.7495 2.0858 2.3998 1.5847 3.2427 0.71101 2.9889 2.5695 2.011 1.5303 2.3073 2.5643 2.3967 2.904 3.2546 1.9171 2.02 2.6966 1.6061 2.4784 3.3068 0.93851 1.9866 3.7205 3.6482 1.576 2.3531 1.0995 2.5179 3.7205 2.1156 3.0969 2.5242 2.0858 2.514 1.3642 3.265 2.8571 2.8022 2.0373 2.5984 1.8856 3.0545 2.5643 0.073922 2.6329 0.0 0.0 2.9422 1.9609 2.9422 3.5206 1.6801 2.9422 3.5206 1.9609 3.2381 1.6801 2.9422 3.5206 1.9609 3.2381
2.0537 2.0452 1.6033 0.91939 0.0 1.2359 1.5022 1.3527 2.0754 2.5809 2.1729 1.3776 1.5706 1.4472 1.2718 2.5809 0.82421 0.63982 1.6099 1.3842 1.2602 0.44508 2.1031 1.1824 1.8493 1.8589 0.87138 0.52964 1.1676 1.5636 1.8551 1.7644 2.1149 0.77744 1.7044 1.636 0.4665 1.3388 2.1672 1.3759 1.9087 2.5809 2.5086 1.1714 1.5675 1.5709 1.8163 2.5809 1.414 1.9573 1.7386 1.3842 1.3744 1.1346 2.1254 1.7514 1.6626 1.7216 1.4588 0.74598 1.9149 1.5636 0.9333 1.6323 0.0 0.0 1.8025 1.1753 1.8025 2.3809 0.97852 1.8025 2.3809 1.1753 2.0985 0.97852 1.8025 2.3809 1.1753 2.0985
1.1615 1.153 0.56804 2.3042 1.5932 0.0 1.093 1.8755 1.6661 1.7696 1.3617 2.6904 1.2213 1.9409 0.92651 1.7696 1.581 1.7926 1.2007 2.1505 1.1389 1.5178 1.2109 2.5671 0.81405 1.5097 1.1891 1.8844 0.7584 1.2654 2.1958 0.72918 1.2227 1.5342 2.8311 0.70677 1.316 0.15755 1.2749 2.6886 2.8735 1.7696 1.6973 2.4842 1.2182 2.9557 1.5801 1.7696 2.3227 1.065 1.3893 2.1505 0.96516 2.5193 1.2331 1.3422 0.48136 2.8484 1.0495 1.2167 1.5056 1.2654 2.3181 1.334 0.0 0.0 1.3933 1.803 1.3933 1.4577 2.0348 1.3933 1.4577 1.803 1.2063 2.0348 1.3933 1.4577 1.803 1.2063
0.61424 0.60579 0.93483 2.6629 1.927 1.2305 0.0 1.7443 0.86893 1.1164 0.70844 2.5592 1.3091 1.8097 1.3013 1.1164 1.9558 1.9574 0.94144 2.0193 2.0557 1.8926 0.66365 2.7359 1.1808 1.0005 1.5639 2.0492 1.1252 1.4112 2.0386 1.096 0.67549 1.909 2.6739 1.8826 1.6908 1.3333 0.72772 2.5574 2.7162 1.1164 1.0441 2.353 1.306 3.1245 1.0855 1.1164 2.1655 1.2888 1.4771 2.0193 0.91195 2.6881 1.4569 0.67398 1.6571 2.6912 0.71232 1.8775 0.45042 1.4112 2.6768 1.4798 0.0 0.0 0.33808 1.9678 0.33808 1.1625 1.9036 0.33808 1.1625 1.9678 0.65907 1.9036 0.33808 1.1625 1.9678 0.65907
2.2817 2.2732 1.8313 1.3874 1.0614 1.7389 1.7302 0.0 1.5974 2.8089 2.4009 1.1966 1.1456 0.21615 1.7747 2.8089 1.5552 0.7878 1.8379 0.42577 1.7632 1.4271 2.3311 1.4604 2.0773 0.99789 1.3744 0.87963 1.6706 1.6466 0.66005 1.9924 2.3429 1.6164 1.2953 2.139 1.3982 1.8418 2.3952 1.1949 1.3377 2.8089 2.7365 0.89739 1.1424 1.8489 0.9463 2.8089 0.78694 2.1853 1.3135 0.42577 1.6024 1.4125 2.3534 1.3644 2.1656 1.3126 1.6868 1.585 2.1429 1.6466 1.4013 1.7153 0.0 0.0 2.0305 0.79824 2.0305 2.6089 0.54102 2.0305 2.6089 0.79824 2.3265 0.54102 2.0305 2.6089 0.79824 2.3265
0.82037 0.81191 0.94895 2.4711 1.7351 1.2446 0.84788 1.5524 0.0 1.3225 0.91457 2.3673 1.1173 1.6178 1.3154 1.3225 1.9699 1.7655 0.95556 1.8275 2.0698 1.9067 0.86977 2.5441 1.195 0.80858 1.578 1.8573 1.1393 1.2193 1.8467 1.1101 0.88161 1.9231 2.482 1.8967 1.7049 1.3475 0.93385 2.3656 2.5244 1.3225 1.2502 2.1611 1.1141 2.9326 0.8936 1.3225 1.9736 1.3029 1.2852 1.8275 0.72007 2.4962 1.4711 0.4821 1.6713 2.4993 0.80444 1.8916 0.65654 1.2193 2.485 1.2879 0.0 0.0 0.5442 1.7759 0.5442 1.3686 1.7117 0.5442 1.3686 1.7759 0.86519 1.7117 0.5442 1.3686 1.7759 0.86519
0.43782 0.42936 0.7584 2.5025 1.7916 1.0541 0.57933 2.0278 1.1525 0.0 0.53202 2.8428 1.4117 2.0933 1.1249 0.0 1.7793 1.9909 0.76502 2.3029 1.8793 1.7162 0.48723 2.7655 1.0044 1.284 1.3875 2.0828 0.94877 1.4558 2.3222 0.91954 0.49906 1.7326 2.9575 1.7061 1.5143 1.1569 0.5513 2.841 2.9998 0.0 0.86768 2.6365 1.4086 3.154 1.3691 0.0 2.4491 1.1124 1.5797 2.3029 1.1555 2.7177 1.2805 0.95756 1.4807 2.9748 0.5359 1.7011 0.668 1.4558 2.5164 1.5244 0.0 0.0 0.55565 2.0014 0.55565 0.98607 2.1872 0.55565 0.98607 2.0014 0.48265 2.1872 0.55565 0.98607 2.0014 0.48265
0.63886 0.63041 0.95945 2.7036 1.9926 1.2551 0.78037 2.2289 1.3536 0.75104 0.0 3.0438 1.6128 2.2943 1.3259 0.75104 1.9804 2.192 0.96606 2.504 2.0143 1.9172 0.68827 2.9665 1.2055 1.4851 1.5885 2.2838 1.1498 1.6568 2.5232 1.1206 0.70011 1.9336 3.1585 1.5821 1.7154 1.358 0.75234 3.042 3.2009 0.75104 0.37966 2.8376 1.6096 3.3551 1.5701 0.75104 2.6501 0.65537 1.7807 2.504 1.3566 2.9187 0.82349 1.1586 1.3567 3.1758 0.73694 1.9021 0.86904 1.6568 2.7175 1.7254 0.0 0.0 0.7567 2.2024 0.7567 0.49805 2.3882 0.7567 0.49805 2.2024 0.68369 2.3882 0.7567 0.49805 2.2024 0.68369
2.9436 2.9351 2.4932 0.7283 1.5394 2.1258 2.3921 1.1966 2.3113 3.4708 3.0628 0.0 1.6235 1.2911 2.1617 3.4708 1.3211 1.2657 2.4998 1.2281 2.1501 1.335 2.993 0.80129 2.7392 1.7118 1.7613 0.99955 2.0576 2.1246 1.539 2.6543 3.0048 1.6674 1.1463 2.4469 1.3564 2.2287 3.0571 0.064792 1.1129 3.4708 3.3985 0.71832 1.6204 1.1898 1.6602 3.4708 1.2579 2.8472 1.7915 1.2281 2.2643 0.75346 3.0153 2.0783 2.5525 1.1635 2.3487 1.6359 2.8048 2.1246 0.74221 2.1932 0.0 0.0 2.6924 1.2762 2.6924 3.2709 0.82243 2.6924 3.2709 1.2762 2.9884 0.82243 2.6924 3.2709 1.2762 2.9884
1.8143 1.8058 1.3639 1.782 1.456 1.6535 1.2628 0.7763 1.13 2.3415 1.9335 1.5912 0.0 0.84175 1.7243 2.3415 1.9498 1.1824 1.3705 1.0514 2.1577 1.8217 1.8637 1.855 1.6099 0.53049 1.769 1.2742 1.5542 1.3132 1.0946 1.525 1.8755 2.011 1.7299 2.3056 1.7928 1.7564 1.9278 1.5895 1.7723 2.3415 2.2691 1.385 0.80905 2.2435 0.47889 2.3415 1.2215 1.7178 0.98014 1.0514 1.135 1.8071 1.886 0.89702 2.0802 1.7472 1.2194 1.9796 1.6755 1.3132 1.7959 1.3819 0.0 0.0 1.5631 1.1928 1.5631 2.1415 0.93562 1.5631 2.1415 1.1928 1.8591 0.93562 1.5631 2.1415 1.1928 1.8591
2.0945 2.086 1.6441 1.6462 1.3722 1.8167 1.543 0.76748 1.4102 2.6216 2.2137 1.4554 0.97536 0.0 1.8875 2.6216 1.814 1.0986 1.6507 0.543 2.0739 1.7378 2.1439 1.7192 1.8901 0.81068 1.6851 1.1904 1.7484 1.4764 0.47283 1.8052 2.1557 1.9272 1.1081 2.4498 1.709 1.9196 2.2079 1.4537 1.1505 2.6216 2.5493 0.81518 0.97224 2.1077 0.75908 2.6216 0.59972 1.998 1.1433 0.543 1.4152 1.6713 2.1662 1.1772 2.2434 1.1254 1.4995 1.8958 1.9556 1.4764 1.6601 1.545 0.0 0.0 1.8433 1.109 1.8433 2.4217 0.85181 1.8433 2.4217 1.109 2.1393 0.85181 1.8433 2.4217 1.109 2.1393
1.5184 1.5099 1.068 1.5831 0.74016 0.70064 0.96691 1.0224 1.5401 2.0456 1.6376 1.8373 1.0953 1.0879 0.0 2.0456 1.3419 0.93951 1.0746 1.2975 1.4419 1.1088 1.5678 1.7181 1.314 1.3836 0.33608 1.0313 0.63234 1.1043 1.5318 1.2291 1.5796 1.2951 2.1641 1.3527 1.0769 0.80349 1.6319 1.8356 2.2094 2.0456 1.9733 1.6311 1.0922 2.1066 1.454 2.0456 1.6586 1.422 1.2633 1.2975 0.8391 1.6703 1.5901 1.2161 1.1273 2.1813 0.92347 1.2637 1.3796 1.1043 1.597 1.173 0.0 0.0 1.2672 0.94995 1.2672 1.8456 1.1817 1.2672 1.8456 0.94995 1.5632 1.1817 1.2672 1.8456 0.94995 1.5632
0.43782 0.42936 0.7584 2.5025 1.7916 1.0541 0.57933 2.0278 1.1525 0.0 0.53202 2.8428 1.4117 2.0933 1.1249 0.0 1.7793 1.9909 0.76502 2.3029 1.8793 1.7162 0.48723 2.7655 1.0044 1.284 1.3875 2.0828 0.94877 1.4558 2.3222 0.91954 0.49906 1.7326 2.9575 1.7061 1.5143 1.1569 0.5513 2.841 2.9998 0.0 0.86768 2.6365 1.4086 3.154 1.3691 0.0 2.4491 1.1124 1.5797 2.3029 1.1555 2.7177 1.2805 0.95756 1.4807 2.9748 0.5359 1.7011 0.668 1.4558 2.5164 1.5244 0.0 0.0 0.55565 2.0014 0.55565 0.98607 2.1872 0.55565 0.98607 2.0014 0.48265 2.1872 0.55565 0.98607 2.0014 0.48265
2.1802 2.1717 1.5868 1.4989 1.4929 1.5034 1.7697 1.8252 2.3429 2.7884 2.3804 1.9571 1.8981 1.8906 1.0332 2.7884 0.0 1.2193 1.8774 1.9637 1.0217 0.71256 2.2296 1.7619 1.8328 2.1864 1.1389 1.1091 1.4351 1.9071 2.3345 1.7479 2.2414 0.72893 2.2838 1.3445 0.51069 1.1763 2.2937 1.9554 2.4882 2.7884 2.634 1.7509 1.8949 2.1504 2.2568 2.7884 1.9934 2.0838 2.066 1.9637 1.6419 1.714 2.2519 2.0189 1.5001 2.3011 1.7263 0.38946 2.1824 1.9071 1.5128 1.9758 0.0 0.0 2.07 1.7527 2.07 2.2334 1.558 2.07 2.2334 1.7527 2.225 1.558 2.07 2.2334 1.7527 2.225
1.8309 1.8224 1.3805 1.1786 0.33566 1.0131 1.2794 1.3349 1.8526 2.3581 1.9501 1.6368 1.4078 1.4004 1.049 2.3581 0.93741 0.0 1.3871 1.61 1.0374 0.70428 1.8803 1.4416 1.6265 1.6961 0.64858 0.78884 0.94485 1.4168 1.8443 1.5416 1.8921 0.89064 1.9636 1.4132 0.67241 1.116 1.9444 1.6351 2.1679 2.3581 2.2858 1.4306 1.4047 1.8301 1.7665 2.3581 1.6732 1.7345 1.5758 1.61 1.1516 1.3938 1.9026 1.5286 1.4398 1.9808 1.236 0.85918 1.6921 1.4168 1.1925 1.4855 0.0 0.0 1.5797 1.2625 1.5797 2.1581 1.2377 1.5797 2.1581 1.2625 1.8757 1.2377 1.5797 2.1581 1.2625 1.8757
1.1538 1.1453 0.077386 1.8215 1.1106 0.37304 0.60231 1.3868 1.1755 1.681 1.273 2.2017 0.73069 1.4523 0.44386 1.681 1.0983 1.3099 0.0 1.6619 1.1983 1.0352 1.2032 2.0845 0.32339 1.019 0.70649 1.4017 0.26775 0.77475 1.7052 0.23852 1.215 1.0515 2.3405 1.0251 0.83331 0.47589 1.2673 2.2 2.3828 1.681 1.6087 1.9955 0.72757 2.473 1.0894 1.681 1.8321 1.0574 0.89867 1.6619 0.47451 2.0367 1.2255 0.85154 0.7997 2.3577 0.55888 1.0201 1.015 0.77475 1.8354 0.84338 0.0 0.0 0.90264 1.3204 0.90264 1.481 1.5461 0.90264 1.481 1.3204 1.1986 1.5461 0.90264 1.481 1.3204 1.1986
2.3028 2.2943 1.8523 1.4189 1.093 1.7704 1.7513 0.48821 1.6184 2.8299 2.422 1.2281 1.1771 0.23722 1.8063 2.8299 1.5867 0.81931 1.8589 0.0 1.7947 1.4586 2.3522 1.4919 2.0983 1.019 1.4059 0.91114 1.7021 1.6781 0.68112 2.0135 2.364 1.6479 1.1579 2.1705 1.4297 1.8733 2.4162 1.2264 1.3588 2.8299 2.7576 0.67291 1.174 1.8804 0.96737 2.8299 0.64945 2.2063 1.3451 0.0 1.6235 1.4441 2.3744 1.3855 2.1971 1.1751 1.7078 1.6165 2.1639 1.6781 1.4328 1.7468 0.0 0.0 2.0516 0.82975 2.0516 2.63 0.57253 2.0516 2.63 0.82975 2.3476 0.57253 2.0516 2.63 0.82975 2.3476
2.095 2.0866 1.5146 1.4267 1.4208 1.4312 1.6975 1.753 2.2707 2.7002 2.0131 1.8849 1.8259 1.8185 0.96107 2.7002 0.70352 1.1471 1.8052 1.8915 0.0 0.64039 2.1444 1.6897 1.7606 2.1142 1.0667 1.037 1.363 1.835 2.2624 1.6757 2.1563 0.65675 2.2117 0.95232 0.43852 1.1041 2.2085 1.8832 2.416 2.7002 2.2419 1.6787 1.8228 2.0782 2.1846 2.7002 1.9213 1.9986 1.9939 1.8915 1.5697 1.6419 2.1667 1.9467 1.4279 2.2289 1.6541 0.15529 2.1102 1.835 1.4406 1.9036 0.0 0.0 1.9978 1.6806 1.9978 1.8413 1.4858 1.9978 1.8413 1.6806 2.1398 1.4858 1.9978 1.8413 1.6806 2.1398
1.7756 1.7672 1.3252 1.6053 0.99737 0.95785 1.2241 1.2796 1.7973 2.3028 1.8948 2.0635 1.3525 1.3451 0.99367 2.3028 0.88211 1.1967 1.3318 1.5547 0.98208 0.0 1.825 1.8683 1.5712 1.6408 0.59329 1.2156 0.88955 1.3616 1.789 1.4863 1.8369 0.83535 2.3903 1.3579 0.61712 1.0607 1.8891 2.0618 2.4666 2.3028 2.2305 1.8573 1.3494 2.2568 1.7112 2.3028 1.9159 1.6792 1.5205 1.5547 1.0963 1.8205 1.8473 1.4733 1.3845 2.4075 1.1807 0.80389 1.6368 1.3616 1.6192 1.4302 0.0 0.0 1.5244 1.2072 1.5244 2.1029 1.4389 1.5244 2.1029 1.2072 1.8204 1.4389 1.5244 2.1029 1.2072 1.8204
0.89086 0.88241 0.44045 2.1846 1.4736 0.7361 0.96537 1.7499 1.5386 1.499 1.0911 2.5648 1.0938 1.8153 0.80692 1.499 1.4614 1.673 0.44706 2.0249 1.5613 1.3982 0.0 2.4475 0.68645 1.3821 1.0695 1.7648 0.63081 1.1378 2.0682 0.60158 0.011838 1.4146 2.7035 1.3882 1.1964 0.83895 0.064074 2.563 2.7459 1.499 1.4267 2.3586 1.0906 2.8361 1.4525 1.499 2.1951 0.79443 1.2617 2.0249 0.83757 2.3997 0.96255 1.2146 1.1628 2.7208 0.92194 1.3831 1.378 1.1378 2.1985 1.2064 0.0 0.0 1.2657 1.6834 1.2657 1.2181 1.9092 1.2657 1.2181 1.6834 0.93569 1.9092 1.2657 1.2181 1.6834 0.93569
2.9819 2.9734 2.5315 0.7476 1.6327 2.1641 2.4304 1.4629 2.5776 3.5091 3.1011 0.34885 1.7648 1.5574 2.2 3.5091 1.3594 1.359 2.5381 1.4944 2.1884 1.3733 3.0313 0.0 2.7775 1.9781 1.7996 1.0379 2.0959 2.2659 1.8053 2.6926 3.0431 1.7057 1.4286 2.4852 1.3947 2.267 3.0954 0.34709 1.3952 3.5091 3.4368 0.98462 1.7617 0.50812 1.9265 3.5091 1.5242 2.8855 1.9328 1.4944 2.3026 0.77276 3.0536 2.3446 2.5908 1.4458 2.387 1.6742 2.8431 2.2659 0.76151 2.3345 0.0 0.0 2.7307 1.3695 2.7307 3.3092 1.0887 2.7307 3.3092 1.3695 3.0267 1.0887 2.7307 3.3092 1.3695 3.0267
1.3245 1.3161 0.73109 1.6662 0.95527 0.21775 1.182 1.2375 1.7552 1.9327 1.5247 2.0525 1.3104 1.303 0.28857 1.9327 0.94302 1.1546 1.2897 1.5126 1.043 0.87989 1.3739 1.9292 0.0 1.5987 0.55119 1.2465 0.84746 1.3195 1.7469 0.89223 1.3858 0.89626 2.3792 0.86983 0.67802 0.3206 1.438 2.0507 2.4245 1.9327 1.8604 1.8462 1.3073 2.3177 1.6691 1.9327 1.8738 1.2281 1.4784 1.5126 1.0542 1.8814 1.3962 1.4312 0.64441 2.3965 1.1386 0.86479 1.5947 1.3195 1.6801 1.3881 0.0 0.0 1.4823 1.1651 1.4823 1.6208 1.3969 1.4823 1.6208 1.1651 1.3693 1.3969 1.4823 1.6208 1.1651 1.3693
1.4369 1.4284 0.98646 1.9026 1.5546 1.2821 0.88539 0.89689 0.75257 1.964 1.5561 1.7118 0.63276 0.96234 1.3529 1.964 2.0074 1.281 0.99307 1.172 2.1073 1.9203 1.4863 1.9756 1.2325 0.0 1.6156 1.3728 1.1768 1.2568 1.1912 1.1476 1.4981 1.9606 1.8265 1.9342 1.7424 1.385 1.5504 1.7101 1.8689 1.964 1.8917 1.5056 0.62964 2.3641 0.23811 1.964 1.3181 1.3404 0.80074 1.172 0.75758 1.9277 1.5086 0.51961 1.7088 1.8438 0.84195 1.9292 1.2981 1.2568 1.9165 1.3255 0.0 0.0 1.1857 1.2914 1.1857 1.7641 1.0562 1.1857 1.7641 1.2914 1.4817 1.0562 1.1857 1.7641 1.2914 1.4817
1.2519 1.2434 0.80148 1.8826 1.1717 0.43413 0.7004 1.4539 1.2736 1.7791 1.3711 2.2688 0.82878 1.5194 0.50495 1.7791 1.1594 1.371 0.80809 1.729 1.2594 1.0963 1.3013 2.1456 1.0475 1.1171 0.0 1.4628 0.36584 0.87284 1.8033 0.96261 1.3131 1.1126 2.4386 1.0862 0.8944 0.53698 1.3654 2.2671 2.4809 1.7791 1.7068 2.0626 0.82566 2.5341 1.1875 1.7791 1.9301 1.1555 0.99676 1.729 0.5726 2.0978 1.3236 0.94963 0.86079 2.4558 0.65697 1.0812 1.1131 0.87284 1.8965 0.94147 0.0 0.0 1.0007 1.3815 1.0007 1.5791 1.6132 1.0007 1.5791 1.3815 1.2967 1.6132 1.0007 1.5791 1.3815 1.2967
2.5289 2.5204 2.0785 0.73858 1.2496 1.7111 1.9774 1.2789 2.3936 3.0561 2.6481 1.0068 1.5808 1.3734 1.7469 3.0561 0.90639 0.976 2.0851 1.3104 1.7354 0.92026 2.5783 0.81157 2.3245 1.7941 1.3466 0.0 1.6428 1.8998 1.6213 2.2396 2.5901 1.2526 1.3336 2.0322 0.94169 1.814 2.6424 1.0051 1.5379 3.0561 2.9837 0.8006 1.5777 1.2001 1.7425 3.0561 1.3401 2.4325 1.7488 1.3104 1.8496 0.76374 2.6006 2.1606 2.1378 1.3508 1.934 1.2212 2.3901 1.8998 0.75249 1.9685 0.0 0.0 2.2777 1.1854 2.2777 2.8561 0.90471 2.2777 2.8561 1.1854 2.5737 0.90471 2.2777 2.8561 1.1854 2.5737
0.9705 0.96205 0.52009 2.2642 1.5533 0.81574 0.41901 1.8295 0.99219 1.4977 1.0897 2.6444 1.1734 1.895 0.88656 1.4977 1.541 1.7526 0.5267 2.1046 1.641 1.4779 1.0199 2.5272 0.76609 1.1237 1.1492 1.8444 0.0 1.2175 2.1479 0.68122 1.0317 1.4942 2.7832 1.4678 1.276 0.91859 1.084 2.6427 2.8255 1.4977 1.4254 2.4382 1.1703 2.9157 1.2087 1.4977 2.2748 0.87407 1.3414 2.1046 0.29121 2.4794 1.0422 0.79724 1.2424 2.8004 0.37558 1.4628 0.83168 1.2175 2.2781 1.2861 0.0 0.0 0.71934 1.7631 0.71934 1.2977 1.9888 0.71934 1.2977 1.7631 1.0153 1.9888 0.71934 1.2977 1.7631 1.0153
1.2134 1.205 0.763 1.8441 1.1332 0.39566 0.66193 1.4154 1.2351 1.7406 1.3326 2.2304 0.79031 1.4809 0.46648 1.7406 1.1209 1.3325 0.76962 1.6905 1.2209 1.0578 1.2628 2.1071 1.009 1.0786 0.7291 1.4244 0.32737 0.0 1.7648 0.92414 1.2747 1.0742 2.4001 1.0477 0.85593 0.49851 1.3269 2.2286 2.4424 1.7406 1.6683 2.0241 0.78719 2.4956 1.149 1.7406 1.8917 1.117 0.95828 1.6905 0.53412 2.0593 1.2851 0.91116 0.82232 2.4174 0.61849 1.0427 1.0746 0.0 1.858 0.903 0.0 0.0 0.96225 1.343 0.96225 1.5407 1.5748 0.96225 1.5407 1.343 1.2582 1.5748 0.96225 1.5407 1.343 1.2582
2.7772 2.7688 2.3268 1.3039 1.616 2.2765 2.2258 1.0113 2.0929 3.3044 2.8964 1.1132 1.6581 0.94671 2.3123 3.3044 1.4718 1.3424 2.3334 0.78677 2.3007 1.4856 2.8266 1.3769 2.5728 1.4935 1.9119 1.1502 2.2082 2.1592 0.0 2.488 2.8385 1.818 0.76591 2.5976 1.507 2.3793 2.8907 1.1114 0.97025 3.3044 3.2321 0.47296 1.655 1.7655 1.4419 3.3044 0.2575 2.6808 1.8261 0.78677 2.098 1.3291 2.8489 1.86 2.7031 0.78319 2.1823 1.7865 2.6384 2.1592 1.3178 2.2278 0.0 0.0 2.5261 1.3528 2.5261 3.1045 0.97307 2.5261 3.1045 1.3528 2.8221 0.97307 2.5261 3.1045 1.3528 2.8221
1.0351 1.0266 0.58468 1.9658 1.1719 0.88034 0.48361 1.2681 1.0568 1.5623 1.1543 2.083 0.61199 1.3336 0.95116 1.5623 1.6056 1.2602 0.5913 1.5432 1.7056 1.5405 1.0845 2.0388 0.83069 0.90031 1.2138 1.352 0.14905 0.65605 1.5865 0.0 1.0963 1.5588 2.2218 1.5324 1.3406 0.98319 1.1486 2.0813 2.2641 1.5623 1.49 1.8768 0.60887 2.4273 0.97072 1.5623 1.7134 0.93867 0.77997 1.5432 0.35581 1.991 1.1068 0.73284 1.307 2.239 0.44018 1.5274 0.89628 0.65605 1.9797 0.72468 0.0 0.0 0.78393 1.2707 0.78393 1.3623 1.4274 0.78393 1.3623 1.2707 1.0799 1.4274 0.78393 1.3623 1.2707 1.0799
0.87902 0.87057 0.42861 2.1727 1.4618 0.72426 0.95353 1.738 1.5267 1.4872 1.0792 2.553 1.0819 1.8035 0.79508 1.4872 1.4495 1.6611 0.43522 2.0131 1.5495 1.3864 0.92843 2.4357 0.67461 1.3702 1.0577 1.753 0.61897 1.126 2.0564 0.58974 0.0 1.4028 2.6917 1.3763 1.1845 0.82712 0.052236 2.5512 2.734 1.4872 1.4149 2.3467 1.0788 2.8242 1.4406 1.4872 2.1833 0.78259 1.2499 2.0131 0.82573 2.3879 0.95072 1.2028 1.1509 2.709 0.9101 1.3713 1.3662 1.126 2.1866 1.1946 0.0 0.0 1.2539 1.6716 1.2539 1.2063 1.8974 1.2539 1.2063 1.6716 0.92385 1.8974 1.2539 1.2063 1.6716 0.92385
2.3135 2.305 1.7201 1.6322 1.6262 1.6367 1.903 1.9585 2.4762 2.9217 2.3936 2.0904 2.0314 2.024 1.1665 2.9217 0.20699 1.3526 2.0107 2.097 1.155 0.84586 2.3629 1.8952 1.9661 2.3197 1.2722 1.2424 1.5684 2.0404 2.4679 1.8812 2.3747 0.0 2.4172 1.3328 0.644 1.3096 2.427 2.0887 2.6215 2.9217 2.6224 1.8842 2.0283 2.2837 2.3901 2.9217 2.1267 2.2171 2.1994 2.097 1.7752 1.8473 2.3852 2.1522 1.6334 2.4344 1.8596 0.52277 2.3157 2.0404 1.6461 2.1091 0.0 0.0 2.2033 1.886 2.2033 2.2217 1.6913 2.2033 2.2217 1.886 2.3583 1.6913 2.2033 2.2217 1.886 2.3583
3.2688 3.2604 2.8184 1.3815 2.0826 2.6691 2.7173 1.5028 2.5845 3.796 3.388 1.1598 2.1497 1.4383 2.7049 3.796 1.8643 1.8089 2.825 1.2784 2.6933 1.8782 3.3182 1.4545 3.0644 1.985 2.3045 1.5428 2.6008 2.6508 1.1902 2.9795 3.3301 2.2106 0.0 2.9901 1.8996 2.7719 3.3823 1.158 0.7591 3.796 3.7237 0.86554 2.1466 1.843 1.9334 3.796 1.3171 3.1724 2.3177 1.2784 2.5895 1.4067 3.3405 2.3516 3.0957 0.017276 2.6739 2.1791 3.13 2.6508 1.3954 2.7194 0.0 0.0 3.0177 1.8194 3.0177 3.5961 1.3656 3.0177 3.5961 1.8194 3.3137 1.3656 3.0177 3.5961 1.8194 3.3137
1.4619 1.4535 0.86853 1.6926 0.98171 0.94219 1.2085 1.264 1.7816 2.0701 1.6621 2.0789 1.3368 1.3294 0.31501 2.0701 0.96946 1.1811 1.3161 1.539 1.0694 0.90633 1.5114 1.9556 1.1145 1.6252 0.57763 1.2729 0.8739 1.3459 1.7733 1.0297 1.5232 0.92269 2.4056 0.0 0.70446 0.45804 1.5754 2.0771 2.451 2.0701 1.9978 1.8727 1.3337 2.3442 1.6956 2.0701 1.9002 1.3655 1.5048 1.539 1.0807 1.9078 1.5336 1.4577 0.78185 2.4229 1.165 0.89123 1.6211 1.3459 1.7066 1.4145 0.0 0.0 1.5088 1.1915 1.5088 1.7582 1.4233 1.5088 1.7582 1.1915 1.5068 1.4233 1.5088 1.7582 1.1915 1.5068
1.8575 1.849 1.407 1.0352 1.0292 1.0397 1.306 1.3615 1.8792 2.3846 1.9767 1.4934 1.4344 1.4269 0.97023 2.3846 0.40468 0.75559 1.4137 1.5 0.95864 0.24884 1.9069 1.2982 1.6531 1.7227 0.67515 0.64541 0.97141 1.4434 1.8708 1.5682 1.9187 0.35792 1.8201 1.2815 0.0 1.1133 1.9709 1.4917 2.0245 2.3846 2.3123 1.2872 1.4312 1.6867 1.7931 2.3846 1.5297 1.761 1.6023 1.5 1.1782 1.2503 1.9292 1.5552 1.4371 1.8374 1.2625 0.32646 1.7186 1.4434 1.0491 1.512 0.0 0.0 1.6063 1.289 1.6063 2.1704 1.0943 1.6063 2.1704 1.289 1.9023 1.0943 1.6063 2.1704 1.289 1.9023
1.0811 1.0726 0.48764 2.2317 1.5208 0.7833 1.0126 1.7971 1.5857 1.6892 1.2813 2.612 1.1409 1.8625 0.85411 1.6892 1.5086 1.7202 1.1203 2.0721 1.6085 1.4454 1.1305 2.4947 0.73365 1.4293 1.1167 1.812 0.678 1.185 2.1154 0.64877 1.1423 1.4618 2.7507 1.4354 1.2436 0.0 1.1945 2.6102 2.7931 1.6892 1.6169 2.4058 1.1378 2.8833 1.4997 1.6892 2.2423 0.98463 1.3089 2.0721 0.88476 2.4469 1.1527 1.2618 1.21 2.768 0.96913 1.4303 1.4252 1.185 2.2457 1.2536 0.0 0.0 1.3129 1.7306 1.3129 1.4083 1.9564 1.3129 1.4083 1.7306 1.1259 1.9564 1.3129 1.4083 1.7306 1.1259
0.82679 0.81833 0.37637 2.1205 1.4095 0.67203 0.9013 1.6858 1.4745 1.435 1.027 2.5007 1.0297 1.7513 0.74285 1.435 1.3973 1.6089 0.38298 1.9609 1.4973 1.3342 0.87619 2.3835 0.62238 1.318 1.0055 1.7007 0.56673 1.0737 2.0042 0.53751 0.88803 1.3505 2.6395 1.3241 1.1323 0.77488 0.0 2.499 2.6818 1.435 1.3627 2.2945 1.0266 2.772 1.3884 1.435 2.131 0.73036 1.1977 1.9609 0.77349 2.3356 0.89848 1.1505 1.0987 2.6567 0.85786 1.3191 1.314 1.0737 2.1344 1.1424 0.0 0.0 1.2016 1.6193 1.2016 1.154 1.8451 1.2016 1.154 1.6193 0.87162 1.8451 1.2016 1.154 1.6193 0.87162
3.1983 3.1899 2.7479 0.98301 1.7941 2.3806 2.6468 1.4513 2.566 3.7255 3.3175 0.76126 1.8782 1.5458 2.4164 3.7255 1.5758 1.5204 2.7545 1.4648 2.4048 1.5897 3.2477 1.056 2.9939 1.9665 2.016 1.2543 2.3123 2.3793 1.5377 2.909 3.2596 1.9221 1.14 2.7016 1.6111 2.4834 3.3118 0.0 1.1066 3.7255 3.6532 0.86003 1.8751 1.4445 1.9149 3.7255 1.4166 3.1019 2.0462 1.4648 2.519 1.0082 3.27 2.3331 2.8072 1.1573 2.6034 1.8906 3.0595 2.3793 0.99692 2.4479 0.0 0.0 2.9472 1.5309 2.9472 3.5256 1.0771 2.9472 3.5256 1.5309 3.2431 1.0771 2.9472 3.5256 1.5309 3.2431
3.1527 3.1442 2.7023 1.4724 1.9914 2.6459 2.6012 1.3867 2.4684 3.6798 3.2719 1.2506 2.0336 1.3221 2.6817 3.6798 1.8412 1.7178 2.7089 1.1622 2.6701 1.855 3.2021 1.5454 2.9483 1.8689 2.2814 1.5196 2.5776 2.5346 1.074 2.8634 3.2139 2.1874 0.88333 2.967 1.8765 2.7488 3.2661 1.2489 0.0 3.6798 3.6075 0.84238 2.0304 1.9339 1.8173 3.6798 1.2009 3.0562 2.2015 1.1622 2.4734 1.4975 3.2244 2.2354 3.0726 0.90061 2.5577 2.156 3.0138 2.5346 1.4863 2.6032 0.0 0.0 2.9015 1.7282 2.9015 3.4799 1.3425 2.9015 3.4799 1.7282 3.1975 1.3425 2.9015 3.4799 1.7282 3.1975
0.43782 0.42936 0.7584 2.5025 1.7916 1.0541 0.57933 2.0278 1.1525 0.0 0.53202 2.8428 1.4117 2.0933 1.1249 0.0 1.7793 1.9909 0.76502 2.3029 1.8793 1.7162 0.48723 2.7655 1.0044 1.284 1.3875 2.0828 0.94877 1.4558 2.3222 0.91954 0.49906 1.7326 2.9575 1.7061 1.5143 1.1569 0.5513 2.841 2.9998 0.0 0.86768 2.6365 1.4086 3.154 1.3691 0.0 2.4491 1.1124 1.5797 2.3029 1.1555 2.7177 1.2805 0.95756 1.4807 2.9748 0.5359 1.7011 0.668 1.4558 2.5164 1.5244 0.0 0.0 0.55565 2.0014 0.55565 0.98607 2.1872 0.55565 0.98607 2.0014 0.48265 2.1872 0.55565 0.98607 2.0014 0.48265
0.44771 0.43926 0.7683 2.5124 1.8015 1.064 0.58922 2.0377 1.1624 1.0559 0.64791 2.8527 1.4216 2.1032 1.1348 1.0559 1.7892 2.0008 0.77491 2.3128 1.7102 1.7261 0.49712 2.7754 1.0143 1.2939 1.3974 2.0927 0.95866 1.4657 2.3321 0.92943 0.50896 1.7425 2.9674 1.278 1.5242 1.1668 0.56119 2.8509 3.0097 1.0559 0.0 2.6464 1.4185 3.1639 1.379 1.0559 2.459 0.35128 1.5896 2.3128 1.1654 2.7276 0.51941 0.96745 1.0526 2.9847 0.54579 1.711 1.0019 1.4657 2.5263 1.5343 0.0 0.0 0.88955 2.0113 0.88955 0.19396 2.1971 0.88955 0.19396 2.0113 0.49254 2.1971 0.88955 0.19396 2.0113 0.49254
2.7434 2.7349 2.293 0.95307 1.3391 1.9256 2.1919 0.89739 2.1111 3.2706 2.8626 0.76232 1.4233 0.83285 1.9614 3.2706 1.1209 1.0655 2.2996 0.67291 1.9498 1.1348 2.7928 1.0261 2.539 1.5116 1.5611 0.79932 1.8573 1.9243 0.88874 2.4541 2.8046 1.4671 0.60104 2.2467 1.1562 2.0285 2.8569 0.76056 0.80538 3.2706 3.1982 0.0 1.4201 1.4146 1.46 3.2706 0.62463 2.6469 1.5912 0.67291 2.0641 0.97823 2.8151 1.8781 2.3523 0.61832 2.1485 1.4357 2.6046 1.9243 0.96698 1.993 0.0 0.0 2.4922 1.0759 2.4922 3.0706 0.6222 2.4922 3.0706 1.0759 2.7882 0.6222 2.4922 3.0706 1.0759 2.7882
1.6644 1.6559 1.2139 2.13 1.7821 1.5096 1.1129 1.1244 0.98005 2.1915 1.7836 1.9393 0.86024 1.1898 1.5804 2.1915 2.2349 1.5085 1.2206 1.3994 2.3348 2.1477 1.7138 2.203 1.4599 0.38057 1.843 1.6003 1.4043 1.4843 1.4187 1.3751 1.7256 2.1881 2.054 2.1617 1.9699 1.6124 1.7778 1.9375 2.0964 2.1915 2.1192 1.7331 0.0 2.5916 0.46559 2.1915 1.5456 1.5679 0.26022 1.3994 0.98506 2.1552 1.736 0.74709 1.9363 2.0713 1.0694 2.1566 1.5255 1.4843 2.144 1.5529 0.0 0.0 1.4132 1.5189 1.4132 1.9916 1.2837 1.4132 1.9916 1.5189 1.7092 1.2837 1.4132 1.9916 1.5189 1.7092
2.6052 2.5968 2.1548 0.37094 1.256 1.7875 2.0538 1.0863 2.2009 3.1324 2.7244 0.67319 1.3881 1.1807 1.8233 3.1324 0.98275 0.98236 2.1614 1.1178 1.8117 0.99662 2.6547 0.44393 2.4008 1.6015 1.4229 0.66119 1.7192 1.8892 1.4286 2.316 2.6665 1.329 1.1409 2.1086 1.018 1.8903 2.7187 0.67143 1.3453 3.1324 3.0601 0.60796 1.385 0.0 1.5499 3.1324 1.1475 2.5088 1.5561 1.1178 1.926 0.3961 2.6769 1.968 2.2141 1.1582 2.0103 1.2975 2.4664 1.8892 0.38485 1.9578 0.0 0.0 2.3541 0.9928 2.3541 2.9325 0.71207 2.3541 2.9325 0.9928 2.6501 0.71207 2.3541 2.9325 0.9928 2.6501
1.5219 1.5134 1.0715 1.851 1.525 1.3671 0.97041 0.8453 0.83759 2.0491 1.6411 1.6602 0.71779 0.91075 1.438 2.0491 2.0188 1.2514 1.0781 1.1204 2.1924 1.8907 1.5713 1.924 1.3175 0.23811 1.7006 1.3432 1.2618 1.3419 1.1396 1.2326 1.5831 2.0456 1.7749 2.0192 1.8274 1.47 1.6354 1.6585 1.8173 2.0491 1.9768 1.454 0.71467 2.3125 0.0 2.0491 1.2665 1.4255 0.88577 1.1204 0.84261 1.8761 1.5936 0.60464 1.7938 1.7922 0.92698 2.0142 1.3831 1.3419 1.8649 1.4105 0.0 0.0 1.2707 1.2618 1.2707 1.8491 1.0046 1.2707 1.8491 1.2618 1.5667 1.0046 1.2707 1.8491 1.2618 1.5667
0.43782 0.42936 0.7584 2.5025 1.7916 1.0541 0.57933 2.0278 1.1525 0.0 0.53202 2.8428 1.4117 2.0933 1.1249 0.0 1.7793 1.9909 0.76502 2.3029 1.8793 1.7162 0.48723 2.7655 1.0044 1.284 1.3875 2.0828 0.94877 1.4558 2.3222 0.91954 0.49906 1.7326 2.9575 1.7061 1.5143 1.1569 0.5513 2.841 2.9998 0.0 0.86768 2.6365 1.4086 3.154 1.3691 0.0 2.4491 1.1124 1.5797 2.3029 1.1555 2.7177 1.2805 0.95756 1.4807 2.9748 0.5359 1.7011 0.668 1.4558 2.5164 1.5244 0.0 0.0 0.55565 2.0014 0.55565 0.98607 2.1872 0.55565 0.98607 2.0014 0.48265 2.1872 0.55565 0.98607 2.0014 0.48265
2.5975 2.5891 2.1471 1.6522 1.4363 2.1138 2.046 0.83153 1.9132 3.1247 2.7167 1.4615 1.4784 0.76698 2.1496 3.1247 1.82 1.1626 2.1537 0.60704 2.138 1.8019 2.6469 1.7252 2.3931 1.3137 1.7492 1.2545 2.0455 1.9795 0.51888 2.3082 2.6588 1.9913 1.1142 2.5138 1.773 2.2166 2.711 1.4597 0.80752 3.1247 3.0524 0.82123 1.4753 2.1137 1.2621 3.1247 0.0 2.5011 1.6464 0.60704 1.9182 1.6774 2.6692 1.6803 2.5404 1.1315 2.0026 1.9598 2.4587 1.9795 1.6661 2.0481 0.0 0.0 2.3463 1.1731 2.3463 2.9248 0.91586 2.3463 2.9248 1.1731 2.6423 0.91586 2.3463 2.9248 1.1731 2.6423
0.66932 0.66086 0.9899 2.734 2.0231 1.2856 0.81083 2.2593 1.384 0.78149 0.37352 3.0743 1.6432 2.3248 1.3564 0.78149 2.0108 2.2224 0.99651 2.5344 2.1108 1.9477 0.71872 2.997 1.2359 1.5155 1.619 2.3143 1.1803 1.6873 2.5537 1.151 0.73056 1.9641 3.189 1.9116 1.7458 1.3884 0.7828 3.0725 3.2313 0.78149 0.70918 2.868 1.6401 3.3855 1.6006 0.78149 2.6806 0.0 1.8112 2.5344 1.387 2.9492 0.16812 1.1891 1.6862 3.2063 0.76739 1.9326 0.89949 1.6873 2.7479 1.7559 0.0 0.0 0.78715 2.2329 0.78715 0.82756 2.4187 0.78715 0.82756 2.2329 0.71414 2.4187 0.78715 0.82756 2.2329 0.71414
1.4683 1.4598 1.0179 1.934 1.5861 1.3135 0.91681 0.92832 0.78399 1.9955 1.5875 1.7432 0.66419 0.99377 1.3844 1.9955 2.0388 1.3124 1.0245 1.2034 2.1388 1.9517 1.5177 2.007 1.2639 0.18451 1.647 1.4042 1.2082 1.2882 1.2227 1.179 1.5295 1.992 1.858 1.9656 1.7738 1.4164 1.5818 1.7415 1.9003 1.9955 1.9232 1.537 0.66107 2.3955 0.26954 1.9955 1.3496 1.3719 0.0 1.2034 0.789 1.9592 1.54 0.55103 1.7402 1.8752 0.87337 1.9606 1.3295 1.2882 1.9479 1.3569 0.0 0.0 1.2171 1.3229 1.2171 1.7955 1.0876 1.2171 1.7955 1.3229 1.5131 1.0876 1.2171 1.7955 1.3229 1.5131
2.3028 2.2943 1.8523 1.4189 1.093 1.7704 1.7513 0.48821 1.6184 2.8299 2.422 1.2281 1.1771 0.23722 1.8063 2.8299 1.5867 0.81931 1.8589 0.0 1.7947 1.4586 2.3522 1.4919 2.0983 1.019 1.4059 0.91114 1.7021 1.6781 0.68112 2.0135 2.364 1.6479 1.1579 2.1705 1.4297 1.8733 2.4162 1.2264 1.3588 2.8299 2.7576 0.67291 1.174 1.8804 0.96737 2.8299 0.64945 2.2063 1.3451 0.0 1.6235 1.4441 2.3744 1.3855 2.1971 1.1751 1.7078 1.6165 2.1639 1.6781 1.4328 1.7468 0.0 0.0 2.0516 0.82975 2.0516 2.63 0.57253 2.0516 2.63 0.82975 2.3476 0.57253 2.0516 2.63 0.82975 2.3476
0.80058 0.79213 0.35017 2.0943 1.3833 0.64582 0.87509 1.6596 1.4483 1.4088 1.0008 2.4745 1.0035 1.7251 0.71664 1.4088 1.3711 1.5827 0.35678 1.9347 1.4711 1.308 0.84999 2.3573 0.59617 1.2918 0.97927 1.6745 0.54053 1.0475 1.978 0.5113 0.86183 1.3243 2.6132 1.2979 1.1061 0.74868 0.91406 2.4728 2.6556 1.4088 1.3364 2.2683 1.0004 2.7458 1.3622 1.4088 2.1048 0.70415 1.1714 1.9347 0.0 2.3094 0.87228 1.1243 1.0725 2.6305 0.83166 1.2929 1.2878 1.0475 2.1082 1.1162 0.0 0.0 1.1754 1.5931 1.1754 1.1278 1.8189 1.1754 1.1278 1.5931 0.84541 1.8189 1.1754 1.1278 1.5931 0.84541
3.0427 3.0343 2.5923 0.80842 1.6935 2.225 2.4912 1.5237 2.6384 3.5699 3.1619 0.40967 1.8256 1.6182 2.2608 3.5699 1.4202 1.4198 2.5989 1.5553 2.2492 1.4341 3.0921 0.18041 2.8383 2.0389 1.8604 1.0987 2.1567 2.3267 1.8661 2.7534 3.104 1.7665 1.4894 2.546 1.4555 2.3278 3.1562 0.40791 1.456 3.5699 3.4976 1.0454 1.8225 0.56894 1.9873 3.5699 1.585 2.9463 1.9936 1.5553 2.3634 0.0 3.1144 2.4055 2.6516 1.5067 2.4478 1.735 2.9039 2.3267 0.82233 2.3953 0.0 0.0 2.7916 1.4303 2.7916 3.37 1.1496 2.7916 3.37 1.4303 3.0876 1.1496 2.7916 3.37 1.4303 3.0876
0.50119 0.49274 0.82178 2.5659 1.855 1.1174 0.6427 2.0912 1.2159 0.61337 0.20539 2.9061 1.4751 2.1567 1.1883 0.61337 1.8427 2.0543 0.82839 2.3663 1.9427 1.7796 0.5506 2.8289 1.0678 1.3474 1.4509 2.1461 1.0121 1.5191 2.3856 0.98291 0.56244 1.7959 3.0209 1.7435 1.5777 1.2203 0.61467 2.9044 3.0632 0.61337 0.54106 2.6999 1.472 3.2174 1.4324 0.61337 2.5124 0.81676 1.6431 2.3663 1.2189 2.7811 0.0 1.0209 1.5181 3.0381 0.59927 1.7645 0.73137 1.5191 2.5798 1.5878 0.0 0.0 0.61903 2.0648 0.61903 0.65944 2.2505 0.61903 0.65944 2.0648 0.54602 2.2505 0.61903 0.65944 2.0648 0.54602
1.8085 1.8001 1.3581 2.1242 1.3303 1.1548 1.2571 1.4266 1.3452 2.3357 1.9277 2.2415 0.77043 1.492 1.2256 2.3357 1.8801 1.4187 1.3647 1.7016 1.98 1.6989 1.8579 2.1972 1.6041 1.0588 1.4882 1.5105 1.0865 0.8145 1.7449 1.5193 1.8698 1.8333 2.3802 1.8069 1.6151 1.2576 1.922 2.2397 2.4225 2.3357 2.2634 2.0353 0.76731 2.5858 1.1292 2.3357 1.8718 1.7121 0.93841 1.7016 1.1293 2.1494 1.8802 0.0 1.5814 2.3975 1.2136 1.8018 1.6697 0.8145 2.1381 0.88312 0.0 0.0 1.5574 1.4291 1.5574 2.1358 1.5859 1.5574 2.1358 1.4291 1.8534 1.5859 1.5574 2.1358 1.4291 1.8534
1.2851 1.2767 0.8007 2.5448 1.8339 1.0964 1.3256 2.1101 1.8988 1.8903 1.2032 2.9251 1.454 2.1756 1.1672 1.8903 1.8216 2.0332 1.4333 2.3852 1.5566 1.7585 1.3345 2.8078 1.0467 1.7423 1.4298 2.1251 0.99106 1.4981 2.4285 0.96183 1.3464 1.7749 3.0638 1.1244 1.5566 1.1992 1.3986 2.9233 3.1061 1.8903 1.432 2.7188 1.4509 3.1963 1.8127 1.8903 2.5554 1.1887 1.622 2.3852 1.1978 2.76 1.3568 1.5748 0.0 3.0811 1.2822 1.6344 1.7383 1.4981 2.5587 1.5667 0.0 0.0 1.6259 2.0437 1.6259 1.0314 2.2695 1.6259 1.0314 2.0437 1.3299 2.2695 1.6259 1.0314 2.0437 1.3299
3.2515 3.2431 2.8011 1.3642 2.0653 2.6518 2.7001 1.4856 2.5672 3.7787 3.3707 1.1425 2.1324 1.421 2.6876 3.7787 1.8471 1.7917 2.8077 1.2611 2.676 1.8609 3.301 1.4372 3.0471 1.9678 2.2872 1.5255 2.5835 2.6335 1.1729 2.9623 3.3128 2.1933 0.77521 2.9729 1.8823 2.7546 3.365 1.1407 0.74182 3.7787 3.7064 0.84826 2.1293 1.8258 1.9162 3.7787 1.2998 3.1551 2.3004 1.2611 2.5723 1.3894 3.3232 2.3343 3.0784 0.0 2.6566 2.1618 3.1127 2.6335 1.3781 2.7021 0.0 0.0 3.0004 1.8021 3.0004 3.5788 1.3484 3.0004 3.5788 1.8021 3.2964 1.3484 3.0004 3.5788 1.8021 3.2964
0.6563 0.64784 0.97688 2.705 1.9691 1.2725 0.079809 1.7863 0.91099 1.1585 0.7505 2.6012 1.3512 1.8518 1.3434 1.1585 1.9978 1.9994 0.9835 2.0614 2.0978 1.9347 0.7057 2.778 1.2229 1.0425 1.606 2.0912 1.1672 1.4533 2.0807 1.138 0.71754 1.951 2.716 1.9246 1.7328 1.3754 0.76978 2.5995 2.7583 1.1585 1.0862 2.395 1.3481 3.1665 1.1275 1.1585 2.2076 1.3309 1.5192 2.0614 0.95401 2.7302 1.499 0.71604 1.6992 2.7332 0.0 1.9196 0.49248 1.4533 2.7189 1.5219 0.0 0.0 0.38013 2.0099 0.38013 1.2045 1.9456 0.38013 1.2045 2.0099 0.70113 1.9456 0.38013 1.2045 2.0099 0.70113
1.9959 1.9875 1.4025 1.3146 1.3087 1.3192 1.5855 1.641 2.1586 2.6041 2.0591 1.7729 1.7138 1.7064 0.84901 2.6041 0.59145 1.0351 1.6931 1.7795 0.83742 0.52832 2.0454 1.5776 1.6485 2.0022 0.95463 0.92489 1.2509 1.7229 2.1503 1.5637 2.0572 0.54469 2.0996 0.99826 0.32646 0.99204 2.1094 1.7711 2.304 2.6041 2.2878 1.5667 1.7107 1.9662 2.0726 2.6041 1.8092 1.8995 1.8818 1.7795 1.4577 1.5298 2.0676 1.8347 1.3158 2.1169 1.542 0.0 1.9981 1.7229 1.3285 1.7915 0.0 0.0 1.8858 1.5685 1.8858 1.8872 1.3738 1.8858 1.8872 1.5685 2.0408 1.3738 1.8858 1.8872 1.5685 2.0408
1.2323 1.2238 1.5529 2.708 2.2761 1.8485 1.3738 1.7483 0.90599 1.7345 1.3265 2.5632 1.3542 1.8138 1.9194 1.7345 2.5738 2.0024 1.5595 2.0234 2.6738 2.5107 1.2817 2.781 1.7989 1.0045 2.182 2.0942 1.7432 1.8783 2.0427 1.714 1.2935 2.527 2.678 2.5006 2.3088 1.9514 1.3458 2.5615 2.7203 1.7345 1.6622 2.357 1.3511 3.1695 1.0895 1.7345 2.1696 1.9069 1.5222 2.0234 1.379 2.7332 2.075 1.141 2.2752 2.6952 1.3304 2.4956 0.0 1.8783 2.7219 1.9469 0.0 0.0 0.95613 2.0129 0.95613 1.7805 1.9076 0.95613 1.7805 2.0129 1.2771 1.9076 0.95613 1.7805 2.0129 1.2771
1.2134 1.205 0.763 1.8441 1.1332 0.39566 0.66193 1.4154 1.2351 1.7406 1.3326 2.2304 0.79031 1.4809 0.46648 1.7406 1.1209 1.3325 0.76962 1.6905 1.2209 1.0578 1.2628 2.1071 1.009 1.0786 0.7291 1.4244 0.32737 0.0 1.7648 0.92414 1.2747 1.0742 2.4001 1.0477 0.85593 0.49851 1.3269 2.2286 2.4424 1.7406 1.6683 2.0241 0.78719 2.4956 1.149 1.7406 1.8917 1.117 0.95828 1.6905 0.53412 2.0593 1.2851 0.91116 0.82232 2.4174 0.61849 1.0427 1.0746 0.0 1.858 0.903 0.0 0.0 0.96225 1.343 0.96225 1.5407 1.5748 0.96225 1.5407 1.343 1.2582 1.5748 0.96225 1.5407 1.343 1.2582
3.1811 3.1726 2.7307 0.85479 1.9019 2.3633 2.6296 2.0421 3.1568 3.7083 3.3003 0.92804 2.344 2.1366 2.3992 3.7083 1.5586 1.6282 2.7373 2.0736 2.3876 1.5725 3.2305 0.69878 2.9767 2.5573 1.9988 1.518 2.295 2.552 2.3845 2.8918 3.2423 1.9048 2.0078 2.6844 1.5939 2.4662 3.2946 0.92628 1.9744 3.7083 3.636 1.5638 2.3409 1.0873 2.5057 3.7083 2.1034 3.0847 2.512 2.0736 2.5018 1.352 3.2528 2.8448 2.79 2.025 2.5862 1.8734 3.0423 2.552 0.0 2.6207 0.0 0.0 2.9299 1.9487 2.9299 3.5083 1.6679 2.9299 3.5083 1.9487 3.2259 1.6679 2.9299 3.5083 1.9487 3.2259
1.9885 1.9801 1.5381 1.3362 0.4933 1.1708 1.437 0.77556 1.6042 2.5157 2.1077 1.5905 0.91943 0.84101 1.2066 2.5157 1.095 0.69266 1.5447 1.0506 1.195 0.86192 2.0379 1.4712 1.7841 1.2078 0.80622 0.78449 1.1025 0.85749 1.2849 1.6993 2.0498 1.0483 1.9172 1.5709 0.83005 1.2736 2.102 1.5887 1.9625 2.5157 2.4434 1.3843 0.91631 1.8598 1.2102 2.5157 1.4118 1.8921 1.0874 1.0506 1.3092 1.4234 2.0602 1.1503 1.5974 1.9345 1.3936 1.0168 1.8497 0.85749 1.3501 0.0 0.0 0.0 1.7374 0.7031 1.7374 2.3158 0.93488 1.7374 2.3158 0.7031 2.0334 0.93488 1.7374 2.3158 0.7031 2.0334
0.0 0.0 0.0 0.0 0.0 0.0 0.0 0.0 0.0 0.0 0.0 0.0 0.0 0.0 0.0 0.0 0.0 0.0 0.0 0.0 0.0 0.0 0.0 0.0 0.0 0.0 0.0 0.0 0.0 0.0 0.0 0.0 0.0 0.0 0.0 0.0 0.0 0.0 0.0 0.0 0.0 0.0 0.0 0.0 0.0 0.0 0.0 0.0 0.0 0.0 0.0 0.0 0.0 0.0 0.0 0.0 0.0 0.0 0.0 0.0 0.0 0.0 0.0 0.0 0.0 0.0 0.0 0.0 0.0 0.0 0.0 0.0 0.0 0.0 0.0 0.0 0.0 0.0 0.0 0.0
0.0 0.0 0.0 0.0 0.0 0.0 0.0 0.0 0.0 0.0 0.0 0.0 0.0 0.0 0.0 0.0 0.0 0.0 0.0 0.0 0.0 0.0 0.0 0.0 0.0 0.0 0.0 0.0 0.0 0.0 0.0 0.0 0.0 0.0 0.0 0.0 0.0 0.0 0.0 0.0 0.0 0.0 0.0 0.0 0.0 0.0 0.0 0.0 0.0 0.0 0.0 0.0 0.0 0.0 0.0 0.0 0.0 0.0 0.0 0.0 0.0 0.0 0.0 0.0 0.0 0.0 0.0 0.0 0.0 0.0 0.0 0.0 0.0 0.0 0.0 0.0 0.0 0.0 0.0 0.0
1.3446 1.3362 1.6652 2.8203 2.3884 1.9609 1.4862 1.8607 1.0183 1.8468 1.4388 2.6756 1.4665 1.9261 2.0317 1.8468 2.6862 2.1148 1.6718 2.1357 2.7861 2.623 1.394 2.8933 1.9112 1.1169 2.2943 2.2066 1.8556 1.9906 2.155 1.8264 1.4059 2.6394 2.7903 2.613 2.4212 2.0637 1.4581 2.6738 2.8326 1.8468 1.7745 2.4694 1.4634 3.2819 1.2019 1.8468 2.2819 2.0192 1.6345 2.1357 1.4914 2.8455 2.1873 1.2534 2.3875 2.8076 1.4427 2.6079 0.11234 1.9906 2.8342 2.0592 0.0 0.0 0.0 2.1252 0.0 1.8929 2.02 0.0 1.8929 2.1252 1.3895 2.02 0.0 1.8929 2.1252 1.3895
2.3683 2.3598 1.9179 0.82597 0.91203 1.5505 1.8168 1.0353 2.141 2.8954 2.4875 1.0942 1.2532 1.1297 1.5863 2.8954 0.99378 0.63839 1.9245 1.0668 1.5747 0.75965 2.4177 0.89896 2.1639 1.5415 1.186 0.21222 1.4822 1.5622 1.5376 2.079 2.4295 1.092 1.4209 1.9506 0.78108 1.6534 2.4818 1.0925 1.6253 2.8954 2.8231 0.88799 1.25 1.2875 1.4989 2.8954 1.0965 2.2718 1.4211 1.0668 1.689 0.85113 2.44 1.855 1.9772 1.4382 1.7734 1.0606 2.2295 1.5622 0.83988 1.6309 0.0 0.0 2.1171 0.0 2.1171 2.6955 0.6611 2.1171 2.6955 0.0 2.4131 0.6611 2.1171 2.6955 0.0 2.4131
1.3446 1.3362 1.6652 2.8203 2.3884 1.9609 1.4862 1.8607 1.0183 1.8468 1.4388 2.6756 1.4665 1.9261 2.0317 1.8468 2.6862 2.1148 1.6718 2.1357 2.7861 2.623 1.394 2.8933 1.9112 1.1169 2.2943 2.2066 1.8556 1.9906 2.155 1.8264 1.4059 2.6394 2.7903 2.613 2.4212 2.0637 1.4581 2.6738 2.8326 1.8468 1.7745 2.4694 1.4634 3.2819 1.2019 1.8468 2.2819 2.0192 1.6345 2.1357 1.4914 2.8455 2.1873 1.2534 2.3875 2.8076 1.4427 2.6079 0.11234 1.9906 2.8342 2.0592 0.0 0.0 0.0 2.1252 0.0 1.8929 2.02 0.0 1.8929 2.1252 1.3895 2.02 0.0 1.8929 2.1252 1.3895
0.34932 0.34086 0.6699 2.414 1.7031 0.96556 0.49083 1.9393 1.064 0.95749 0.54952 2.7543 1.3232 2.0048 1.0364 0.95749 1.6908 1.9024 0.67651 2.2144 1.7908 1.6277 0.39872 2.677 0.91591 1.1955 1.299 1.9943 0.86026 1.3673 2.2337 0.83104 0.41056 1.6441 2.869 1.6176 1.4258 1.0684 0.4628 2.7525 2.9113 0.95749 0.88518 2.548 1.3201 3.0655 1.2806 0.95749 2.3606 0.25289 1.4912 2.2144 1.067 2.6292 0.42101 0.86905 1.3922 2.8863 0.44739 1.6126 0.90349 1.3673 2.4279 1.4359 0.0 0.0 0.79115 1.9129 0.79115 0.0 2.0987 0.79115 0.0 1.9129 0.39414 2.0987 0.79115 0.0 1.9129 0.39414
2.34 2.3315 1.8896 1.0132 0.88376 1.5612 1.7885 0.54102 1.6557 2.8672 2.4592 0.82243 0.96789 0.63547 1.5971 2.8672 1.181 0.61012 1.8962 0.57253 1.5855 1.0729 2.3894 1.0862 2.1356 1.0562 1.1967 0.52544 1.493 1.469 1.0794 2.0507 2.4012 1.4052 1.1492 1.9613 1.0943 1.6641 2.4535 0.82068 1.3535 2.8672 2.7949 0.6162 0.96477 1.4747 1.0046 2.8672 0.76974 2.2436 1.1359 0.57253 1.6607 1.0383 2.4117 1.4227 1.9879 1.1664 1.7451 1.3738 2.2012 1.469 1.0271 1.5376 0.0 0.0 2.0888 0.62056 2.0888 2.6673 0.0 2.0888 2.6673 0.62056 2.3848 0.0 2.0888 2.6673 0.62056 2.3848
1.3446 1.3362 1.6652 2.8203 2.3884 1.9609 1.4862 1.8607 1.0183 1.8468 1.4388 2.6756 1.4665 1.9261 2.0317 1.8468 2.6862 2.1148 1.6718 2.1357 2.7861 2.623 1.394 2.8933 1.9112 1.1169 2.2943 2.2066 1.8556 1.9906 2.155 1.8264 1.4059 2.6394 2.7903 2.613 2.4212 2.0637 1.4581 2.6738 2.8326 1.8468 1.7745 2.4694 1.4634 3.2819 1.2019 1.8468 2.2819 2.0192 1.6345 2.1357 1.4914 2.8455 2.1873 1.2534 2.3875 2.8076 1.4427 2.6079 0.11234 1.9906 2.8342 2.0592 0.0 0.0 0.0 2.1252 0.0 1.8929 2.02 0.0 1.8929 2.1252 1.3895 2.02 0.0 1.8929 2.1252 1.3895
0.34932 0.34086 0.6699 2.414 1.7031 0.96556 0.49083 1.9393 1.064 0.95749 0.54952 2.7543 1.3232 2.0048 1.0364 0.95749 1.6908 1.9024 0.67651 2.2144 1.7908 1.6277 0.39872 2.677 0.91591 1.1955 1.299 1.9943 0.86026 1.3673 2.2337 0.83104 0.41056 1.6441 2.869 1.6176 1.4258 1.0684 0.4628 2.7525 2.9113 0.95749 0.88518 2.548 1.3201 3.0655 1.2806 0.95749 2.3606 0.25289 1.4912 2.2144 1.067 2.6292 0.42101 0.86905 1.3922 2.8863 0.44739 1.6126 0.90349 1.3673 2.4279 1.4359 0.0 0.0 0.79115 1.9129 0.79115 0.0 2.0987 0.79115 0.0 1.9129 0.39414 2.0987 0.79115 0.0 1.9129 0.39414
2.3683 2.3598 1.9179 0.82597 0.91203 1.5505 1.8168 1.0353 2.141 2.8954 2.4875 1.0942 1.2532 1.1297 1.5863 2.8954 0.99378 0.63839 1.9245 1.0668 1.5747 0.75965 2.4177 0.89896 2.1639 1.5415 1.186 0.21222 1.4822 1.5622 1.5376 2.079 2.4295 1.092 1.4209 1.9506 0.78108 1.6534 2.4818 1.0925 1.6253 2.8954 2.8231 0.88799 1.25 1.2875 1.4989 2.8954 1.0965 2.2718 1.4211 1.0668 1.689 0.85113 2.44 1.855 1.9772 1.4382 1.7734 1.0606 2.2295 1.5622 0.83988 1.6309 0.0 0.0 2.1171 0.0 2.1171 2.6955 0.6611 2.1171 2.6955 0.0 2.4131 0.6611 2.1171 2.6955 0.0 2.4131
0.71708 0.70862 0.98566 2.5078 1.7718 1.2813 0.14059 1.5891 0.71377 1.2193 0.81128 2.404 1.154 1.6545 1.3521 1.2193 2.0066 1.8022 0.99228 1.8642 2.1066 1.9435 0.76649 2.5808 1.2317 0.84529 1.6148 1.894 1.176 1.256 1.8834 1.1468 0.77832 1.9598 2.5187 1.9334 1.7416 1.3842 0.83056 2.4023 2.5611 1.2193 1.1469 2.1978 1.1508 2.9693 0.93032 1.2193 2.0103 1.3397 1.3219 1.8642 0.75679 2.5329 1.5078 0.51882 1.708 2.536 0.097156 1.9284 0.55326 1.256 2.5217 1.3247 0.0 0.0 0.44091 1.8126 0.44091 1.2653 1.7484 0.44091 1.2653 1.8126 0.0 1.7484 0.44091 1.2653 1.8126 0.0
2.34 2.3315 1.8896 1.0132 0.88376 1.5612 1.7885 0.54102 1.6557 2.8672 2.4592 0.82243 0.96789 0.63547 1.5971 2.8672 1.181 0.61012 1.8962 0.57253 1.5855 1.0729 2.3894 1.0862 2.1356 1.0562 1.1967 0.52544 1.493 1.469 1.0794 2.0507 2.4012 1.4052 1.1492 1.9613 1.0943 1.6641 2.4535 0.82068 1.3535 2.8672 2.7949 0.6162 0.96477 1.4747 1.0046 2.8672 0.76974 2.2436 1.1359 0.57253 1.6607 1.0383 2.4117 1.4227 1.9879 1.1664 1.7451 1.3738 2.2012 1.469 1.0271 1.5376 0.0 0.0 2.0888 0.62056 2.0888 2.6673 0.0 2.0888 2.6673 0.62056 2.3848 0.0 2.0888 2.6673 0.62056 2.3848
1.3446 1.3362 1.6652 2.8203 2.3884 1.9609 1.4862 1.8607 1.0183 1.8468 1.4388 2.6756 1.4665 1.9261 2.0317 1.8468 2.6862 2.1148 1.6718 2.1357 2.7861 2.623 1.394 2.8933 1.9112 1.1169 2.2943 2.2066 1.8556 1.9906 2.155 1.8264 1.4059 2.6394 2.7903 2.613 2.4212 2.0637 1.4581 2.6738 2.8326 1.8468 1.7745 2.4694 1.4634 3.2819 1.2019 1.8468 2.2819 2.0192 1.6345 2.1357 1.4914 2.8455 2.1873 1.2534 2.3875 2.8076 1.4427 2.6079 0.11234 1.9906 2.8342 2.0592 0.0 0.0 0.0 2.1252 0.0 1.8929 2.02 0.0 1.8929 2.1252 1.3895 2.02 0.0 1.8929 2.1252 1.3895
0.34932 0.34086 0.6699 2.414 1.7031 0.96556 0.49083 1.9393 1.064 0.95749 0.54952 2.7543 1.3232 2.0048 1.0364 0.95749 1.6908 1.9024 0.67651 2.2144 1.7908 1.6277 0.39872 2.677 0.91591 1.1955 1.299 1.9943 0.86026 1.3673 2.2337 0.83104 0.41056 1.6441 2.869 1.6176 1.4258 1.0684 0.4628 2.7525 2.9113 0.95749 0.88518 2.548 1.3201 3.0655 1.2806 0.95749 2.3606 0.25289 1.4912 2.2144 1.067 2.6292 0.42101 0.86905 1.3922 2.8863 0.44739 1.6126 0.90349 1.3673 2.4279 1.4359 0.0 0.0 0.79115 1.9129 0.79115 0.0 2.0987 0.79115 0.0 1.9129 0.39414 2.0987 0.79115 0.0 1.9129 0.39414
2.3683 2.3598 1.9179 0.82597 0.91203 1.5505 1.8168 1.0353 2.141 2.8954 2.4875 1.0942 1.2532 1.1297 1.5863 2.8954 0.99378 0.63839 1.9245 1.0668 1.5747 0.75965 2.4177 0.89896 2.1639 1.5415 1.186 0.21222 1.4822 1.5622 1.5376 2.079 2.4295 1.092 1.4209 1.9506 0.78108 1.6534 2.4818 1.0925 1.6253 2.8954 2.8231 0.88799 1.25 1.2875 1.4989 2.8954 1.0965 2.2718 1.4211 1.0668 1.689 0.85113 2.44 1.855 1.9772 1.4382 1.7734 1.0606 2.2295 1.5622 0.83988 1.6309 0.0 0.0 2.1171 0.0 2.1171 2.6955 0.6611 2.1171 2.6955 0.0 2.4131 0.6611 2.1171 2.6955 0.0 2.4131
0.71708 0.70862 0.98566 2.5078 1.7718 1.2813 0.14059 1.5891 0.71377 1.2193 0.81128 2.404 1.154 1.6545 1.3521 1.2193 2.0066 1.8022 0.99228 1.8642 2.1066 1.9435 0.76649 2.5808 1.2317 0.84529 1.6148 1.894 1.176 1.256 1.8834 1.1468 0.77832 1.9598 2.5187 1.9334 1.7416 1.3842 0.83056 2.4023 2.5611 1.2193 1.1469 2.1978 1.1508 2.9693 0.93032 1.2193 2.0103 1.3397 1.3219 1.8642 0.75679 2.5329 1.5078 0.51882 1.708 2.536 0.097156 1.9284 0.55326 1.256 2.5217 1.3247 0.0 0.0 0.44091 1.8126 0.44091 1.2653 1.7484 0.44091 1.2653 1.8126 0.0 1.7484 0.44091 1.2653 1.8126 0.0
