5 40 1 1 5 1 211
1 37.788378 -122.41687 0.6 1.0 0.0 211.0
2 37.782838 -122.42123 0.6 1.0 0.0 211.0
3 37.784961 -122.41281 0.6 1.0 0.0 211.0
4 37.78843 -122.42026 0.6 1.0 0.0 211.0
5 37.78839 -122.40677 0.6 1.0 0.0 211.0
6 37.785394 -122.41965 0.6 1.0 0.0 211.0
7 37.787578 -122.40664 0.6 1.0 0.0 211.0
8 37.780145 -122.42018 0.6 1.0 0.0 211.0
9 37.784111 -122.41127 0.6 1.0 0.0 211.0
10 37.788124 -122.40672 0.6 1.0 0.0 211.0
11 37.78574 -122.41805 0.6 1.0 0.0 211.0
12 37.777946 -122.42212 0.6 1.0 0.0 211.0
13 37.781493 -122.41548 0.6 1.0 0.0 211.0
14 37.78424 -122.41026 0.6 1.0 0.0 211.0
15 37.786092 -122.4089 0.6 1.0 0.0 211.0
16 37.790347 -122.40738 0.6 1.0 0.0 211.0
17 37.787456 -122.40826 0.6 1.0 0.0 211.0
18 37.785007 -122.41919 0.6 1.0 0.0 211.0
19 37.785231 -122.41454 0.6 1.0 0.0 211.0
20 37.787921 -122.41005 0.6 1.0 0.0 211.0
21 37.785912 -122.40795 0.6 1.0 0.0 211.0
22 37.785758 -122.42089 0.6 1.0 0.0 211.0
23 37.788791 -122.40685 0.6 1.0 0.0 211.0
24 37.77932 -122.41399 0.6 1.0 0.0 211.0
25 37.777855 -122.42283 0.6 1.0 0.0 211.0
26 37.783115 -122.41906 0.6 1.0 0.0 211.0
27 37.781963 -122.41558 0.6 1.0 0.0 211.0
28 37.782029 -122.42074 0.6 1.0 0.0 211.0
29 37.786844 -122.41229 0.6 1.0 0.0 211.0
30 37.787472 -122.40747 0.6 1.0 0.0 211.0
31 37.784171 -122.4108 0.6 1.0 0.0 211.0
32 37.787173 -122.40972 0.6 1.0 0.0 211.0
33 37.781975 -122.41728 0.6 1.0 0.0 211.0
34 37.780951 -122.42381 0.6 1.0 0.0 211.0
35 37.786042 -122.41303 0.6 1.0 0.0 211.0
36 37.787452 -122.40762 0.6 1.0 0.0 211.0
37 37.782086 -122.42075 0.6 1.0 0.0 211.0
38 37.7877 -122.42057 0.6 1.0 0.0 211.0
39 37.787772 -122.40832 0.6 1.0 0.0 211.0
40 37.78799 -122.4108 0.6 1.0 0.0 211.0
41 37.780457 -122.41528 0.6 -1.0 0.0 15.0
42 37.786259 -122.40802 0.6 -1.0 4.0 19.0
43 37.780856 -122.41298 0.6 -1.0 13.0 28.0
44 37.777173 -122.42063 0.6 -1.0 15.0 30.0
45 37.785677 -122.40654 0.6 -1.0 20.0 35.0
46 37.779774 -122.42357 0.6 -1.0 25.0 40.0
47 37.784331 -122.40953 0.6 -1.0 28.0 43.0
48 37.779359 -122.41505 0.6 -1.0 36.0 51.0
49 37.788683 -122.40851 0.6 -1.0 41.0 56.0
50 37.786762 -122.40812 0.6 -1.0 43.0 58.0
51 37.78945 -122.41373 0.6 -1.0 51.0 66.0
52 37.788705 -122.41189 0.6 -1.0 58.0 73.0
53 37.778962 -122.41496 0.6 -1.0 60.0 75.0
54 37.783453 -122.42396 0.6 -1.0 61.0 76.0
55 37.789772 -122.40879 0.6 -1.0 69.0 84.0
56 37.78845 -122.40715 0.6 -1.0 72.0 87.0
57 37.786243 -122.41702 0.6 -1.0 80.0 95.0
58 37.786019 -122.41123 0.6 -1.0 86.0 101.0
59 37.786951 -122.41146 0.6 -1.0 90.0 105.0
60 37.789813 -122.40868 0.6 -1.0 95.0 110.0
61 37.790094 -122.40935 0.6 -1.0 100.0 115.0
62 37.779766 -122.42028 0.6 -1.0 104.0 119.0
63 37.789326 -122.4078 0.6 -1.0 107.0 122.0
64 37.77355 -122.42143 0.6 -1.0 109.0 124.0
65 37.779751 -122.42294 0.6 -1.0 118.0 133.0
66 37.784408 -122.40895 0.6 -1.0 121.0 136.0
67 37.780157 -122.41953 0.6 -1.0 125.0 140.0
68 37.777148 -122.42082 0.6 -1.0 129.0 144.0
69 37.784344 -122.40841 0.6 -1.0 137.0 152.0
70 37.787472 -122.40747 0.6 -1.0 138.0 153.0
71 37.786498 -122.40757 0.6 -1.0 145.0 160.0
72 37.782526 -122.41739 0.6 -1.0 156.0 171.0
73 37.787893 -122.41907 0.6 -1.0 157.0 172.0
74 37.786432 -122.41818 0.6 -1.0 162.0 177.0
75 37.786362 -122.40868 0.6 -1.0 168.0 183.0
76 37.785618 -122.40709 0.6 -1.0 169.0 184.0
77 37.778903 -122.41495 0.6 -1.0 177.0 192.0
78 37.788289 -122.42184 0.6 -1.0 184.0 199.0
79 37.790196 -122.40857 0.6 -1.0 190.0 205.0
80 37.784302 -122.41731 0.6 -1.0 192.0 207.0
81 37.780384 -122.41783 0.0 0.0 0.0 211.0
82 37.780384 -122.41783 0.0 0.0 0.0 211.0
83 37.780384 -122.41783 0.0 0.0 0.0 211.0
84 37.786472 -122.40974 0.0 0.0 0.0 211.0
85 37.786549 -122.40715 0.0 0.0 0.0 211.0
86 37.782269 -122.41818 0.0 0.0 0.0 211.0
87 37.780384 -122.41783 0.0 0.0 0.0 211.0
88 37.780384 -122.41783 0.0 0.0 0.0 211.0
89 37.786549 -122.40715 0.0 0.0 0.0 211.0
90 37.78846 -122.41016 0.0 0.0 0.0 211.0
91 37.782269 -122.41818 0.0 0.0 0.0 211.0
92 37.786472 -122.40974 0.0 0.0 0.0 211.0
93 37.780384 -122.41783 0.0 0.0 0.0 211.0
94 37.786549 -122.40715 0.0 0.0 0.0 211.0
95 37.78846 -122.41016 0.0 0.0 0.0 211.0
96 37.782269 -122.41818 0.0 0.0 0.0 211.0
97 37.786472 -122.40974 0.0 0.0 0.0 211.0
81
82
83 84 85 86 87
88 89 90 91 92
93 94 95 96 97
8 8 8 8 8 8 8 8 8 8 8 8 8 8 8 8 8 8 8 8 8 8 8 8 8 8 8 8 8 8 8 8 8 8 8 8 8 8 8 8
3 3 3 3 3
3.5 3.5 3.5 3.5 3.5
3.5 3.5 3.5 3.5 3.5
0.7 0.7 0.7 0.7 0.7
0.055 0.055 0.055 0.055 0.055
0.0715
0.75 0.25
0.0 1.517 1.0338 0.73762 1.8916 0.82244 2.026 1.7141 1.4153 1.9388 1.127 2.3262 1.0683 1.5552 1.3778 1.9657 1.635 0.96952 1.3858 1.3572 1.5564 0.97774 2.3785 1.6725 2.4768 1.2291 1.0615 1.6068 1.3419 2.1689 1.4378 1.9274 1.6153 2.1451 1.1061 2.201 1.5914 0.69752 1.7203 1.2361 1.2262 1.4626 1.7729 2.2337 1.8893 2.3439 1.71 1.4033 1.6946 1.502 1.1292 1.2012 1.5108 1.8729 1.8642 1.8619 0.48746 1.0719 1.8066 1.8713 1.7821 1.7967 2.4329 2.508 2.1459 1.6273 1.7187 2.2747 1.7204 2.1689 1.5189 1.1552 0.45428 0.64152 1.3745 1.7723 1.5269 0.99102 1.8131 0.89309 0.0 0.0 1.522 1.6055 1.6075 1.2903 1.522 1.522 1.6075 1.8569 1.2903 1.6055 1.522 1.6075 1.8569 1.2903 1.6055
1.6224 0.0 1.3931 1.055 2.4679 0.58672 2.6023 0.44634 1.7406 2.5151 0.76928 1.0204 1.0076 1.8805 1.7371 2.654 1.9942 0.5738 1.5301 2.0145 1.9157 0.89802 3.0667 1.4828 1.1711 0.38234 1.2058 0.2291 1.7011 2.7451 1.763 2.2867 0.88657 0.76738 1.9064 2.7773 0.21371 1.0618 2.0796 1.8934 1.0365 1.8219 1.5862 0.92801 2.2486 0.96614 2.0353 1.2136 2.2709 1.8613 1.8825 1.8585 1.3211 0.67208 2.489 2.4382 1.5097 1.4311 2.4638 2.5596 2.4703 0.49093 3.1211 1.3613 0.84018 1.9866 0.56578 0.96903 2.0489 2.7451 1.8782 0.91552 1.2526 0.8978 1.7338 2.1316 1.3372 0.7853 2.5014 1.2524 0.0 0.0 0.7698 2.2628 1.9668 1.0505 0.7698 0.7698 1.9668 2.5452 1.0505 2.2628 0.7698 1.9668 2.5452 1.0505 2.2628
1.9501 1.5829 0.0 1.6865 1.7515 1.3274 1.8859 1.471 0.44323 1.7987 1.0699 2.0551 0.90023 0.58309 1.0207 1.9376 1.2779 1.3564 0.44873 1.2981 1.1993 1.4827 2.3504 0.98372 2.2057 1.304 0.8934 1.6727 0.98478 2.0288 0.46568 1.5704 1.3722 1.981 1.19 2.0609 1.6574 1.6464 1.3632 1.177 0.98313 1.1056 0.80083 1.8027 1.4198 2.1798 0.73792 1.1602 1.5546 1.1449 1.5231 1.1421 1.2677 1.9478 1.7726 1.7218 0.99237 0.71479 1.7475 1.8433 1.754 1.5536 2.4048 2.0739 1.9028 0.78522 1.4756 1.8437 0.87829 2.0288 1.1618 0.98716 1.5012 1.1464 1.0174 1.3392 1.2839 1.7629 1.785 0.836 0.0 0.0 1.279 1.5464 1.2505 1.1222 1.279 1.279 1.2505 1.8289 1.1222 1.5464 1.279 1.2505 1.8289 1.1222 1.5464
0.7121 1.2319 1.5037 0.0 2.2816 0.53733 2.4159 1.539 1.8852 2.3288 0.87989 2.113 1.5382 2.0251 1.8477 1.8087 2.1049 0.68441 1.8557 1.7501 2.0263 0.69263 2.2214 2.1424 2.2637 0.94395 1.5314 1.3217 1.8117 2.5588 1.9076 2.3973 1.5982 1.86 1.608 2.591 1.3063 0.22841 2.123 1.7381 1.6961 1.9325 2.2428 2.0206 2.3592 2.0587 2.1799 1.8732 1.938 1.9719 0.97218 1.7031 1.9807 1.5878 1.7071 2.2548 1.1044 1.5418 2.1995 1.7143 1.625 1.5835 2.2758 2.4539 1.9328 2.0972 1.5946 2.0616 2.1903 2.5588 1.9888 1.6251 0.85716 1.0084 1.8444 2.2422 1.9968 0.52191 1.6561 1.363 0.0 0.0 1.5654 1.9985 2.0774 1.7601 1.5654 1.5654 2.0774 1.6999 1.7601 1.9985 1.5654 2.0774 1.6999 1.7601 1.9985
2.3243 2.3961 1.178 2.0607 0.0 1.7016 0.1591 2.3642 1.5594 0.071925 2.0061 2.9243 1.9474 1.5043 0.81792 1.1298 0.35709 1.8486 1.5649 1.1733 0.6725 1.8569 1.5426 1.8529 3.0749 2.1082 1.9406 2.4859 0.85998 0.30199 1.3869 0.64956 2.2654 3.0242 1.0652 0.33412 2.4706 2.0206 0.4424 1.0522 1.8763 0.57876 1.67 2.6719 0.62398 3.223 1.6591 2.0534 0.63377 0.49748 1.8973 1.0173 2.1609 2.752 0.85182 0.801 1.3666 1.216 0.85167 1.0355 1.6292 2.4468 1.597 2.9431 2.796 1.0674 2.3688 2.7129 0.96079 0.30199 0.63502 2.0344 1.8754 1.5206 0.81459 0.74098 2.1771 2.1371 0.97722 1.7722 0.0 0.0 2.1722 0.65065 0.72365 2.1694 2.1722 2.1722 0.72365 1.1541 2.1694 0.65065 2.1722 0.72365 1.1541 2.1694 0.65065
1.2019 0.71672 0.98854 0.53733 2.0633 0.0 2.1977 1.0238 1.37 2.1105 0.36471 1.5979 1.023 1.5099 1.3325 2.2494 1.5897 0.16923 1.3405 1.6099 1.5111 0.33345 2.6622 1.6272 1.7485 0.42877 1.0162 0.80653 1.2966 2.3406 1.3925 1.8821 1.083 1.3448 1.5018 2.3727 0.79114 0.49723 1.675 1.4888 1.1809 1.4173 1.7276 1.5054 1.844 1.5436 1.6647 1.358 1.8664 1.4567 1.4619 1.4539 1.4655 1.0726 2.0844 2.0336 1.0632 1.0266 2.0593 2.155 2.0658 1.0684 2.7166 1.9387 1.4176 1.582 1.0794 1.5465 1.6751 2.3406 1.4736 1.11 0.80598 0.49323 1.3292 1.727 1.4816 0.61373 2.0968 0.84779 0.0 0.0 1.0502 1.8582 1.5622 1.245 1.0502 1.0502 1.5622 2.1407 1.245 1.8582 1.0502 1.5622 2.1407 1.245 1.8582
2.1992 2.271 1.0528 1.9356 0.70564 1.5765 0.0 2.4221 1.4343 0.75282 1.881 2.9822 1.8223 1.5212 0.69282 1.0047 0.23199 1.7235 1.4398 1.0482 0.54739 1.7318 1.4175 1.9108 3.1328 1.9831 1.8155 2.3608 0.73487 0.17689 1.4038 0.52445 2.3233 2.8991 0.9401 0.20902 2.3455 1.8955 0.3173 0.92715 1.9342 0.45366 1.7279 2.7298 0.88032 3.0979 1.676 2.1113 0.50866 0.37238 1.7722 0.89221 2.2188 2.6269 0.72671 0.6759 1.2415 1.0909 0.72657 0.91035 1.5041 2.5047 1.4719 3.001 2.8539 0.94231 2.4267 2.7708 1.0354 0.17689 0.50992 1.9093 1.7503 1.3955 0.68949 0.76332 2.2349 2.012 0.85212 1.6471 0.0 0.0 2.2301 0.52554 0.59855 2.0443 2.2301 2.2301 0.59855 1.029 2.0443 0.52554 2.2301 0.59855 1.029 2.0443 0.52554
1.9223 0.49314 1.693 1.3548 2.7678 0.88657 2.9021 0.0 1.9534 2.8149 1.0691 1.1443 0.86244 1.9543 2.0369 2.9539 2.2941 0.87365 1.7429 2.3143 2.2155 1.1979 3.3666 1.4217 1.2949 0.68219 1.4356 0.58295 2.001 3.045 1.8369 2.5866 0.74143 0.89123 2.2062 3.0771 0.56756 1.3616 2.3794 2.1933 0.97534 2.1218 1.525 1.0519 2.318 1.09 2.1091 1.1524 2.5708 2.1611 2.1823 2.1583 1.2599 1.052 2.7888 2.738 1.8096 1.731 2.7637 2.8595 2.7702 0.61479 3.421 1.4852 0.96403 2.1564 0.68963 1.0929 1.9788 3.045 2.178 0.77037 1.5524 1.1976 2.0336 2.4314 1.2761 1.0851 2.8012 1.5522 0.0 0.0 0.70865 2.5627 2.2667 0.90538 0.70865 0.70865 2.2667 2.8451 0.90538 2.5627 0.70865 2.2667 2.8451 0.90538 2.5627
2.0826 2.0304 0.93627 1.8191 1.3851 1.4599 1.5194 1.8985 0.0 1.4322 1.5174 2.4586 1.3478 0.21661 0.65424 1.5712 0.91141 1.607 0.89625 0.93161 0.83281 1.6152 1.9839 1.3872 2.6092 1.7515 1.3409 2.1203 0.61829 1.6623 0.099198 1.2039 1.7997 2.4285 0.82352 1.6944 2.1049 1.779 0.99672 0.81057 1.4106 0.73908 1.2043 2.2062 1.0533 2.6273 0.37144 1.5877 1.1881 0.77844 1.6557 0.77563 1.6953 2.3953 1.4061 1.3553 1.1249 0.34831 1.381 1.4768 1.3875 1.9811 2.0383 2.4775 2.3303 0.41873 1.9031 2.2472 0.5118 1.6623 0.79534 1.4347 1.6337 1.279 0.65091 0.97274 1.7114 1.8955 1.4185 1.2835 0.0 0.0 1.7065 1.18 0.88397 1.5697 1.7065 1.7065 0.88397 1.4624 1.5697 1.18 1.7065 0.88397 1.4624 1.5697 1.18
2.2741 2.346 1.1278 2.0106 0.78061 1.6514 0.10896 2.314 1.5093 0.0 1.956 2.8741 1.8973 1.4542 0.76778 1.0797 0.30695 1.7985 1.5148 1.1232 0.62236 1.8067 1.4924 1.8028 3.0248 2.058 1.8905 2.4358 0.80984 0.25185 1.3367 0.59942 2.2153 2.9741 1.0151 0.28398 2.4204 1.9705 0.39226 1.0021 1.8262 0.52862 1.6199 2.6217 0.57384 3.1728 1.609 2.0033 0.58363 0.44734 1.8472 0.96717 2.1108 2.7019 0.80168 0.75086 1.3164 1.1659 0.80153 0.98531 1.579 2.3966 1.5468 2.893 2.7459 1.0173 2.3187 2.6627 0.91065 0.25185 0.58488 1.9842 1.8253 1.4705 0.76445 0.69084 2.1269 2.087 0.92708 1.7221 0.0 0.0 2.122 0.60051 0.67351 2.1192 2.122 2.122 0.67351 1.1039 2.1192 0.60051 2.122 0.67351 1.1039 2.1192 0.60051
0.99045 1.0623 1.3341 0.72693 2.2029 0.36774 2.3373 1.3694 1.7156 2.2501 0.0 1.9435 1.3686 1.8555 1.6781 2.087 1.9353 0.51483 1.6861 1.6685 1.8567 0.52305 2.4998 1.9728 2.0941 0.77436 1.3618 1.1521 1.6422 2.4802 1.7381 2.2277 1.4286 1.6904 1.4174 2.5123 1.1367 0.68683 2.0206 1.5474 1.5265 1.7629 2.0732 1.851 2.1896 1.8892 2.0103 1.7036 2.006 1.8023 1.2505 1.5125 1.8111 1.4182 1.9855 2.1732 0.79876 1.3722 2.1179 1.9926 1.9034 1.414 2.5542 2.2843 1.7632 1.9276 1.425 1.8921 2.0207 2.4802 1.8192 1.4555 0.54158 0.18683 1.6748 2.0726 1.8272 0.80332 1.9344 1.1934 0.0 0.0 1.3958 1.9168 1.9078 1.5906 1.3958 1.3958 1.9078 1.9782 1.5906 1.9168 1.3958 1.9078 1.9782 1.5906 1.9168
2.4866 1.0483 2.2573 1.9191 3.3321 1.4509 3.4664 0.63749 2.4147 3.3792 1.6334 0.0 1.3717 2.2156 2.6012 3.5182 2.8584 1.4379 2.2042 2.8786 2.6863 1.7622 3.9309 1.4319 0.15063 1.2465 1.9449 1.1472 2.5653 3.6093 2.0982 3.1509 1.2507 1.0305 2.7705 3.6414 1.1319 1.9259 2.9437 2.7576 1.2276 2.6861 1.6903 0.68516 2.5793 1.2293 2.3704 1.4047 3.1351 2.7254 2.7466 2.7226 1.5122 1.1913 3.3531 3.3023 2.3739 2.2953 3.328 3.4238 3.3345 0.68208 3.9853 1.085 0.61333 2.4177 0.75693 0.72617 2.2401 3.6093 2.7423 1.2797 2.1167 1.7619 2.5979 2.6963 1.5284 1.6494 3.3655 2.1165 0.0 0.0 0.96095 3.127 2.831 1.4147 0.96095 0.96095 2.831 3.4094 1.4147 3.127 0.96095 2.831 3.4094 1.4147 3.127
2.0749 1.1877 1.6485 1.8113 2.4363 1.4392 2.5707 0.76777 1.467 2.4835 1.1427 1.3799 0.0 1.2679 1.6877 2.6224 1.9627 1.4262 1.2565 1.9829 1.7385 1.6075 3.0352 0.72624 1.5305 1.0578 1.0982 1.2775 1.6696 2.7136 1.1505 2.2551 0.66901 1.5858 1.8748 2.7457 1.2621 1.7712 2.048 1.8618 0.27992 1.7903 0.82962 1.2874 1.6316 1.7846 1.4227 0.45698 2.2394 1.8297 2.3309 1.8269 0.56453 1.7466 2.4574 2.4066 1.8002 1.3996 2.4323 2.528 2.4388 0.85037 3.0896 1.5617 1.1996 1.47 0.77241 1.3285 1.2924 2.7136 1.8466 0.69796 1.626 1.2712 1.7022 1.7486 0.58064 1.7797 2.4698 1.6258 0.0 0.0 0.57575 2.2312 1.9352 0.83297 0.57575 0.57575 1.9352 2.5137 0.83297 2.2312 0.57575 1.9352 2.5137 0.83297 2.2312
2.7237 2.0916 1.5774 2.4602 1.5222 2.101 1.6565 1.7586 1.5319 1.5694 1.9406 2.3187 1.4089 0.0 0.71754 1.8213 1.0485 2.2241 1.5374 1.5727 0.7684 2.2563 2.234 1.2474 2.4694 1.8556 1.402 2.1814 1.2594 1.7994 0.74032 1.341 1.6599 2.4897 1.4646 1.8316 2.166 2.4201 1.1338 1.4517 1.2708 0.86214 1.0645 2.0663 0.91342 2.6884 0.15483 1.4478 1.3252 0.91557 2.2968 1.4168 1.5554 2.6504 1.5433 1.4924 1.766 0.98943 1.5431 1.7269 2.0286 1.8412 2.2884 2.3376 2.1905 0.27886 1.7633 2.1073 0.37193 1.7994 0.93247 1.4958 2.2748 1.9201 0.78804 0.83287 1.5715 2.5366 1.6687 1.9246 0.0 0.0 1.5666 1.3421 1.0211 1.6308 1.5666 1.5666 1.0211 1.8455 1.6308 1.3421 1.5666 1.0211 1.8455 1.6308 1.3421
2.3532 2.3753 1.2069 2.0897 0.8597 1.7305 0.99405 2.0423 1.2936 0.90687 1.9202 2.6024 1.6926 1.1414 0.0 1.1588 0.38604 1.8776 1.2991 1.2022 0.30744 1.8858 1.5715 1.531 2.753 2.1371 1.6857 2.4651 0.88893 1.1369 1.024 0.6785 1.9435 2.7733 1.0942 1.1691 2.4497 2.0496 0.47135 1.0812 1.5545 0.21371 1.3482 2.35 0.61154 2.9721 1.2962 1.7315 0.66272 0.25307 1.9263 1.0463 1.8391 2.781 0.88077 0.82995 1.3955 0.75112 0.88062 1.0644 1.6581 2.1249 1.6259 2.6213 2.4742 0.56254 2.0469 2.391 0.65561 1.1369 0.26997 1.7795 1.9043 1.5496 0.12554 0.49455 1.8552 2.1661 1.0062 1.6863 0.0 0.0 1.8503 0.6796 0.3586 1.9145 1.8503 1.8503 0.3586 1.183 1.9145 0.6796 1.8503 0.3586 1.183 1.9145 0.6796
2.7945 2.8664 1.6482 2.531 0.49502 2.1718 0.62937 2.8345 2.0297 0.5422 2.4764 3.3946 2.4177 1.9746 1.2882 0.0 0.82736 2.3189 2.0352 1.0656 1.1428 2.3271 0.43485 2.3232 3.5452 2.5785 2.4109 2.9562 1.3302 0.77226 1.8572 1.1198 2.7357 3.4945 1.5355 0.8044 2.9408 2.4909 0.91267 1.5225 2.3466 1.049 2.1403 3.1421 1.0943 3.6933 2.1294 2.5237 0.73448 0.96775 2.1226 1.4876 2.6312 3.2223 0.71309 1.0683 1.8368 1.6863 1.3219 0.70839 1.7505 2.917 0.48925 3.4134 3.2663 1.5377 2.8391 3.1831 1.4311 0.77226 1.1053 2.5046 2.3457 1.9909 1.2849 1.2112 2.6473 2.6074 0.81349 2.2425 0.0 0.0 2.6424 1.1209 1.1939 2.6396 2.6424 2.6424 1.1939 1.0153 2.6396 1.1209 2.6424 1.1939 1.0153 2.6396 1.1209
2.0144 2.0862 0.86807 1.7509 0.52087 1.3917 0.65522 2.2373 1.2496 0.56804 1.6962 2.7974 1.6376 1.3364 0.50804 0.81997 0.0 1.5388 1.255 0.86342 0.36262 1.547 1.2327 1.726 2.948 1.7983 1.6307 2.1761 0.5501 0.79811 1.219 0.33967 2.1385 2.7143 0.75532 0.83024 2.1607 1.7108 0.085309 0.74237 1.7494 0.26888 1.5432 2.545 0.69554 2.9131 1.4912 1.9265 0.32389 0.1876 1.5875 0.70743 2.0341 2.4421 0.54194 0.49112 1.0567 0.90611 0.54179 0.72557 1.3193 2.3199 1.2871 2.8163 2.6691 0.75754 2.2419 2.586 0.8506 0.79811 0.32514 1.7245 1.5655 1.2108 0.50471 0.57854 2.0502 1.8273 0.66734 1.4623 0.0 0.0 2.0453 0.34077 0.41377 1.8595 2.0453 2.0453 0.41377 0.84418 1.8595 0.34077 2.0453 0.41377 0.84418 1.8595 0.34077
1.2946 1.3665 0.98629 1.0311 2.0611 0.6719 2.1954 1.6665 1.3678 2.1083 0.36247 2.2476 1.0208 1.5076 1.3303 2.2472 1.5874 0.0 1.3383 1.6076 1.5088 0.82721 2.6599 1.625 2.3983 1.0785 1.0139 1.4563 1.2943 2.3383 1.3902 1.8799 1.5678 1.9946 1.4995 2.3705 1.4409 0.99098 1.6727 1.4866 1.1787 1.4151 1.7254 2.1552 1.8418 2.1933 1.6625 1.3557 1.8641 1.4545 1.5547 1.4517 1.4633 1.7223 2.0822 2.0313 1.1029 1.0243 2.057 2.1528 2.0635 1.7181 2.7143 2.4605 2.0674 1.5798 1.6712 2.1962 1.6728 2.3383 1.4714 1.1077 0.84574 0.49098 1.3269 1.7248 1.4794 1.1075 2.0946 0.84555 0.0 0.0 1.4745 1.856 1.56 1.2427 1.4745 1.4745 1.56 2.1384 1.2427 1.856 1.4745 1.56 2.1384 1.2427 1.856
1.5567 1.6286 0.44739 1.2932 1.5222 0.934 1.6565 1.8256 0.82887 1.5694 1.2386 2.4377 1.1799 0.96873 0.79136 1.7083 1.0485 1.0811 0.0 1.0687 0.96994 1.0893 2.121 1.3694 2.5883 1.3406 1.173 1.7184 0.75542 1.7994 0.85132 1.341 1.7269 2.2567 0.96064 1.8316 1.703 1.2531 1.1338 0.94769 1.3378 0.8762 1.1865 2.1883 1.3029 2.4554 1.1236 1.5148 1.3252 0.91556 1.1298 0.91275 1.6224 1.9844 1.5433 1.4924 0.59902 0.48543 1.5181 1.6139 1.5246 1.9082 2.1754 2.4596 2.2575 1.0409 1.8303 2.2293 1.1339 1.7994 0.93246 1.2668 1.1078 0.75308 0.78803 1.1859 1.6385 1.3696 1.5557 1.0046 0.0 0.0 1.6336 1.3171 1.0211 1.4018 1.6336 1.6336 1.0211 1.5995 1.4018 1.3171 1.6336 1.0211 1.5995 1.4018 1.3171
1.9885 2.0604 0.84218 1.725 1.213 1.3658 1.3473 2.2114 1.2237 1.2602 1.6704 2.7715 1.6117 1.3105 0.48215 1.4771 0.73932 1.5129 1.2292 0.0 0.66073 1.5211 1.8898 1.7002 2.9221 1.7724 1.6048 2.1502 0.52421 1.4902 1.1931 1.0318 2.1126 2.6885 0.72944 1.5224 2.1348 1.6849 0.82463 0.71648 1.7236 0.56699 1.5173 2.5191 0.99365 2.8872 1.4654 1.9006 1.016 0.60636 1.5616 0.68154 2.0082 2.4162 1.234 1.1832 1.0308 0.88022 0.5159 1.3827 1.2934 2.294 1.9442 2.7904 2.6433 0.73165 2.2161 2.5601 0.82472 1.4902 0.62325 1.6986 1.5396 1.1849 0.47883 0.87666 2.0243 1.8014 1.3245 1.4364 0.0 0.0 2.0194 0.31488 0.71188 1.8336 2.0194 2.0194 0.71188 1.3683 1.8336 0.31488 2.0194 0.71188 1.3683 1.8336 0.31488
2.3298 2.4017 1.1835 2.0663 0.83627 1.7071 0.97062 2.0932 1.3444 0.88345 1.9711 2.6533 1.7434 1.1923 0.43008 1.1354 0.36262 1.8542 1.3499 1.1788 0.0 1.8624 1.5481 1.5819 2.8039 2.1137 1.7366 2.4915 0.8655 1.1135 1.0749 0.65508 1.9944 2.8242 1.0707 1.1456 2.4761 2.0262 0.44792 1.0578 1.6053 0.093738 1.399 2.4008 0.3864 3.023 1.3471 1.7824 0.63929 0.22965 1.9029 1.0228 1.8899 2.7575 0.85734 0.80652 1.3721 0.80198 0.8572 1.041 1.6347 2.1758 1.6025 2.6721 2.525 0.6134 2.0978 2.4419 0.70647 1.1135 0.24654 1.8303 1.8809 1.5262 0.50058 0.26941 1.906 2.1427 0.98274 1.7372 0.0 0.0 1.9011 0.65617 0.33517 1.9654 1.9011 1.9011 0.33517 1.1596 1.9654 0.65617 1.9011 0.33517 1.1596 1.9654 0.65617
1.2776 1.4015 1.6733 0.71018 2.6881 0.70693 2.8225 1.7086 2.0548 2.7353 1.0495 2.2826 1.7078 2.1947 2.0173 2.3742 2.2745 0.85401 2.0253 2.1537 2.1959 0.0 2.7869 2.312 2.4333 1.1135 1.701 1.4913 1.9813 2.9654 2.0773 2.5669 1.7678 2.0296 1.9026 2.9975 1.4759 0.71801 2.3598 2.0326 1.8657 2.1021 2.4124 2.1902 2.5288 2.2284 2.3495 2.0428 2.4911 2.1415 1.5377 1.9977 2.1503 1.7574 2.2726 2.6584 1.2839 1.7114 2.603 2.2798 2.1905 1.7531 2.8413 2.6235 2.1024 2.2668 1.7642 2.2312 2.3599 2.9654 2.1584 1.7947 1.0268 1.178 2.014 2.4118 2.1664 0.44051 2.2216 1.5326 0.0 0.0 1.735 2.402 2.247 1.9297 1.735 1.735 2.247 2.2654 1.9297 2.402 1.735 2.247 2.2654 1.9297 2.402
2.4077 2.4796 1.2614 2.1442 0.10822 1.785 0.24257 2.4477 1.6429 0.1554 2.0896 3.0078 2.0309 1.5878 0.9014 1.2133 0.44057 1.9321 1.6484 1.2568 0.75597 1.9403 0.0 1.9364 3.1584 2.1917 2.0241 2.5694 0.94345 0.38547 1.4704 0.73303 2.3489 3.1077 1.1487 0.4176 2.554 2.1041 0.52588 1.1357 1.9598 0.66223 1.7535 2.7553 0.70745 3.3065 1.7426 2.1369 0.71724 0.58095 1.9808 1.1008 2.2444 2.8355 0.93529 0.88447 1.45 1.2995 0.93515 1.1189 1.7127 2.5303 1.6805 3.0266 2.8795 1.1509 2.4523 2.7963 1.0443 0.38547 0.7185 2.1178 1.9589 1.6041 0.89807 0.82445 2.2605 2.2206 1.0607 1.8557 0.0 0.0 2.2556 0.73412 0.80713 2.2529 2.2556 2.2556 0.80713 1.2375 2.2529 0.73412 2.2556 0.80713 1.2375 2.2529 0.73412
2.5242 1.5928 1.7359 2.2607 2.2707 1.8885 2.4051 1.1729 1.5544 2.3179 1.5921 1.2709 1.1924 1.1022 1.522 2.4568 1.797 1.8756 1.3439 1.8172 1.5729 2.0568 2.8695 0.0 1.4216 1.5071 1.1856 1.6826 1.5039 2.5479 0.98483 2.0895 1.1184 1.9909 1.7092 2.5801 1.6672 2.2206 1.8824 1.6962 0.72928 1.6247 0.45798 1.0185 1.4659 2.1897 1.2571 0.90634 2.0737 1.6641 2.4183 1.6613 1.0139 2.1517 2.2918 2.2409 1.8875 1.2339 2.2666 2.3624 2.2731 1.2554 2.9239 1.2898 1.6047 1.3044 1.2218 1.0595 1.1267 2.5479 1.681 1.1473 2.0753 1.7206 1.5365 1.5829 1.03 2.1848 2.3042 1.7312 0.0 0.0 1.0251 2.0656 1.7696 1.2823 1.0251 1.0251 1.7696 2.348 1.2823 2.0656 1.0251 1.7696 2.348 1.2823 2.0656
2.6372 1.199 2.4079 2.0697 3.4827 1.6015 3.617 0.78812 2.5654 3.5299 1.7841 0.15063 1.5224 2.3662 2.7519 3.6688 3.009 1.5886 2.3549 3.0292 2.8369 1.9128 4.0815 1.5812 0.0 1.3971 2.0955 1.2979 2.7159 3.7599 2.2488 3.3015 1.4014 1.1812 2.9211 3.7921 1.2825 2.0766 3.0943 2.9082 1.3783 2.8367 1.8396 0.83579 2.7299 1.3799 2.5211 1.5553 3.2857 2.8761 2.8973 2.8732 1.6629 1.3419 3.5038 3.4529 2.5245 2.4459 3.4786 3.5744 3.4851 0.83271 4.1359 0.93434 0.76396 2.5684 0.90756 0.8768 2.3907 3.7599 2.893 1.4303 2.2673 1.9126 2.7485 2.8469 1.679 1.8001 3.5162 2.2671 0.0 0.0 1.1116 3.2776 2.9816 1.5653 1.1116 1.1116 2.9816 3.56 1.5653 3.2776 1.1116 2.9816 3.56 1.5653 3.2776
1.5435 0.38234 1.2352 0.94395 2.31 0.42877 2.4443 0.67639 1.4056 2.3571 0.61133 1.2505 0.82264 1.5455 1.5791 2.4961 1.8363 0.41585 1.1951 1.8565 1.7577 0.74007 2.9088 1.3819 1.4011 0.0 0.87081 0.47215 1.5432 2.5872 1.4281 2.1288 0.70162 0.99743 1.7484 2.6193 0.45676 0.90385 1.9216 1.7355 0.93554 1.664 1.4852 1.1581 2.0906 1.1962 1.7003 1.1126 2.113 1.7033 1.8035 1.7005 1.2201 0.95921 2.331 2.2802 1.3518 1.2732 2.3059 2.4017 2.3124 0.72098 2.9632 1.5913 1.0702 1.7476 0.69803 1.1991 1.8407 2.5872 1.7202 0.73057 1.0946 0.73985 1.5758 1.9736 1.2363 0.97435 2.3434 1.0944 0.0 0.0 0.66885 2.1049 1.8089 0.86558 0.66885 0.66885 1.8089 2.3873 0.86558 2.1049 0.66885 1.8089 2.3873 0.86558 2.1049
2.0798 1.1927 1.3995 1.8163 2.3873 1.4441 2.5216 0.77272 1.218 2.4345 1.1477 1.3848 0.12697 1.2188 1.6386 2.5734 1.9136 1.4312 1.0075 1.9338 1.6895 1.6124 2.9861 0.73118 1.5354 1.0627 0.0 1.2825 1.6205 2.6645 1.1014 2.2061 0.67395 1.5908 1.8257 2.6967 1.2671 1.7762 1.9989 1.8128 0.28486 1.7413 0.83457 1.2924 1.5825 1.7895 1.3737 0.46193 2.1903 1.7807 2.0819 1.7778 0.56947 1.7515 2.4084 2.3575 1.5511 1.3505 2.3832 2.479 2.3897 0.85531 3.0405 1.5667 1.2046 1.421 0.77735 1.3334 1.2433 2.6645 1.7976 0.7029 1.6309 1.2762 1.6531 1.6995 0.58559 1.7847 2.4208 1.3947 0.0 0.0 0.58069 2.1822 1.8862 0.83791 0.58069 0.58069 1.8862 2.4646 0.83791 2.1822 0.58069 1.8862 2.4646 0.83791 2.1822
1.9082 0.47909 1.6789 1.3408 2.7537 0.87252 2.8881 0.28714 1.9394 2.8009 1.0551 0.86123 0.84839 1.8652 2.0229 2.9398 2.28 0.8596 1.7289 2.3003 2.2015 1.1838 3.3525 1.3236 1.0119 0.66814 1.4216 0.0 1.9869 3.0309 1.7478 2.5725 0.72737 0.60817 2.1922 3.0631 0.55351 1.3476 2.3654 2.1792 0.87729 2.1077 1.427 0.76881 2.2289 0.80694 2.0201 1.0543 2.5567 2.1471 2.1683 2.1443 1.1619 0.76896 2.7748 2.724 1.7955 1.7169 2.7496 2.8454 2.7561 0.33173 3.4069 1.2021 0.68098 2.0674 0.40658 0.80982 1.8897 3.0309 2.164 0.75632 1.5384 1.1836 2.0195 2.3459 1.178 1.0711 2.7872 1.5382 0.0 0.0 0.6106 2.5486 2.2526 0.89133 0.6106 0.6106 2.2526 2.831 0.89133 2.5486 0.6106 2.2526 2.831 0.89133 2.5486
1.5476 1.6195 0.4013 1.2841 1.4761 0.92491 1.6104 1.8105 0.78278 1.5233 1.2295 2.3946 1.1708 0.92264 0.74527 1.6622 1.0024 1.072 0.78828 1.0226 0.92384 1.0802 2.0749 1.3233 2.5453 1.3315 1.164 1.7093 0.0 1.7533 0.80523 1.2949 1.7118 2.2476 0.28855 1.7855 1.6939 1.244 1.0877 0.90159 1.3227 0.8301 1.1404 2.1422 1.2568 2.4463 1.0775 1.4997 1.2791 0.86947 1.1207 0.86666 1.6073 1.9754 1.4972 1.4463 0.58992 0.43934 1.472 1.5678 1.4785 1.8931 2.1293 2.4135 2.2424 0.99476 1.8152 2.1832 1.0878 1.7533 0.88637 1.2577 1.0987 0.74399 0.74194 1.1398 1.6234 1.3605 1.5096 0.99555 0.0 0.0 1.6185 1.271 0.975 1.3927 1.6185 1.6185 0.975 1.5534 1.3927 1.271 1.6185 0.975 1.5534 1.3927 1.271
2.1563 2.2281 1.01 1.8927 0.66275 1.5336 0.7971 2.3792 1.3914 0.70993 1.8381 2.9393 1.7794 1.4783 0.64992 0.96185 0.18909 1.6806 1.3969 1.0053 0.5045 1.6889 1.3746 1.8679 3.0899 1.9402 1.7726 2.3179 0.69198 0.0 1.3609 0.48156 2.2804 2.8562 0.89721 0.032132 2.3026 1.8526 0.2744 0.88425 1.8913 0.41076 1.685 2.6869 0.83742 3.055 1.6331 2.0684 0.46577 0.32948 1.7293 0.84931 2.1759 2.584 0.68382 0.633 1.1986 1.048 0.68367 0.86745 1.4612 2.4618 1.429 2.9581 2.811 0.89942 2.3838 2.7279 0.99249 0.0 0.46702 1.8664 1.7074 1.3526 0.64659 0.72043 2.1921 1.9691 0.80922 1.6042 0.0 0.0 2.1872 0.48265 0.55565 2.0014 2.1872 2.1872 0.55565 0.98607 2.0014 0.48265 2.1872 0.55565 0.98607 2.0014 0.48265
2.8411 2.209 1.6948 2.5776 1.6396 2.2184 1.774 1.876 1.6493 1.6868 2.058 2.4361 1.5263 0.11741 0.83495 1.9387 1.1659 2.3415 1.6548 1.6902 0.88581 2.3737 2.3514 1.3648 2.5868 1.973 1.5195 2.2988 1.3768 1.9168 0.0 1.4584 1.7773 2.6071 1.5821 1.949 2.2834 2.5375 1.2513 1.5691 1.3882 0.97955 1.1819 2.1837 1.0308 2.8058 0.27224 1.5652 1.4426 1.033 2.4142 1.5342 1.6728 2.7679 1.6607 1.6099 1.8834 1.1068 1.6605 1.8443 2.146 1.9586 2.4058 2.455 2.3079 0.39627 1.8807 2.2247 0.48934 1.9168 1.0499 1.6132 2.3923 2.0375 0.90545 0.95028 1.6889 2.654 1.7861 2.0421 0.0 0.0 1.684 1.4595 1.1385 1.7482 1.684 1.684 1.1385 1.9629 1.7482 1.4595 1.684 1.1385 1.9629 1.7482 1.4595
1.8431 1.9149 0.69676 1.5795 1.0676 1.2204 1.2019 2.066 1.0782 1.1147 1.5249 2.6261 1.4662 1.1651 0.33673 1.3317 0.5939 1.3674 1.0837 0.6921 0.5153 1.3757 1.7444 1.5547 2.7767 1.627 1.4594 2.0048 0.37879 1.3448 1.0477 0.0 1.9672 2.543 0.58401 1.3769 1.9894 1.5395 0.67921 0.57106 1.5781 0.42157 1.3718 2.3737 0.84823 2.7418 1.3199 1.7552 0.87058 0.46093 1.4161 0.53612 1.8627 2.2708 1.0886 1.0378 0.88538 0.7348 0.37048 1.2373 1.148 2.1486 1.7988 2.645 2.4978 0.58622 2.0706 2.4147 0.67929 1.3448 0.47783 1.5532 1.3942 1.0394 0.3334 0.73123 1.8789 1.6559 1.179 1.291 0.0 0.0 1.874 0.16946 0.56646 1.6882 1.874 1.874 0.56646 1.2229 1.6882 0.16946 1.874 0.56646 1.2229 1.6882 0.16946
1.5259 0.74476 1.2176 1.2624 2.2924 0.89019 2.4267 0.82181 1.3491 2.3396 0.59375 1.3959 0.82106 1.4889 1.5616 2.4785 1.8187 0.87727 1.1386 1.8389 1.7401 1.0585 2.8912 1.4253 1.5465 0.50881 0.81423 0.83457 1.5256 2.5696 1.3715 2.1112 0.0 1.1428 1.7308 2.6018 0.81918 1.2223 1.904 1.7179 0.97896 1.6464 1.5287 1.3035 2.073 1.3416 1.6438 1.156 2.0954 1.6858 1.786 1.6829 1.2636 1.3036 2.3134 2.2626 1.3342 1.2556 2.2883 2.3841 2.2948 0.86641 2.9456 1.7368 1.2157 1.691 0.84345 1.3445 1.7841 2.5696 1.7027 0.14899 1.077 0.72227 1.5582 1.9561 1.2797 1.3368 2.3258 1.0768 0.0 0.0 0.81427 2.0873 1.7913 0.284 0.81427 0.81427 1.7913 2.3697 0.284 2.0873 0.81427 1.7913 2.3697 0.284 2.0873
2.2956 0.83842 2.0663 1.7282 3.1411 1.2599 3.2755 0.67456 2.3268 3.1883 1.4425 0.71255 1.2358 2.2527 2.4103 3.3272 2.6675 1.247 2.1163 2.6877 2.5889 1.5712 3.7399 1.711 0.56192 1.0556 1.809 0.95632 2.3744 3.4184 2.1353 2.9599 1.1148 0.0 2.5796 3.4505 0.94093 1.735 2.7528 2.5666 1.2647 2.4951 1.8144 1.1562 2.6164 0.31835 2.4075 1.4418 2.9441 2.5345 2.5557 2.5317 1.5493 0.98138 3.1622 3.1114 2.1829 2.1044 3.137 3.2328 3.1436 0.71915 3.7944 1.3461 0.35505 2.4548 0.794 1.1972 2.2772 3.4184 2.5514 1.1437 1.9258 1.571 2.407 2.7333 1.5654 1.4585 3.1746 1.9256 0.0 0.0 0.99802 2.936 2.64 1.2787 0.99802 0.99802 2.64 3.2184 1.2787 2.936 0.99802 2.64 3.2184 1.2787 2.936
2.0049 1.7537 0.23257 1.7414 1.3074 1.3822 1.4417 1.6418 0.61405 1.3545 1.2407 2.2259 1.071 0.75391 0.57654 1.4935 0.83371 1.5273 0.61954 0.85391 0.75511 1.5375 1.9062 1.1545 2.3765 1.4748 1.0642 1.8436 0.54059 1.5846 0.6365 1.1262 1.543 2.1518 0.0 1.6167 1.8282 1.7013 0.91902 0.73286 1.1539 0.66137 0.97165 1.9735 1.088 2.3506 0.90874 1.331 1.1104 0.70074 1.578 0.69792 1.4386 2.1186 1.3284 1.2776 1.0472 0.27061 1.3033 1.3991 1.3098 1.7244 1.9606 2.2448 2.0736 0.82603 1.6464 2.0145 0.9191 1.5846 0.71764 1.158 1.556 1.2013 0.57321 0.97104 1.4547 1.8178 1.3408 1.0068 0.0 0.0 1.4498 1.1023 0.80627 1.293 1.4498 1.4498 0.80627 1.3847 1.293 1.1023 1.4498 0.80627 1.3847 1.293 1.1023
2.1241 2.196 0.97782 1.8606 0.63062 1.5014 0.76497 2.3471 1.3593 0.6778 1.806 2.9071 1.7473 1.4462 0.61779 0.92972 0.15696 1.6485 1.3648 0.97317 0.47237 1.6567 1.3424 1.8358 3.0578 1.9081 1.7405 2.2858 0.65985 0.90786 1.3288 0.44943 2.2483 2.8241 0.86507 0.0 2.2704 1.8205 0.24227 0.85212 1.8592 0.37863 1.6529 2.6547 0.80529 3.0229 1.601 2.0363 0.43364 0.29735 1.6972 0.81718 2.1438 2.5519 0.65169 0.60087 1.1664 1.0159 0.65154 0.83532 1.429 2.4296 1.3968 2.926 2.7789 0.86729 2.3517 2.6957 0.96036 0.90786 0.43489 1.8342 1.6753 1.3205 0.61446 0.68829 2.1599 1.937 0.77709 1.5721 0.0 0.0 2.155 0.45052 0.52352 1.9692 2.155 2.155 0.52352 0.95393 1.9692 0.45052 2.155 0.52352 0.95393 1.9692 0.45052
1.9236 0.49447 1.6943 1.3562 2.7691 0.8879 2.9034 0.30253 1.9548 2.8163 1.0705 0.87662 0.86378 1.8806 2.0383 2.9552 2.2954 0.87499 1.7443 2.3156 2.2168 1.1992 3.3679 1.339 1.0273 0.68352 1.4369 0.015388 2.0023 3.0463 1.7632 2.5879 0.74276 0.62356 2.2075 3.0785 0.0 1.363 2.3807 2.1946 0.89267 2.1231 1.4424 0.7842 2.2443 0.82232 2.0355 1.0697 2.5721 2.1625 2.1837 2.1597 1.1773 0.78435 2.7902 2.7393 1.8109 1.7323 2.765 2.8608 2.7715 0.34712 3.4223 1.2175 0.69637 2.0828 0.42197 0.82521 1.9051 3.0463 2.1794 0.77171 1.5537 1.199 2.0349 2.3613 1.1934 1.0865 2.8026 1.5535 0.0 0.0 0.62599 2.564 2.268 0.90672 0.62599 0.62599 2.268 2.8464 0.90672 2.564 0.62599 2.268 2.8464 0.90672 2.564
1.2037 1.8206 2.0924 0.63627 2.7732 1.126 2.9076 2.1276 2.4739 2.8204 1.4686 2.7017 2.1269 2.6137 2.4364 2.3003 2.6925 1.2731 2.4444 2.2418 2.615 1.2813 2.713 2.7311 2.8524 1.5326 2.1201 1.9104 2.4004 3.0504 2.4963 2.985 2.1869 2.4487 2.0997 3.0826 1.895 0.0 2.6146 2.2297 2.2848 2.5212 2.8315 2.6093 2.9479 2.6474 2.7686 2.4618 2.4297 2.5606 1.4638 2.1948 2.5694 2.1765 2.1987 2.7465 1.596 2.1304 2.6911 2.2059 2.1166 2.1722 2.7674 3.0426 2.5215 2.6859 2.1833 2.6503 2.7789 3.0504 2.5775 2.2138 1.4459 1.5971 2.433 2.8309 2.5855 0.3666 2.1477 1.9517 0.0 0.0 2.1541 2.4901 2.6661 2.3488 2.1541 2.1541 2.6661 2.1915 2.3488 2.4901 2.1541 2.6661 2.1915 2.3488 2.4901
2.0997 2.1716 0.95338 1.8362 0.44297 1.477 0.57732 2.3226 1.3349 0.49014 1.7816 2.8827 1.7229 1.4217 0.59335 0.74207 0.085309 1.6241 1.3404 0.81652 0.44792 1.6323 1.1548 1.8114 3.0333 1.8836 1.716 2.2614 0.6354 0.72021 1.3043 0.42498 2.2238 2.7996 0.84063 0.75234 2.246 1.7961 0.0 0.82768 1.8348 0.35419 1.6285 2.6303 0.78085 2.9984 1.5766 2.0118 0.24599 0.27291 1.6728 0.79274 2.1194 2.5274 0.46404 0.41322 1.142 0.99142 0.6271 0.64767 1.4046 2.4052 1.2092 2.9016 2.7545 0.84284 2.3272 2.6713 0.93591 0.72021 0.41045 1.8098 1.6508 1.2961 0.59002 0.66385 2.1355 1.9126 0.58944 1.5476 0.0 0.0 2.1306 0.42607 0.49908 1.9448 2.1306 2.1306 0.49908 0.76628 1.9448 0.42607 2.1306 0.49908 0.76628 1.9448 0.42607
2.1189 2.1907 0.97256 1.8553 0.73135 1.4962 0.86571 2.3418 1.354 0.77853 1.8007 2.9019 1.742 1.4409 0.61253 1.0305 0.6477 1.6432 1.3595 0.1969 0.7911 1.6515 1.4432 1.8305 3.0525 1.9028 1.7352 2.2805 0.65458 1.0086 1.3235 0.94016 2.243 2.8188 0.85981 1.0407 2.2652 1.8152 0.5698 0.0 1.8539 0.69736 1.6476 2.6495 1.124 3.0176 1.5957 2.031 0.53437 0.73673 1.6919 0.81191 2.1385 2.5466 0.75242 0.7016 1.1612 1.0106 0.64628 0.93606 1.4238 2.4244 1.4976 2.9207 2.7736 0.86202 2.3464 2.6905 0.95509 1.0086 0.75363 1.829 1.67 1.3152 0.6092 1.007 2.1547 1.9317 0.87782 1.5668 0.0 0.0 2.1498 0.44525 0.84226 1.964 2.1498 2.1498 0.84226 1.0547 1.964 0.44525 2.1498 0.84226 1.0547 1.964 0.44525
2.2759 1.3887 1.9675 2.0123 2.6373 1.6401 2.7717 0.96877 1.921 2.6845 1.3437 1.3829 0.99102 1.4689 1.8887 2.8234 2.1637 1.6272 1.7105 2.1839 1.9395 1.8084 3.2362 0.56623 1.5335 1.2588 1.5522 1.4785 1.8706 2.9146 1.3515 2.4561 0.87 1.7868 2.0758 2.9467 1.4631 1.9722 2.249 2.0628 0.0 1.9913 0.82462 1.1304 1.8326 1.9856 1.6237 0.29698 2.4404 2.0307 2.5359 2.0279 0.40452 1.9476 2.6584 2.6076 2.0842 1.6006 2.6333 2.729 2.6398 1.0514 3.2906 1.4017 1.4006 1.671 0.97341 1.1715 1.4934 2.9146 2.0476 0.89895 1.827 1.4722 1.9032 1.9496 0.42064 1.9807 2.6708 1.8268 0.0 0.0 0.77675 2.4322 2.1362 1.034 0.77675 0.77675 2.1362 2.7147 1.034 2.4322 0.77675 2.1362 2.7147 1.034 2.4322
2.2361 2.3079 1.0897 1.9725 0.74253 1.6133 0.87689 2.1869 1.4382 0.78971 1.9179 2.747 1.8372 1.286 0.52382 1.0416 0.26888 1.7604 1.4437 1.0851 0.093738 1.7686 1.4544 1.6756 2.8976 2.02 1.8303 2.3977 0.77176 1.0198 1.1686 0.56134 2.0881 2.9179 0.97699 1.0519 2.3823 1.9324 0.35419 0.96403 1.6991 0.0 1.4928 2.4946 0.48014 3.1167 1.4408 1.8761 0.54555 0.13591 1.8091 0.92909 1.9837 2.6638 0.7636 0.71278 1.2784 0.89571 0.76346 0.94724 1.541 2.2695 1.5088 2.7659 2.6187 0.70714 2.1915 2.5356 0.80021 1.0198 0.15281 1.9241 1.7872 1.4324 0.59432 0.36315 1.9998 2.0489 0.889 1.684 0.0 0.0 1.9949 0.56243 0.24144 2.0591 1.9949 1.9949 0.24144 1.0658 2.0591 0.56243 1.9949 0.24144 1.0658 2.0591 0.56243
2.1565 1.2693 1.3682 1.8929 2.0339 1.5208 2.1683 0.84938 1.1866 2.0811 1.2243 1.4615 0.82463 0.86549 1.2853 2.22 1.5603 1.5078 0.97613 1.5805 1.3362 1.6891 2.6328 0.61012 1.6121 1.1394 0.81781 1.3591 1.2672 2.3112 0.74808 1.8528 0.75062 1.6674 1.4724 2.3433 1.3438 1.8528 1.6456 1.4594 0.36153 1.388 0.0 1.3691 1.2292 1.8662 1.0203 0.53859 1.837 1.4273 2.0505 1.4245 0.64614 1.8282 2.055 2.0042 1.5198 0.99719 2.0299 2.1257 2.0364 0.93198 2.6872 1.6433 1.2812 1.0676 0.85402 1.4101 0.88999 2.3112 1.4442 0.77957 1.7076 1.3528 1.2998 1.3462 0.66225 1.8613 2.0674 1.3634 0.0 0.0 0.65736 1.8288 1.5329 0.91458 0.65736 0.65736 1.5329 2.1113 0.91458 1.8288 0.65736 1.5329 2.1113 0.91458 1.8288
2.639 1.2008 2.4097 2.0715 3.4845 1.6033 3.6188 0.78989 2.5671 3.5316 1.7858 0.41199 1.5241 2.368 2.7536 3.6706 3.0108 1.5904 2.3566 3.031 2.8387 1.9146 4.0833 1.5844 0.56262 1.3989 2.0973 1.2997 2.7177 3.7617 2.2506 3.3033 1.4031 1.1829 2.9229 3.7938 1.2843 2.0784 3.0961 2.91 1.38 2.8385 1.8427 0.0 2.7317 1.3817 2.5228 1.5571 3.2875 2.8778 2.899 2.875 1.6646 1.3437 3.5055 3.4547 2.5263 2.4477 3.4804 3.5762 3.4869 0.83449 4.1377 1.1535 0.76574 2.5701 0.90933 0.041012 2.3925 3.7617 2.8947 1.4321 2.2691 1.9144 2.7503 2.8487 1.6808 1.8018 3.5179 2.2689 0.0 0.0 1.1134 3.2794 2.9834 1.5671 1.1134 1.1134 2.9834 3.5618 1.5671 3.2794 1.1134 2.9834 3.5618 1.5671 3.2794
2.6627 2.6076 1.5164 2.3992 1.1692 2.04 1.3035 2.2746 1.5259 1.2164 2.1526 2.8347 1.9249 1.3737 0.61154 1.4683 0.69554 2.1871 1.5314 1.5117 0.3864 2.1953 1.881 1.7634 2.9854 2.3716 1.9181 2.6974 1.1984 1.4464 1.2563 0.988 2.1759 3.0057 1.4036 1.4786 2.682 2.3591 0.78085 1.3907 1.7868 0.48014 1.5805 2.5823 0.0 3.2044 1.5286 1.9638 0.97221 0.56257 2.2358 1.3558 2.0714 3.0305 1.1903 1.1394 1.705 0.98344 1.1901 1.3739 1.9676 2.3572 1.9354 2.8536 2.7065 0.79486 2.2793 2.6233 0.88793 1.4464 0.57947 2.0118 2.2138 1.8591 0.68204 0.117 2.0875 2.4756 1.3157 1.9187 0.0 0.0 2.0826 0.98909 0.6681 2.1468 2.0826 2.0826 0.6681 1.4925 2.1468 0.98909 2.0826 0.6681 1.4925 2.1468 0.98909
2.3426 0.90434 2.1132 1.7751 3.188 1.3069 3.3224 0.49348 2.2707 3.2352 1.4894 0.51547 1.2277 2.0716 2.4572 3.3741 2.7144 1.2939 2.0602 2.7346 2.5423 1.6182 3.7869 1.5299 0.36485 1.1025 1.8009 1.0032 2.4213 3.4653 1.9542 3.0069 1.1067 0.88652 2.6265 3.4974 0.98785 1.7819 2.7997 2.6135 1.0836 2.5421 1.6333 0.97515 2.4353 0.0 2.2264 1.2607 2.9911 2.5814 2.6026 2.5786 1.3682 1.0473 3.2091 3.1583 2.2299 2.1513 3.184 3.2798 3.1905 0.53808 3.8413 1.1491 0.15797 2.2737 0.61292 1.0162 2.0961 3.4653 2.5983 1.1357 1.9727 1.6179 2.4539 2.5523 1.3844 1.5054 3.2215 1.9725 0.0 0.0 0.81694 2.9829 2.687 1.2707 0.81694 0.81694 2.687 3.2654 1.2707 2.9829 0.81694 2.687 3.2654 1.2707 2.9829
2.5689 1.9367 1.4226 2.3054 1.3674 1.9462 1.5017 1.6038 1.377 1.4145 1.7857 2.1639 1.254 0.70291 0.56271 1.6665 0.89371 2.0693 1.3825 1.4179 0.61357 2.1015 2.0792 1.0925 2.3145 1.7008 1.2472 2.0266 1.1046 1.6446 0.58549 1.1862 1.505 2.3348 1.3098 1.6767 2.0112 2.2653 0.97901 1.2969 1.1159 0.70731 0.90965 1.9115 0.75859 2.5336 0.0 1.293 1.1704 0.76074 2.142 1.2619 1.4005 2.4956 1.3884 1.3376 1.6112 0.8346 1.3883 1.5721 1.8738 1.6864 2.1336 2.1828 2.0356 0.12403 1.6084 1.9525 0.2171 1.6446 0.77763 1.341 2.12 1.7653 0.63321 0.67804 1.4167 2.3818 1.5138 1.7698 0.0 0.0 1.4118 1.1873 0.86626 1.476 1.4118 1.4118 0.86626 1.6907 1.476 1.1873 1.4118 0.86626 1.6907 1.476 1.1873
2.3446 1.4574 1.9213 2.081 2.4561 1.7089 2.5904 1.0375 1.7397 2.5032 1.4124 1.2016 1.0597 1.2876 1.7074 2.6421 1.9824 1.6959 1.5292 2.0026 1.7583 1.8772 3.0549 0.38495 1.3522 1.3275 1.3709 1.5472 1.6893 2.7333 1.1702 2.2749 0.93872 1.8555 1.8945 2.7654 1.5319 2.0409 2.0677 1.8816 0.91463 1.8101 0.64334 0.94916 1.6513 2.0543 1.4424 0.0 2.2591 1.8494 2.6036 1.8466 0.10754 2.0163 2.4771 2.4263 2.0729 1.4193 2.452 2.5478 2.4585 1.1201 3.1093 1.2204 1.4693 1.4897 1.0421 0.99017 1.3121 2.7333 1.8663 0.96767 1.8957 1.5409 1.7219 1.7683 0.12366 2.0494 2.4895 1.8955 0.0 0.0 0.84546 2.2509 1.955 1.1027 0.84546 0.84546 1.955 2.5334 1.1027 2.2509 0.84546 1.955 2.5334 1.1027 2.2509
2.2911 2.3629 1.1447 2.0275 0.40754 1.6684 0.54189 2.514 1.5262 0.45472 1.9729 3.0741 1.9142 1.6131 0.78472 0.54008 0.32389 1.8154 1.5317 0.61453 0.63929 1.8237 0.95281 2.0027 3.2247 2.075 1.9074 2.4527 0.82677 0.68479 1.4957 0.61635 2.4152 2.991 1.032 0.71692 2.4373 1.9874 0.24599 1.019 2.0261 0.54555 1.8198 2.8216 0.97221 3.1898 1.7679 2.2032 0.0 0.46427 1.6716 0.9841 2.3107 2.7188 0.26205 0.37779 1.3334 1.1828 0.81847 0.44569 1.2994 2.5966 1.0072 3.0929 2.9458 1.0342 2.5186 2.8627 1.1273 0.68479 0.60181 2.0012 1.8422 1.4874 0.78139 0.85522 2.3268 2.1039 0.38745 1.739 0.0 0.0 2.322 0.61744 0.69044 2.1362 2.322 2.322 0.69044 0.5643 2.1362 0.61744 2.322 0.69044 0.5643 2.1362 0.61744
2.1548 2.2266 1.0085 1.8912 0.66125 1.5321 0.79561 2.2693 1.3899 0.70843 1.8366 2.8294 1.7779 1.3684 0.60625 0.96035 0.1876 1.6791 1.3954 1.0038 0.22965 1.6874 1.3731 1.7581 2.9801 1.9387 1.7711 2.3164 0.69048 0.9385 1.251 0.48006 2.1706 2.8547 0.89571 0.97063 2.3011 1.8511 0.27291 0.88276 1.7815 0.13591 1.5752 2.577 0.56257 3.0535 1.5233 1.9585 0.46427 0.0 1.7278 0.84782 2.0661 2.5825 0.68232 0.63151 1.1971 0.97814 0.68218 0.86596 1.4597 2.3519 1.4275 2.8483 2.7012 0.78957 2.274 2.618 0.88264 0.9385 0.19217 1.8649 1.7059 1.3511 0.6451 0.44557 2.0822 1.9676 0.80773 1.6027 0.0 0.0 2.0773 0.48115 0.2808 1.9999 2.0773 2.0773 0.2808 0.98457 1.9999 0.48115 2.0773 0.2808 0.98457 1.9999 0.48115
1.6238 2.0607 0.84248 1.4583 1.5153 1.3661 1.6496 2.2517 1.224 1.5625 1.6707 2.8358 1.612 1.3638 1.1865 1.6204 1.4316 1.5132 1.2295 0.98083 1.365 1.5214 2.0331 1.7645 2.9864 1.7727 1.6051 2.1505 1.1505 1.7925 1.2464 1.7241 2.153 2.6888 0.72974 1.8247 2.1351 1.4182 1.3537 0.85978 1.7639 1.2713 1.5816 2.5834 1.698 2.8875 1.5187 1.9409 1.3183 1.3107 0.0 0.82484 2.0485 2.4165 1.5188 1.4855 1.0311 0.88052 1.4302 1.526 1.4367 2.3343 2.0875 2.8547 2.6836 1.4359 2.2564 2.6244 1.529 1.7925 1.3276 1.6989 1.1749 1.1852 1.1831 1.581 2.0646 1.7117 1.4678 1.4367 0.0 0.0 2.0597 1.2292 1.4162 1.8339 2.0597 2.0597 1.4162 1.5116 1.8339 1.2292 2.0597 1.4162 1.5116 1.8339 1.2292
1.7008 2.1377 0.91952 1.5353 1.2993 1.4431 1.4337 2.3288 1.301 1.3465 1.7477 2.9128 1.689 1.4409 1.1835 0.82641 1.2187 1.5902 1.3065 0.76786 1.3621 1.5984 1.2391 1.8415 3.0635 1.8497 1.6822 2.2275 1.2255 1.5766 1.3234 1.5111 2.23 2.7658 0.80677 1.6087 2.2121 1.4952 1.1408 0.93681 1.8409 1.2683 1.6586 2.6604 1.695 2.9645 1.5957 2.018 0.95577 1.3077 1.0149 0.0 2.1255 2.4936 0.72484 1.2726 1.1081 0.95756 1.2172 0.73202 0.64274 2.4113 1.2935 2.9317 2.7606 1.433 2.3334 2.7014 1.5261 1.5766 1.3246 1.7759 1.252 1.2622 1.1802 1.578 2.1416 1.7887 0.67379 1.5138 0.0 0.0 2.1367 1.0162 1.4132 1.9109 2.1367 2.1367 1.4132 0.71763 1.9109 1.0162 2.1367 1.4132 0.71763 1.9109 1.0162
2.237 1.3499 1.8137 1.9735 2.3485 1.6013 2.4829 0.92995 1.6322 2.3957 1.3049 1.094 0.9522 1.1801 1.5999 2.5346 1.8749 1.5884 1.4217 1.8951 1.6507 1.7696 2.9473 0.27741 1.2447 1.2199 1.2634 1.4397 1.5817 2.6258 1.0626 2.1673 0.83118 1.748 1.787 2.6579 1.4243 1.9334 1.9602 1.774 0.80709 1.7025 0.53579 0.84162 1.5437 1.9467 1.3349 0.82416 2.1515 1.7419 2.4961 1.7391 0.0 1.9088 2.3696 2.3188 1.9653 1.3118 2.3444 2.4402 2.3509 1.0125 3.0017 1.1129 1.3618 1.3822 0.93458 0.88263 1.2045 2.6258 1.7588 0.86013 1.7882 1.4334 1.6144 1.6607 0.016117 1.9419 2.382 1.788 0.0 0.0 0.73792 2.1434 1.8474 0.99514 0.73792 0.73792 1.8474 2.4258 0.99514 2.1434 0.73792 1.8474 2.4258 0.99514 2.1434
2.2893 0.74004 2.0599 1.7218 3.1347 1.2536 3.2691 1.0482 2.4074 3.1819 1.4361 1.0862 1.6094 2.5473 2.4039 3.3208 2.6611 1.2406 2.1969 2.6813 2.5825 1.5649 3.7336 2.0846 0.93554 1.0492 1.8726 0.89593 2.368 3.412 2.4299 2.9535 1.4884 0.49321 2.5732 3.4441 0.88055 1.7286 2.7464 2.5602 1.6383 2.4888 2.188 1.5298 2.9154 0.69197 2.7021 1.8154 2.9378 2.5281 2.5493 2.5253 1.9229 0.0 3.1558 3.105 2.1766 2.098 3.1307 3.2264 3.1372 1.0928 3.788 1.7198 0.72867 2.6534 1.1676 1.5709 2.6508 3.412 2.545 1.5174 1.9194 1.5646 2.4006 2.7984 1.939 1.4521 3.1682 1.9192 0.0 0.0 1.3716 2.9296 2.6336 1.6524 1.3716 1.3716 2.6336 3.2121 1.6524 2.9296 1.3716 2.6336 3.2121 1.6524 2.9296
2.3361 2.581 1.3628 2.1706 0.62559 1.8864 0.75994 2.732 1.7443 0.67277 2.191 3.2921 2.1323 1.8311 1.0028 0.30915 0.54194 2.0335 1.7498 0.59314 0.85734 2.0417 0.72188 2.2208 3.4428 2.293 2.1254 2.6708 1.0448 0.90284 1.7137 0.8344 2.6333 3.2091 1.25 0.93497 2.6554 2.1305 0.46404 1.2371 2.2442 0.7636 2.0379 3.0397 1.1903 3.4078 1.986 2.4212 0.26205 0.68232 1.6502 1.2022 2.5288 2.9368 0.0 0.59584 1.5514 1.4008 1.0365 0.21476 1.278 2.8146 0.77628 3.311 3.1639 1.2523 2.7367 3.0807 1.3453 0.90284 0.81987 2.2192 1.8872 1.7055 0.99944 1.0733 2.5449 2.322 0.15652 1.957 0.0 0.0 2.54 0.83549 0.9085 2.3542 2.54 2.54 0.9085 0.54291 2.3542 0.83549 2.54 0.9085 0.54291 2.3542 0.83549
2.3893 2.4612 1.243 2.1258 0.089807 1.7666 0.22416 2.4292 1.6245 0.13698 2.0712 2.9893 2.0125 1.5694 0.88298 1.1949 0.42215 1.9137 1.63 1.2384 0.73756 1.9219 1.6076 1.918 3.14 2.1732 2.0057 2.551 0.92504 0.36705 1.4519 0.71461 2.3305 3.0893 1.1303 0.39918 2.5356 2.0857 0.50746 1.1173 1.9414 0.64382 1.7351 2.7369 0.68904 3.288 1.7242 2.1185 0.69883 0.56254 1.9624 1.0824 2.226 2.8171 0.91688 0.0 1.4316 1.2811 0.91673 1.1005 1.6942 2.5118 1.662 3.0082 2.8611 1.1325 2.4339 2.7779 1.0258 0.36705 0.70008 2.0994 1.9405 1.5857 0.87965 0.80604 2.2421 2.2022 1.0423 1.8373 0.0 0.0 2.2372 0.71571 0.78871 2.2344 2.2372 2.2372 0.78871 1.2191 2.2344 0.71571 2.2372 0.78871 1.2191 2.2344 0.71571
1.1265 1.1984 1.4702 0.86298 2.339 0.5038 2.4733 1.5054 1.8517 2.3862 0.84636 2.0795 1.5047 1.9915 1.8142 2.2231 2.0713 0.65088 1.8222 1.8045 1.9927 0.6591 2.6358 2.1089 2.2301 0.91042 1.4978 1.2882 1.7782 2.6162 1.8741 2.3638 1.5647 1.8265 1.5534 2.6484 1.2728 0.82288 2.1566 1.6835 1.6626 1.899 2.2093 1.9871 2.3257 2.0252 2.1464 1.8396 2.142 1.9384 1.3866 1.6485 1.9472 1.5542 2.1215 2.3092 0.0 1.5082 2.2539 2.1287 2.0394 1.55 2.6902 2.4204 1.8993 2.0637 1.5611 2.0281 2.1567 2.6162 1.9553 1.5916 0.67764 0.32288 1.8108 2.2087 1.9633 0.93938 2.0705 1.3294 0.0 0.0 1.5319 2.0529 2.0439 1.7266 1.5319 1.5319 2.0439 2.1143 1.7266 2.0529 1.5319 2.0439 2.1143 1.7266 2.0529
2.6473 2.5372 1.501 2.3838 1.2058 2.0246 1.3402 2.2042 1.4555 1.253 2.0822 2.7643 1.8545 1.3034 0.47498 1.5049 0.73216 2.1717 1.461 1.4964 0.65356 2.1799 1.9176 1.693 2.915 2.3012 1.8477 2.627 1.183 1.4831 1.1859 1.0246 2.1055 2.9353 1.3883 1.5152 2.6116 2.3437 0.81746 1.3753 1.7164 0.55982 1.5101 2.5119 0.98648 3.134 1.4582 1.8935 1.0088 0.59919 2.2204 1.3404 2.001 2.9601 1.2269 1.1761 1.6896 0.0 1.2267 1.4105 1.9522 2.2868 1.972 2.7832 2.6361 0.72448 2.2089 2.5529 0.81755 1.4831 0.61608 1.9414 2.1985 1.8437 0.47166 0.86949 2.0171 2.4602 1.3523 1.8483 0.0 0.0 2.0122 1.0257 0.70471 2.0764 2.0122 2.0122 0.70471 1.5291 2.0764 1.0257 2.0122 0.70471 1.5291 2.0764 1.0257
1.6419 1.7137 0.49554 1.3783 1.0253 1.0192 1.1597 1.9048 0.87703 1.0725 1.3237 2.4889 1.265 1.0169 0.83952 1.1304 0.94169 1.1662 0.88252 0.49089 1.0181 1.1745 1.5432 1.4175 2.6395 1.4258 1.2582 1.8035 0.17757 1.3026 0.89948 1.2341 1.806 2.3418 0.3828 1.3347 1.7881 1.3382 0.86379 0.36984 1.4169 0.92435 1.2346 2.2365 1.351 2.5406 1.1717 1.594 0.82836 0.96372 1.2149 0.3349 1.7015 2.0696 1.0289 0.99559 0.68417 0.53359 0.0 1.036 0.94677 1.9874 1.5976 2.5077 2.3366 1.089 1.9094 2.2775 1.1821 1.3026 0.98062 1.352 1.193 0.83824 0.83619 1.234 1.7176 1.4547 0.97781 1.0898 0.0 0.0 1.7128 0.73924 1.0692 1.487 1.7128 1.7128 1.0692 1.0217 1.487 0.73924 1.7128 1.0692 1.0217 1.487 0.73924
2.3594 2.6043 1.3861 2.1939 0.64889 1.9097 0.78324 2.7553 1.7676 0.69606 2.2143 3.3154 2.1556 1.8544 1.0261 0.28833 0.56523 2.0568 1.7731 0.61644 0.88064 2.065 0.70106 2.2441 3.466 2.3163 2.1487 2.6941 1.0681 0.92613 1.737 0.85769 2.6566 3.2324 1.2733 0.95826 2.6787 2.1538 0.48733 1.2604 2.2675 0.7869 2.0612 3.063 1.2136 3.4311 2.0093 2.4445 0.28535 0.70562 1.6735 1.2254 2.5521 2.9601 0.26396 0.61914 1.5747 1.4241 1.0598 0.0 1.3013 2.8379 0.75546 3.3343 3.1872 1.2756 2.76 3.104 1.3686 0.92613 0.84316 2.2425 1.9105 1.7288 1.0227 1.0966 2.5682 2.3453 0.1357 1.9803 0.0 0.0 2.5633 0.85879 0.93179 2.3775 2.5633 2.5633 0.93179 0.5662 2.3775 0.85879 2.5633 0.93179 0.5662 2.3775 0.85879
2.5138 2.7586 1.5404 2.3482 0.78324 2.0641 0.9176 2.9097 1.9219 0.83042 2.3686 3.4698 2.3099 2.0088 1.1804 0.31034 0.71959 2.2111 1.9274 0.77079 1.035 2.2194 0.72307 2.3984 3.6204 2.4707 2.3031 2.8484 1.2225 1.0605 1.8914 1.0121 2.8109 3.3867 1.4277 1.0926 2.833 2.3081 0.64169 1.4147 2.4218 0.94125 2.2155 3.2174 1.3679 3.5855 2.1636 2.5989 0.4397 0.85998 1.8278 1.3798 2.7064 3.1145 0.20877 0.77349 1.7291 1.5785 1.2142 0.21595 0.0 2.9923 0.77747 3.4886 3.3415 1.4299 2.9143 3.2584 1.523 1.0605 0.99752 2.3969 2.0649 1.8831 1.1771 1.2509 2.7225 2.4996 0.15771 2.1347 0.0 0.0 2.7177 1.0131 1.0861 2.5319 2.7177 2.7177 1.0861 0.72056 2.5319 1.0131 2.7177 1.0861 0.72056 2.5319 1.0131
2.5292 1.1001 2.2999 1.9618 3.3747 1.4935 3.5091 0.68015 2.4574 3.4219 1.6761 0.80424 1.4144 2.2583 2.6439 3.5608 2.9011 1.4806 2.2469 2.9213 2.7289 1.8048 3.9735 1.4586 0.95487 1.2891 1.9876 1.1899 2.6079 3.652 2.1408 3.1935 1.2934 1.4982 2.8132 3.6841 1.1745 1.9686 2.9864 2.8002 1.2703 2.7287 1.717 0.71182 2.6219 1.6969 2.4131 1.4474 3.1777 2.7681 2.7893 2.7653 1.5549 1.659 3.3958 3.345 2.4165 2.338 3.3706 3.4664 3.3771 0.0 4.0279 1.1451 1.112 2.4604 0.79959 0.75283 2.2828 3.652 2.785 1.3223 2.1594 1.8046 2.6406 2.7389 1.571 1.6921 3.4082 2.1592 0.0 0.0 1.0036 3.1696 2.8736 1.4573 1.0036 1.0036 2.8736 3.452 1.4573 3.1696 1.0036 2.8736 3.452 1.4573 3.1696
2.3936 2.6385 1.4203 2.2281 0.68309 1.9439 0.81744 2.7895 1.8018 0.73026 2.2485 3.3496 2.1898 1.8886 1.0603 0.55118 0.59943 2.091 1.8073 0.65063 0.91483 2.0992 0.96392 2.2783 3.5002 2.3505 2.1829 2.7283 1.1023 0.96033 1.7712 0.89189 2.6908 3.2666 1.3075 0.99246 2.7129 2.188 0.52153 1.2946 2.3017 0.8211 2.0954 3.0972 1.2478 3.4653 2.0435 2.4787 0.31955 0.73982 1.7077 1.2596 2.5863 2.9943 0.29816 0.65334 1.6089 1.4583 1.094 0.29345 1.3355 2.8721 0.0 3.3685 3.2214 1.3098 2.7942 3.1382 1.4028 0.96033 0.87736 2.2767 1.9447 1.763 1.0569 1.1308 2.6024 2.3795 0.39856 2.0145 0.0 0.0 2.5975 0.89299 0.96599 2.4117 2.5975 2.5975 0.96599 0.6004 2.4117 0.89299 2.5975 0.96599 0.6004 2.4117 0.89299
2.8264 1.3973 2.5971 2.259 3.3609 1.7907 3.4953 0.97735 2.6446 3.4081 1.9733 0.82345 1.6436 2.1925 2.6123 3.547 2.8873 1.7778 2.4341 2.9075 2.6631 2.102 3.9597 1.2898 0.97408 1.5863 2.2168 1.4871 2.5941 3.6382 2.0751 3.1797 1.5226 1.5944 2.7994 3.6703 1.4717 2.2658 2.9726 2.7864 1.4995 2.7149 1.5482 0.82303 2.5561 1.7932 2.3473 1.5156 3.1639 2.7543 3.0865 2.7515 1.6231 1.7552 3.382 3.3312 2.7137 2.3242 3.3568 3.4526 3.3633 1.0599 4.0141 0.0 1.1772 2.3946 1.0968 0.86404 2.217 3.6382 2.7712 1.5515 2.4566 2.1018 2.6268 2.6731 1.6392 1.9893 3.3944 2.4564 0.0 0.0 1.3008 3.1558 2.8598 1.6865 1.3008 1.3008 2.8598 3.4382 1.6865 3.1558 1.3008 2.8598 3.4382 1.6865 3.1558
2.3163 0.8781 2.087 1.7489 3.1618 1.2806 3.2962 0.46724 2.2445 3.209 1.4632 0.61788 1.2015 2.0453 2.431 3.3479 2.6881 1.2677 2.034 2.7083 2.516 1.5919 3.7606 1.5037 0.46725 1.0762 1.7747 0.977 2.395 3.439 1.9279 2.9806 1.0805 0.86027 2.6003 3.4712 0.96161 1.7557 2.7735 2.5873 1.0574 2.5158 1.6071 0.94891 2.409 1.059 2.2002 1.2344 2.9648 2.5552 2.5764 2.5524 1.342 1.0211 3.1829 3.1321 2.2036 2.125 3.1577 3.2535 3.1642 0.51183 3.815 1.2515 0.0 2.2475 0.58668 0.98992 2.0698 3.439 2.5721 1.1094 1.9464 1.5917 2.4276 2.526 1.3581 1.4792 3.1953 1.9463 0.0 0.0 0.7907 2.9567 2.6607 1.2444 0.7907 0.7907 2.6607 3.2391 1.2444 2.9567 0.7907 2.6607 3.2391 1.2444 2.9567
2.582 2.1099 1.4357 2.3185 1.2805 1.9593 1.4149 1.7359 1.3902 1.3277 1.9589 2.296 1.4272 0.87605 0.47585 1.5796 0.80685 2.1064 1.3957 1.4311 0.52671 2.1146 1.9923 1.2247 2.4467 1.8739 1.4204 2.1997 1.1177 1.5577 0.75864 1.0993 1.6372 2.508 1.323 1.5899 2.1843 2.2784 0.89216 1.31 1.2481 0.62045 1.0418 2.0436 0.67174 2.7067 1.0309 1.4252 1.0835 0.67388 2.1551 1.2751 1.5327 2.6688 1.3016 1.2508 1.6243 0.84775 1.3014 1.4852 1.8869 1.8185 2.0467 2.3149 2.1678 0.0 1.7406 2.0846 0.13024 1.5577 0.69078 1.5141 2.1332 1.7784 0.54635 0.59118 1.5488 2.3949 1.427 1.783 0.0 0.0 1.5439 1.1004 0.77941 1.6491 1.5439 1.5439 0.77941 1.6038 1.6491 1.1004 1.5439 0.77941 1.6038 1.6491 1.1004
2.0039 0.57478 1.7508 1.4365 2.7866 0.96821 2.9209 0.15483 1.8173 2.8338 1.127 0.76693 0.77428 1.6181 2.0379 2.9727 2.3129 0.95529 1.6068 2.3331 2.0888 1.2795 3.3854 1.0765 0.91756 0.69803 1.3474 0.66459 2.0198 3.0638 1.5007 2.6054 0.65326 0.97287 2.225 3.096 0.6492 1.4433 2.3982 2.2121 0.63018 2.1406 1.1799 0.67451 1.9818 1.1716 1.773 0.80724 2.5896 2.18 2.264 2.1772 0.91478 1.1337 2.8077 2.7568 1.8674 1.7498 2.7825 2.8783 2.789 0.23743 3.4398 1.1078 0.58668 1.8203 0.0 0.71552 1.6426 3.0638 2.1969 0.68221 1.6102 1.2555 2.0524 2.0988 0.9309 1.1668 2.8201 1.6101 0.0 0.0 0.36349 2.5815 2.2855 0.81722 0.36349 0.36349 2.2855 2.8639 0.81722 2.5815 0.36349 2.2855 2.8639 0.81722 2.5815
2.598 1.1597 2.3686 2.0305 3.4434 1.5623 3.5778 0.74888 2.5261 3.4906 1.7448 0.37098 1.4831 2.327 2.7126 3.6295 2.9698 1.5493 2.3156 2.99 2.7977 1.8736 4.0423 1.5433 0.52161 1.3579 2.0563 1.2586 2.6767 3.7207 2.2096 3.2623 1.3621 1.1419 2.8819 3.7528 1.2433 2.0373 3.0551 2.8689 1.339 2.7975 1.8017 0.79655 2.6907 1.3407 2.4818 1.5161 3.2465 2.8368 2.858 2.834 1.6236 1.3027 3.4645 3.4137 2.4853 2.4067 3.4394 3.5351 3.4459 0.79347 4.0967 1.1125 0.72472 2.5291 0.86832 0.0 2.3515 3.7207 2.8537 1.3911 2.2281 1.8733 2.7093 2.8077 1.6397 1.7608 3.4769 2.2279 0.0 0.0 1.0723 3.2383 2.9423 1.5261 1.0723 1.0723 2.9423 3.5208 1.5261 3.2383 1.0723 2.9423 3.5208 1.5261 3.2383
2.5338 2.0119 1.3875 2.2703 1.2323 1.9111 1.3666 1.638 1.3419 1.2794 1.8609 2.1981 1.3292 0.77811 0.42761 1.5314 0.7586 2.0582 1.3474 1.3828 0.47847 2.0664 1.9441 1.1267 2.3487 1.776 1.3224 2.1018 1.0695 1.5095 0.6607 1.0511 1.5392 2.41 1.2747 1.5416 2.0864 2.2302 0.84391 1.2618 1.1501 0.57221 0.94385 1.9457 0.57379 2.6088 0.93294 1.3272 1.0353 0.62564 2.1069 1.2268 1.4348 2.5708 1.2533 1.2025 1.5761 0.7995 1.2532 1.437 1.8387 1.7206 1.9985 2.217 2.0698 0.61093 1.6426 1.9867 0.0 1.5095 0.64253 1.4162 2.0849 1.7302 0.49811 0.54294 1.4509 2.3467 1.3787 1.7347 0.0 0.0 1.446 1.0522 0.73116 1.5512 1.446 1.446 0.73116 1.5556 1.5512 1.0522 1.446 0.73116 1.5556 1.5512 1.0522
2.1563 2.2281 1.01 1.8927 0.66275 1.5336 0.7971 2.3792 1.3914 0.70993 1.8381 2.9393 1.7794 1.4783 0.64992 0.96185 0.18909 1.6806 1.3969 1.0053 0.5045 1.6889 1.3746 1.8679 3.0899 1.9402 1.7726 2.3179 0.69198 0.0 1.3609 0.48156 2.2804 2.8562 0.89721 0.032132 2.3026 1.8526 0.2744 0.88425 1.8913 0.41076 1.685 2.6869 0.83742 3.055 1.6331 2.0684 0.46577 0.32948 1.7293 0.84931 2.1759 2.584 0.68382 0.633 1.1986 1.048 0.68367 0.86745 1.4612 2.4618 1.429 2.9581 2.811 0.89942 2.3838 2.7279 0.99249 0.0 0.46702 1.8664 1.7074 1.3526 0.64659 0.72043 2.1921 1.9691 0.80922 1.6042 0.0 0.0 2.1872 0.48265 0.55565 2.0014 2.1872 2.1872 0.55565 0.98607 2.0014 0.48265 2.1872 0.55565 0.98607 2.0014 0.48265
3.1517 2.6746 2.0054 2.8882 1.6582 2.529 1.7926 2.3006 2.0149 1.7054 2.5236 2.8607 1.9919 1.4407 1.1006 1.9573 1.1845 2.6761 2.0204 2.0008 0.87541 2.6843 2.37 1.7894 3.0114 2.4386 1.9851 2.7644 1.6874 1.9354 1.3233 1.477 2.2019 3.0727 1.8927 1.9676 2.749 2.8481 1.2699 1.8797 1.8128 0.96915 1.6065 2.6083 0.56043 3.2714 1.5956 1.9898 1.4612 1.0516 2.7248 1.8448 2.0974 3.2335 1.6793 1.6285 2.194 1.4724 1.6791 1.8629 2.4566 2.3832 2.4244 2.8796 2.7325 1.2839 2.3053 2.6493 0.89724 1.9354 0.0 2.0788 2.7029 2.3481 1.171 0.67743 2.1135 2.9646 1.8047 2.4077 0.0 0.0 2.1086 1.4781 0.08863 2.2138 2.1086 2.1086 0.08863 1.9815 2.2138 1.4781 2.1086 0.08863 1.9815 2.2138 1.4781
1.4968 0.84067 1.1885 1.2333 2.2633 0.8641 2.3976 1.1347 1.32 2.3105 0.56466 1.7088 0.79198 1.4598 1.5325 2.4494 1.7896 0.85118 1.1095 1.8098 1.711 1.0294 2.8621 1.3962 1.8594 0.50572 0.78515 0.93048 1.4965 2.5405 1.3424 2.0821 1.16 1.4558 1.7017 2.5727 0.9151 1.1932 1.8749 1.6888 0.94987 1.6173 1.4996 1.6164 2.044 1.6545 1.6147 1.1269 2.0663 1.6567 1.7569 1.6539 1.2345 1.4175 2.2844 2.2335 1.3051 1.2265 2.2592 2.355 2.2657 1.1793 2.9165 2.0497 1.5286 1.662 1.1564 1.6574 1.755 2.5405 1.6736 0.0 1.0479 0.69318 1.5291 1.927 1.2506 1.3097 2.2968 1.0477 0.0 0.0 1.1272 2.0582 1.7622 1.0139 1.1272 1.1272 1.7622 2.3406 1.0139 2.0582 1.1272 1.7622 2.3406 1.0139 2.0582
1.0253 1.3242 1.596 0.36082 2.5948 0.62964 2.7292 1.6313 1.9775 2.642 0.9722 2.2054 1.6305 2.1174 1.94 2.1219 2.1972 0.77672 1.948 2.0634 2.1186 0.78494 2.5347 2.2347 2.356 1.0363 1.6237 1.414 1.9041 2.8721 2.0 2.4896 1.6905 1.9523 1.8253 2.9042 1.3986 0.32072 2.2825 1.9553 1.7884 2.0248 2.3351 2.1129 2.4515 2.1511 2.2722 1.9655 2.2513 2.0642 1.2854 1.9204 2.073 1.6801 2.0204 2.5681 1.2067 1.6341 2.5128 2.0275 1.9383 1.6759 2.5891 2.5462 2.0251 2.1895 1.6869 2.1539 2.2826 2.8721 2.0811 1.7174 0.0 1.1007 1.9367 2.3345 2.0891 0.61422 1.9693 1.4553 0.0 0.0 1.6577 2.3117 2.1697 1.8525 1.6577 1.6577 2.1697 2.0131 1.8525 2.3117 1.6577 2.1697 2.0131 1.8525 2.3117
0.85095 1.6488 1.2056 0.68543 2.0634 0.95425 2.1978 1.8859 1.5871 2.1106 1.2968 2.498 1.2401 1.727 1.5496 1.9475 1.8068 1.1013 1.5576 1.529 1.7282 1.1095 2.3603 1.8443 2.6486 1.3609 1.2333 1.7386 1.5137 2.3407 1.6096 2.0992 1.7871 2.2769 1.2779 2.3728 1.7232 0.64533 1.8921 1.4079 1.398 1.6344 1.9447 2.4055 2.0611 2.4757 1.8818 1.5751 1.8665 1.6738 1.111 1.373 1.6826 2.0047 1.846 2.0337 0.65926 1.2437 1.9784 1.8531 1.7639 1.9685 2.4147 2.6798 2.3177 1.7991 1.8905 2.4466 1.8922 2.3407 1.6907 1.3271 0.40208 0.0 1.5463 1.9441 1.6987 0.93883 1.7949 1.0649 0.0 0.0 1.6938 1.7773 1.7793 1.4621 1.6938 1.6938 1.7793 1.8388 1.4621 1.7773 1.6938 1.7793 1.8388 1.4621 1.7773
2.3213 2.3932 1.175 2.0578 0.82777 1.6986 0.96212 2.3152 1.5565 0.87495 2.0031 2.8753 1.9445 1.4143 0.65212 1.1269 0.35411 1.8457 1.5619 1.1703 0.27552 1.8539 1.5396 1.8039 3.0259 2.1052 1.9376 2.483 0.857 1.105 1.2969 0.64658 2.2164 3.0212 1.0622 1.1371 2.4676 2.0177 0.43942 1.0493 1.8274 0.18178 1.6211 2.6229 0.60844 3.22 1.5691 2.0044 0.63079 0.22114 1.8944 1.0143 2.112 2.749 0.84884 0.79802 1.3636 1.024 0.84869 1.0325 1.6262 2.3978 1.594 2.8942 2.747 0.83544 2.3198 2.6639 0.92851 1.105 0.23804 2.0314 1.8724 1.5177 0.0 0.49144 2.1281 2.1342 0.97424 1.7692 0.0 0.0 2.1232 0.64767 0.32667 2.1664 2.1232 2.1232 0.32667 1.1511 2.1664 0.64767 2.1232 0.32667 1.1511 2.1664 0.64767
2.5457 2.4906 1.3994 2.2822 1.0522 1.923 1.1866 2.1576 1.4089 1.0994 2.0356 2.7177 1.8079 1.2567 0.49455 1.3513 0.57854 2.0701 1.4144 1.3947 0.26941 2.0783 1.764 1.6464 2.8684 2.2546 1.8011 2.5804 1.0814 1.3294 1.1393 0.87101 2.0589 2.8887 1.2867 1.3616 2.565 2.2421 0.66385 1.2737 1.6698 0.36315 1.4635 2.4653 0.117 3.0874 1.4116 1.8468 0.85522 0.44557 2.1188 1.2388 1.9544 2.9135 1.0733 1.0224 1.588 0.86644 1.0731 1.2569 1.8506 2.2402 1.8184 2.7366 2.5895 0.67787 2.1623 2.5063 0.77094 1.3294 0.46247 1.8948 2.0968 1.7421 0.56504 0.0 1.9705 2.3586 1.1987 1.8017 0.0 0.0 1.9656 0.8721 0.5511 2.0298 1.9656 1.9656 0.5511 1.3755 2.0298 0.8721 1.9656 0.5511 1.3755 2.0298 0.8721
2.2209 1.3338 1.7976 1.9574 2.3324 1.5852 2.4667 0.91383 1.6161 2.3796 1.2888 1.0779 0.93608 1.1639 1.5837 2.5185 1.8587 1.5723 1.4056 1.8789 1.6346 1.7535 2.9312 0.26129 1.2286 1.2038 1.2472 1.4236 1.5656 2.6096 1.0465 2.1512 0.81506 1.7319 1.7708 2.6418 1.4082 1.9173 1.944 1.7579 0.79098 1.6864 0.51968 0.8255 1.5276 1.9306 1.3188 0.80804 2.1354 1.7258 2.48 1.723 0.91558 1.8927 2.3535 2.3026 1.9492 1.2956 2.3283 2.4241 2.3348 0.99642 2.9856 1.0968 1.3457 1.3661 0.91846 0.86651 1.1884 2.6096 1.7427 0.84401 1.772 1.4173 1.5982 1.6446 0.0 1.9258 2.3659 1.7719 0.0 0.0 0.7218 2.1273 1.8313 0.97902 0.7218 0.7218 1.8313 2.4097 0.97902 2.1273 0.7218 1.8313 2.4097 0.97902 2.1273
0.90675 1.5236 1.7954 0.33929 2.4762 0.82904 2.6106 1.8307 2.1769 2.5234 1.1716 2.4048 1.8299 2.3168 2.1394 2.0033 2.3956 0.97612 2.1474 1.9448 2.318 0.98435 2.4161 2.4341 2.5554 1.2357 1.8231 1.6134 2.1035 2.7535 2.1994 2.688 1.8899 2.1517 1.8027 2.7856 1.598 0.52013 2.3177 1.9327 1.9878 2.2242 2.5345 2.3123 2.6509 2.3505 2.4716 2.1649 2.1327 2.2636 1.1668 1.8978 2.2724 1.8795 1.9018 2.4495 1.2991 1.8335 2.3942 1.9089 1.8197 1.8753 2.4705 2.7456 2.2245 2.3889 1.8863 2.3534 2.482 2.7535 2.2805 1.9168 1.1489 1.3001 2.1361 2.5339 2.2885 0.0 1.8507 1.6547 0.0 0.0 1.8571 2.1931 2.3691 2.0519 1.8571 1.8571 2.3691 1.8945 2.0519 2.1931 1.8571 2.3691 1.8945 2.0519 2.1931
2.9869 3.0588 1.8406 2.7234 0.68738 2.3642 0.82174 3.0268 2.2221 0.73456 2.6688 3.5869 2.6101 2.1669 1.4806 0.21448 1.0197 2.5113 2.2276 1.2579 1.3351 2.5195 0.62721 2.5156 3.7375 2.7708 2.6032 3.1486 1.5226 0.96463 2.0495 1.3122 2.9281 3.6869 1.7278 0.99676 3.1332 2.6833 1.105 1.7149 2.539 1.2414 2.3327 3.3345 1.2866 3.8856 2.3218 2.716 0.92684 1.1601 2.315 1.6799 2.8236 3.4146 0.90545 1.2606 2.0292 1.8786 1.5143 0.90075 1.9428 3.1094 0.68161 3.6058 3.4587 1.7301 3.0315 3.3755 1.6234 0.96463 1.2977 2.697 2.538 2.1833 1.4772 1.4036 2.8397 2.7998 0.0 2.4348 0.0 0.0 2.8348 1.3133 1.3863 2.832 2.8348 2.8348 1.3863 1.2077 2.832 1.3133 2.8348 1.3863 1.2077 2.832 1.3133
1.2427 0.83254 0.93436 0.97915 2.0092 0.60997 2.1435 1.1396 1.3158 2.0563 0.31053 1.7137 0.96884 1.4557 1.2783 2.1953 1.5355 0.59705 1.2863 1.5557 1.4569 0.77527 2.608 1.5731 1.8643 0.54459 0.96201 0.92235 1.2424 2.2864 1.3383 1.828 1.1988 1.4606 1.4476 2.3185 0.90696 0.93905 1.6208 1.4347 1.1267 1.3632 1.6734 1.6213 1.7898 1.6594 1.6105 1.3038 1.8122 1.4025 1.5027 1.3997 1.4113 1.1884 2.0302 1.9794 1.051 0.9724 2.0051 2.1009 2.0116 1.1842 2.6624 2.0545 1.5334 1.5278 1.1952 1.6623 1.6209 2.2864 1.4194 1.0558 0.7938 0.43905 1.275 1.6728 1.4275 1.0555 2.0426 0.0 0.0 0.0 1.1661 1.8041 1.5081 1.1908 1.1661 1.1661 1.5081 2.0865 1.1908 1.8041 1.1661 1.5081 2.0865 1.1908 1.8041
0.0 0.0 0.0 0.0 0.0 0.0 0.0 0.0 0.0 0.0 0.0 0.0 0.0 0.0 0.0 0.0 0.0 0.0 0.0 0.0 0.0 0.0 0.0 0.0 0.0 0.0 0.0 0.0 0.0 0.0 0.0 0.0 0.0 0.0 0.0 0.0 0.0 0.0 0.0 0.0 0.0 0.0 0.0 0.0 0.0 0.0 0.0 0.0 0.0 0.0 0.0 0.0 0.0 0.0 0.0 0.0 0.0 0.0 0.0 0.0 0.0 0.0 0.0 0.0 0.0 0.0 0.0 0.0 0.0 0.0 0.0 0.0 0.0 0.0 0.0 0.0 0.0 0.0 0.0 0.0 0.0 0.0 0.0 0.0 0.0 0.0 0.0 0.0 0.0 0.0 0.0 0.0 0.0 0.0 0.0 0.0 0.0
0.0 0.0 0.0 0.0 0.0 0.0 0.0 0.0 0.0 0.0 0.0 0.0 0.0 0.0 0.0 0.0 0.0 0.0 0.0 0.0 0.0 0.0 0.0 0.0 0.0 0.0 0.0 0.0 0.0 0.0 0.0 0.0 0.0 0.0 0.0 0.0 0.0 0.0 0.0 0.0 0.0 0.0 0.0 0.0 0.0 0.0 0.0 0.0 0.0 0.0 0.0 0.0 0.0 0.0 0.0 0.0 0.0 0.0 0.0 0.0 0.0 0.0 0.0 0.0 0.0 0.0 0.0 0.0 0.0 0.0 0.0 0.0 0.0 0.0 0.0 0.0 0.0 0.0 0.0 0.0 0.0 0.0 0.0 0.0 0.0 0.0 0.0 0.0 0.0 0.0 0.0 0.0 0.0 0.0 0.0 0.0 0.0
1.8625 0.7788 1.5541 1.5654 2.5899 1.0502 2.7243 0.35885 1.6206 2.6371 0.93031 0.97095 0.57762 1.4215 1.8413 2.776 2.1163 1.0373 1.4101 2.1365 1.8921 1.3615 3.1888 0.87983 1.1216 0.66885 1.1508 0.86861 1.8232 2.8672 1.3041 2.4087 0.4566 1.1769 2.0284 2.8993 0.85323 1.5253 2.2016 2.0154 0.43352 1.9439 0.98322 0.87853 1.7852 1.3757 1.5763 0.61058 2.393 1.9833 2.1225 1.9805 0.71812 1.3377 2.611 2.5602 1.6708 1.5532 2.5859 2.6816 2.5924 0.44145 3.2432 1.3118 0.7907 1.6236 0.36349 0.91954 1.446 2.8672 2.0002 0.48555 1.4136 1.0588 1.8558 1.9022 0.73424 1.3708 2.6234 1.4134 0.0 0.0 0.0 2.3848 2.0888 0.62056 0.0 0.0 2.0888 2.6673 0.62056 2.3848 0.0 2.0888 2.6673 0.62056 2.3848
2.3835 2.2734 1.2372 2.12 0.94201 1.7608 1.0764 1.9404 1.1917 0.98919 1.8184 2.5005 1.5907 1.0396 0.21118 1.2411 0.46835 1.9079 1.1972 1.2326 0.38976 1.9161 1.6538 1.4292 2.6512 2.0374 1.5839 2.3632 0.91924 1.2193 0.92214 0.76082 1.8417 2.6715 1.1245 1.2514 2.3478 2.0799 0.55366 1.1115 1.4526 0.29602 1.2463 2.2481 0.72268 2.8702 1.1944 1.6297 0.74503 0.33539 1.9566 1.0766 1.7372 2.6963 0.96308 0.91226 1.4258 0.64925 0.96293 1.1467 1.6884 2.023 1.7082 2.5194 2.3723 0.46068 1.9451 2.2891 0.55375 1.2193 0.35228 1.6776 1.9347 1.5799 0.20785 0.60569 1.7533 2.1964 1.0885 1.5845 0.0 0.0 1.7484 0.0 0.44091 1.8126 1.7484 1.7484 0.44091 1.2653 1.8126 0.0 1.7484 0.44091 1.2653 1.8126 0.0
3.0631 2.586 1.9168 2.7996 1.5696 2.4404 1.7039 2.212 1.9263 1.6168 2.4349 2.7721 1.9033 1.3521 1.0119 1.8687 1.0959 2.5875 1.9318 1.9121 0.78678 2.5957 2.2814 1.7007 2.9227 2.35 1.8964 2.6758 1.5988 1.8468 1.2347 1.3884 2.1132 2.984 1.804 1.8789 2.6604 2.7595 1.1812 1.7911 1.7242 0.88052 1.5179 2.5197 0.47181 3.1828 1.5069 1.9012 1.3726 0.96295 2.6362 1.7561 2.0088 3.1448 1.5906 1.5398 2.1054 1.3838 1.5905 1.7743 2.368 2.2946 2.3358 2.791 2.6439 1.1952 2.2166 2.5607 0.80861 1.8468 0.97985 1.9902 2.6142 2.2595 1.0824 0.5888 2.0249 2.876 1.716 2.319 0.0 0.0 2.02 1.3895 0.0 2.1252 2.02 2.02 0.0 1.8929 2.1252 1.3895 2.02 0.0 1.8929 2.1252 1.3895
1.8517 0.59159 1.5434 1.2522 2.6182 0.73702 2.7526 0.66864 1.7139 2.6654 0.91958 1.2427 0.81489 1.8538 1.8874 2.8043 2.1445 0.7241 1.5034 2.1648 2.066 1.0483 3.217 1.3741 1.3934 0.35564 1.1791 0.6814 1.8514 2.8954 1.7363 2.437 0.69387 0.98968 2.0567 2.9276 0.66601 1.2121 2.2299 2.0437 0.92779 1.9722 1.4775 1.1503 2.2704 1.1884 2.0086 1.1049 2.4212 2.0116 2.1118 2.0088 1.2124 1.1505 2.6393 2.5885 1.66 1.5814 2.6141 2.7099 2.6206 0.71323 3.2714 1.5836 1.0625 2.0559 0.69028 1.1913 1.9312 2.8954 2.0285 0.72282 1.4029 1.0481 1.884 2.2819 1.2285 1.1836 2.6517 1.4027 0.0 0.0 0.6611 2.4131 2.1171 0.0 0.6611 0.6611 2.1171 2.6955 0.0 2.4131 0.6611 2.1171 2.6955 0.0 2.4131
1.8625 0.7788 1.5541 1.5654 2.5899 1.0502 2.7243 0.35885 1.6206 2.6371 0.93031 0.97095 0.57762 1.4215 1.8413 2.776 2.1163 1.0373 1.4101 2.1365 1.8921 1.3615 3.1888 0.87983 1.1216 0.66885 1.1508 0.86861 1.8232 2.8672 1.3041 2.4087 0.4566 1.1769 2.0284 2.8993 0.85323 1.5253 2.2016 2.0154 0.43352 1.9439 0.98322 0.87853 1.7852 1.3757 1.5763 0.61058 2.393 1.9833 2.1225 1.9805 0.71812 1.3377 2.611 2.5602 1.6708 1.5532 2.5859 2.6816 2.5924 0.44145 3.2432 1.3118 0.7907 1.6236 0.36349 0.91954 1.446 2.8672 2.0002 0.48555 1.4136 1.0588 1.8558 1.9022 0.73424 1.3708 2.6234 1.4134 0.0 0.0 0.0 2.3848 2.0888 0.62056 0.0 0.0 2.0888 2.6673 0.62056 2.3848 0.0 2.0888 2.6673 0.62056 2.3848
1.8625 0.7788 1.5541 1.5654 2.5899 1.0502 2.7243 0.35885 1.6206 2.6371 0.93031 0.97095 0.57762 1.4215 1.8413 2.776 2.1163 1.0373 1.4101 2.1365 1.8921 1.3615 3.1888 0.87983 1.1216 0.66885 1.1508 0.86861 1.8232 2.8672 1.3041 2.4087 0.4566 1.1769 2.0284 2.8993 0.85323 1.5253 2.2016 2.0154 0.43352 1.9439 0.98322 0.87853 1.7852 1.3757 1.5763 0.61058 2.393 1.9833 2.1225 1.9805 0.71812 1.3377 2.611 2.5602 1.6708 1.5532 2.5859 2.6816 2.5924 0.44145 3.2432 1.3118 0.7907 1.6236 0.36349 0.91954 1.446 2.8672 2.0002 0.48555 1.4136 1.0588 1.8558 1.9022 0.73424 1.3708 2.6234 1.4134 0.0 0.0 0.0 2.3848 2.0888 0.62056 0.0 0.0 2.0888 2.6673 0.62056 2.3848 0.0 2.0888 2.6673 0.62056 2.3848
3.0631 2.586 1.9168 2.7996 1.5696 2.4404 1.7039 2.212 1.9263 1.6168 2.4349 2.7721 1.9033 1.3521 1.0119 1.8687 1.0959 2.5875 1.9318 1.9121 0.78678 2.5957 2.2814 1.7007 2.9227 2.35 1.8964 2.6758 1.5988 1.8468 1.2347 1.3884 2.1132 2.984 1.804 1.8789 2.6604 2.7595 1.1812 1.7911 1.7242 0.88052 1.5179 2.5197 0.47181 3.1828 1.5069 1.9012 1.3726 0.96295 2.6362 1.7561 2.0088 3.1448 1.5906 1.5398 2.1054 1.3838 1.5905 1.7743 2.368 2.2946 2.3358 2.791 2.6439 1.1952 2.2166 2.5607 0.80861 1.8468 0.97985 1.9902 2.6142 2.2595 1.0824 0.5888 2.0249 2.876 1.716 2.319 0.0 0.0 2.02 1.3895 0.0 2.1252 2.02 2.02 0.0 1.8929 2.1252 1.3895 2.02 0.0 1.8929 2.1252 1.3895
2.0678 2.1396 0.92145 1.8042 0.68025 1.4451 0.8146 2.2907 1.3029 0.72742 1.7496 2.8508 1.6909 1.3898 0.56142 0.97934 0.59659 1.5921 1.3084 0.14579 0.73999 1.6004 1.3921 1.7794 3.0014 1.8517 1.6841 2.2294 0.60348 0.95749 1.2724 0.88905 2.1919 2.7677 0.8087 0.98962 2.2141 1.7641 0.51869 0.79575 1.8028 0.64626 1.5965 2.5984 1.0729 2.9665 1.5446 1.9799 0.48326 0.68562 1.6408 0.76081 2.0874 2.4955 0.70132 0.6505 1.1101 0.95949 0.59517 0.88495 1.3727 2.3733 1.4465 2.8696 2.7225 0.81091 2.2953 2.6394 0.90398 0.95749 0.70252 1.7779 1.6189 1.2641 0.55809 0.95592 2.1036 1.8806 0.82672 1.5157 0.0 0.0 2.0987 0.39414 0.79115 1.9129 2.0987 2.0987 0.79115 0.0 1.9129 0.39414 2.0987 0.79115 0.0 1.9129 0.39414
1.8517 0.59159 1.5434 1.2522 2.6182 0.73702 2.7526 0.66864 1.7139 2.6654 0.91958 1.2427 0.81489 1.8538 1.8874 2.8043 2.1445 0.7241 1.5034 2.1648 2.066 1.0483 3.217 1.3741 1.3934 0.35564 1.1791 0.6814 1.8514 2.8954 1.7363 2.437 0.69387 0.98968 2.0567 2.9276 0.66601 1.2121 2.2299 2.0437 0.92779 1.9722 1.4775 1.1503 2.2704 1.1884 2.0086 1.1049 2.4212 2.0116 2.1118 2.0088 1.2124 1.1505 2.6393 2.5885 1.66 1.5814 2.6141 2.7099 2.6206 0.71323 3.2714 1.5836 1.0625 2.0559 0.69028 1.1913 1.9312 2.8954 2.0285 0.72282 1.4029 1.0481 1.884 2.2819 1.2285 1.1836 2.6517 1.4027 0.0 0.0 0.6611 2.4131 2.1171 0.0 0.6611 0.6611 2.1171 2.6955 0.0 2.4131 0.6611 2.1171 2.6955 0.0 2.4131
2.3835 2.2734 1.2372 2.12 0.94201 1.7608 1.0764 1.9404 1.1917 0.98919 1.8184 2.5005 1.5907 1.0396 0.21118 1.2411 0.46835 1.9079 1.1972 1.2326 0.38976 1.9161 1.6538 1.4292 2.6512 2.0374 1.5839 2.3632 0.91924 1.2193 0.92214 0.76082 1.8417 2.6715 1.1245 1.2514 2.3478 2.0799 0.55366 1.1115 1.4526 0.29602 1.2463 2.2481 0.72268 2.8702 1.1944 1.6297 0.74503 0.33539 1.9566 1.0766 1.7372 2.6963 0.96308 0.91226 1.4258 0.64925 0.96293 1.1467 1.6884 2.023 1.7082 2.5194 2.3723 0.46068 1.9451 2.2891 0.55375 1.2193 0.35228 1.6776 1.9347 1.5799 0.20785 0.60569 1.7533 2.1964 1.0885 1.5845 0.0 0.0 1.7484 0.0 0.44091 1.8126 1.7484 1.7484 0.44091 1.2653 1.8126 0.0 1.7484 0.44091 1.2653 1.8126 0.0
1.8625 0.7788 1.5541 1.5654 2.5899 1.0502 2.7243 0.35885 1.6206 2.6371 0.93031 0.97095 0.57762 1.4215 1.8413 2.776 2.1163 1.0373 1.4101 2.1365 1.8921 1.3615 3.1888 0.87983 1.1216 0.66885 1.1508 0.86861 1.8232 2.8672 1.3041 2.4087 0.4566 1.1769 2.0284 2.8993 0.85323 1.5253 2.2016 2.0154 0.43352 1.9439 0.98322 0.87853 1.7852 1.3757 1.5763 0.61058 2.393 1.9833 2.1225 1.9805 0.71812 1.3377 2.611 2.5602 1.6708 1.5532 2.5859 2.6816 2.5924 0.44145 3.2432 1.3118 0.7907 1.6236 0.36349 0.91954 1.446 2.8672 2.0002 0.48555 1.4136 1.0588 1.8558 1.9022 0.73424 1.3708 2.6234 1.4134 0.0 0.0 0.0 2.3848 2.0888 0.62056 0.0 0.0 2.0888 2.6673 0.62056 2.3848 0.0 2.0888 2.6673 0.62056 2.3848
3.0631 2.586 1.9168 2.7996 1.5696 2.4404 1.7039 2.212 1.9263 1.6168 2.4349 2.7721 1.9033 1.3521 1.0119 1.8687 1.0959 2.5875 1.9318 1.9121 0.78678 2.5957 2.2814 1.7007 2.9227 2.35 1.8964 2.6758 1.5988 1.8468 1.2347 1.3884 2.1132 2.984 1.804 1.8789 2.6604 2.7595 1.1812 1.7911 1.7242 0.88052 1.5179 2.5197 0.47181 3.1828 1.5069 1.9012 1.3726 0.96295 2.6362 1.7561 2.0088 3.1448 1.5906 1.5398 2.1054 1.3838 1.5905 1.7743 2.368 2.2946 2.3358 2.791 2.6439 1.1952 2.2166 2.5607 0.80861 1.8468 0.97985 1.9902 2.6142 2.2595 1.0824 0.5888 2.0249 2.876 1.716 2.319 0.0 0.0 2.02 1.3895 0.0 2.1252 2.02 2.02 0.0 1.8929 2.1252 1.3895 2.02 0.0 1.8929 2.1252 1.3895
2.0678 2.1396 0.92145 1.8042 0.68025 1.4451 0.8146 2.2907 1.3029 0.72742 1.7496 2.8508 1.6909 1.3898 0.56142 0.97934 0.59659 1.5921 1.3084 0.14579 0.73999 1.6004 1.3921 1.7794 3.0014 1.8517 1.6841 2.2294 0.60348 0.95749 1.2724 0.88905 2.1919 2.7677 0.8087 0.98962 2.2141 1.7641 0.51869 0.79575 1.8028 0.64626 1.5965 2.5984 1.0729 2.9665 1.5446 1.9799 0.48326 0.68562 1.6408 0.76081 2.0874 2.4955 0.70132 0.6505 1.1101 0.95949 0.59517 0.88495 1.3727 2.3733 1.4465 2.8696 2.7225 0.81091 2.2953 2.6394 0.90398 0.95749 0.70252 1.7779 1.6189 1.2641 0.55809 0.95592 2.1036 1.8806 0.82672 1.5157 0.0 0.0 2.0987 0.39414 0.79115 1.9129 2.0987 2.0987 0.79115 0.0 1.9129 0.39414 2.0987 0.79115 0.0 1.9129 0.39414
1.8517 0.59159 1.5434 1.2522 2.6182 0.73702 2.7526 0.66864 1.7139 2.6654 0.91958 1.2427 0.81489 1.8538 1.8874 2.8043 2.1445 0.7241 1.5034 2.1648 2.066 1.0483 3.217 1.3741 1.3934 0.35564 1.1791 0.6814 1.8514 2.8954 1.7363 2.437 0.69387 0.98968 2.0567 2.9276 0.66601 1.2121 2.2299 2.0437 0.92779 1.9722 1.4775 1.1503 2.2704 1.1884 2.0086 1.1049 2.4212 2.0116 2.1118 2.0088 1.2124 1.1505 2.6393 2.5885 1.66 1.5814 2.6141 2.7099 2.6206 0.71323 3.2714 1.5836 1.0625 2.0559 0.69028 1.1913 1.9312 2.8954 2.0285 0.72282 1.4029 1.0481 1.884 2.2819 1.2285 1.1836 2.6517 1.4027 0.0 0.0 0.6611 2.4131 2.1171 0.0 0.6611 0.6611 2.1171 2.6955 0.0 2.4131 0.6611 2.1171 2.6955 0.0 2.4131
2.3835 2.2734 1.2372 2.12 0.94201 1.7608 1.0764 1.9404 1.1917 0.98919 1.8184 2.5005 1.5907 1.0396 0.21118 1.2411 0.46835 1.9079 1.1972 1.2326 0.38976 1.9161 1.6538 1.4292 2.6512 2.0374 1.5839 2.3632 0.91924 1.2193 0.92214 0.76082 1.8417 2.6715 1.1245 1.2514 2.3478 2.0799 0.55366 1.1115 1.4526 0.29602 1.2463 2.2481 0.72268 2.8702 1.1944 1.6297 0.74503 0.33539 1.9566 1.0766 1.7372 2.6963 0.96308 0.91226 1.4258 0.64925 0.96293 1.1467 1.6884 2.023 1.7082 2.5194 2.3723 0.46068 1.9451 2.2891 0.55375 1.2193 0.35228 1.6776 1.9347 1.5799 0.20785 0.60569 1.7533 2.1964 1.0885 1.5845 0.0 0.0 1.7484 0.0 0.44091 1.8126 1.7484 1.7484 0.44091 1.2653 1.8126 0.0 1.7484 0.44091 1.2653 1.8126 0.0
