INSTANCE u2-16-14.85-0.3-14.85-3.txt

Objective function weight factors:
[0.75, 0.25]
Time horizon [min]:
127.0
Number of customers:
16
Number of origin depots,destination depots and recharging stations:
1,1,5
Number of vehicles:
2
Capacity of vehicles (C):
[3, 3]
Initial battery range level of vehicles (B0 in kWh):
[3.5, 3.5]
Available battery range for the vehicles at every node (Q in kWh):
[3.5, 3.5]
Maximum battery emptiness at end depots (r)(% of the available battery range Q):
[0.3, 0.3]
Vehicles' consumption rates (beta in  kWh/min):
[0.0715; 0.0715]
Recharging rates at stations (alpha in kWh/min):
[0.055 0.055 0.055 0.055 0.055 0.055 0.055 0.055 0.055 0.055 0.055 0.055 0.055 0.055 0.055; 0.055 0.055 0.055 0.055 0.055 0.055 0.055 0.055 0.055 0.055 0.055 0.055 0.055 0.055 0.055]

Objective Value:
58.174751499999964
Best_bound:
58.174751499999964
Gap[%]:
0.0
Objective Value 1st component (by vehicle)
76.44546199999999
Objective Value 2nd component (by vehicle):
NaN
Objective Value 3rd component (by vehicle):
3.362619999999883
Solution: i, j, T[i], T[j],arr[i],dep[i],arr[j],dep[j],t[i,j],B[i],e[i]
35,3,0.004,2.822,0.0,137.0,0.0,15.91,2.819,3.5,0
3,19,2.822,5.909,0.0,15.91,4.0,19.0,2.586,3.298,0
19,1,5.909,10.28,4.0,19.0,0.0,10.28,0.05,3.114,0
1,17,10.28,14.995,0.0,10.28,4.72,15.0,4.215,3.11,0
17,6,14.995,44.252,4.72,15.0,31.5,50.86,1.993,2.809,0
6,22,44.252,48.393,31.5,50.86,40.0,55.0,3.641,2.666,0
22,7,48.393,53.49,40.0,55.0,32.5,53.49,4.597,2.406,0
7,23,53.49,55.997,32.5,53.49,41.0,56.0,2.007,2.077,0
23,55,55.997,58.56,41.0,56.0,0.0,137.0,2.04,1.934,0
55,11,58.56,83.892,0.0,137.0,68.5,89.06,0.424,1.788,24.908
11,27,83.892,86.835,68.5,89.06,77.0,92.0,2.442,3.127,0
27,12,86.835,89.837,77.0,92.0,68.5,89.84,2.502,2.953,0
12,28,89.837,92.0,68.5,89.84,77.0,92.0,1.663,2.774,0
28,16,92.0,101.777,77.0,92.0,98.5,118.38,1.403,2.655,0
16,14,101.777,104.132,98.5,118.38,96.5,115.25,1.855,2.555,0
14,32,104.132,107.0,96.5,115.25,107.0,122.0,2.368,2.422,0
32,30,107.0,110.638,107.0,122.0,105.0,120.0,3.138,2.253,0
30,15,110.638,112.606,105.0,120.0,97.5,120.5,1.468,2.028,0
15,31,112.606,113.106,97.5,120.5,106.0,121.0,0.0,1.923,0
31,45,113.106,115.265,106.0,121.0,0.0,137.0,1.66,1.923,0
45,50,115.265,127.0,0.0,137.0,0.0,137.0,0.0,1.805,11.735
50,40,127.0,127.0,0.0,137.0,0.0,137.0,0.0,2.45,0.0
36,2,1.138,1.373,0.0,137.0,0.0,16.37,0.236,3.466,0
2,18,1.373,3.002,0.0,16.37,3.0,18.0,1.129,3.45,0
18,4,3.002,21.481,3.0,18.0,7.5,26.59,0.914,3.369,0
4,20,21.481,25.886,7.5,26.59,16.0,31.0,3.905,3.304,0
20,5,25.886,28.03,16.0,31.0,8.5,28.03,1.644,3.024,0
5,21,28.03,31.999,8.5,28.03,17.0,32.0,3.469,2.907,0
21,8,31.999,61.976,17.0,32.0,41.5,62.57,1.437,2.659,0
8,24,61.976,64.401,41.5,62.57,50.0,65.0,1.925,2.556,0
24,9,64.401,67.037,50.0,65.0,52.5,74.21,2.136,2.418,0
9,25,67.037,68.825,52.5,74.21,61.0,76.0,1.289,2.266,0
25,10,68.825,72.81,61.0,76.0,53.5,72.81,3.485,2.173,0
10,26,72.81,76.998,53.5,72.81,62.0,77.0,3.688,1.924,0
26,13,76.998,94.864,62.0,77.0,89.5,109.86,2.346,1.661,0
13,29,94.864,98.0,89.5,109.86,98.0,113.0,2.636,1.493,0
29,47,98.0,101.836,98.0,113.0,0.0,137.0,3.336,1.304,0
47,37,101.836,127.0,0.0,137.0,0.0,137.0,0.0,1.066,25.164
Number of visited stations during service (per vehicle):
[2, 0]
Charging time during service (per vehicle):
[36.643, 0.0]
Number of visited stations at the end of service (per vehicle):
[1, 1]
Charging time during service (per vehicle):
[0.0, 25.164]
