INSTANCE u2-16-14.85-0.6-14.85-3.txt

Objective function weight factors:
[0.75, 0.25]
Time horizon [min]:
127.0
Number of customers:
16
Number of origin depots,destination depots and recharging stations:
1,1,5
Number of vehicles:
2
Capacity of vehicles (C):
[3, 3]
Initial battery range level of vehicles (B0 in kWh):
[3.5, 3.5]
Available battery range for the vehicles at every node (Q in kWh):
[3.5, 3.5]
Maximum battery emptiness at end depots (r)(% of the available battery range Q):
[0.6, 0.6]
Vehicles' consumption rates (beta in  kWh/min):
[0.0715; 0.0715]
Recharging rates at stations (alpha in kWh/min):
[0.055 0.055 0.055 0.055 0.055 0.055 0.055 0.055 0.055 0.055 0.055 0.055 0.055 0.055 0.055; 0.055 0.055 0.055 0.055 0.055 0.055 0.055 0.055 0.055 0.055 0.055 0.055 0.055 0.055 0.055]

Objective Value:
57.6462315
Best_bound:
57.6462315
Gap[%]:
0.0
Objective Value 1st component (by vehicle)
76.86164200000002
Objective Value 2nd component (by vehicle):
NaN
Objective Value 3rd component (by vehicle):
0.0
Solution: i, j, T[i], T[j],arr[i],dep[i],arr[j],dep[j],t[i,j],B[i],e[i]
35,3,0.004,6.643,0.0,137.0,0.0,15.91,2.819,3.467,0
3,19,6.643,9.73,0.0,15.91,4.0,19.0,2.586,3.266,0
19,1,9.73,10.28,4.0,19.0,0.0,10.28,0.05,3.081,0
1,17,10.28,14.995,0.0,10.28,4.72,15.0,4.215,3.077,0
17,6,14.995,35.86,4.72,15.0,31.5,50.86,1.993,2.776,0
6,22,35.86,40.001,31.5,50.86,40.0,55.0,3.641,2.633,0
22,7,40.001,45.098,40.0,55.0,32.5,53.49,4.597,2.373,0
7,23,45.098,47.605,32.5,53.49,41.0,56.0,2.007,2.044,0
23,10,47.605,66.319,41.0,56.0,53.5,72.81,1.3,1.901,0
10,26,66.319,70.507,53.5,72.81,62.0,77.0,3.688,1.808,0
26,11,70.507,74.058,62.0,77.0,68.5,89.06,3.051,1.544,0
11,27,74.058,77.0,68.5,89.06,77.0,92.0,2.442,1.326,0
27,14,77.0,100.25,77.0,92.0,96.5,115.25,3.418,1.151,0
14,30,100.25,105.0,96.5,115.25,105.0,120.0,4.25,0.907,0
30,15,105.0,106.968,105.0,120.0,97.5,120.5,1.468,0.603,0
15,31,106.968,107.468,97.5,120.5,106.0,121.0,0.0,0.498,0
31,52,107.468,109.113,106.0,121.0,0.0,137.0,1.145,0.498,0
52,42,109.113,109.113,0.0,137.0,0.0,137.0,0.0,0.416,0.0
42,47,109.113,127.0,0.0,137.0,0.0,137.0,0.0,0.416,17.887
47,37,127.0,127.0,0.0,137.0,0.0,137.0,0.0,1.4,0.0
36,2,0.0,8.552,0.0,137.0,0.0,16.37,0.236,3.5,0
2,18,8.552,10.181,0.0,16.37,3.0,18.0,1.129,3.483,0
18,4,10.181,11.595,3.0,18.0,7.5,26.59,0.914,3.402,0
4,20,11.595,16.0,7.5,26.59,16.0,31.0,3.905,3.337,0
20,5,16.0,18.144,16.0,31.0,8.5,28.03,1.644,3.058,0
5,21,18.144,22.113,8.5,28.03,17.0,32.0,3.469,2.94,0
21,8,22.113,62.569,17.0,32.0,41.5,62.57,1.437,2.692,0
8,24,62.569,64.994,41.5,62.57,50.0,65.0,1.925,2.589,0
24,9,64.994,74.208,50.0,65.0,52.5,74.21,2.136,2.452,0
9,25,74.208,75.997,52.5,74.21,61.0,76.0,1.289,2.299,0
25,12,75.997,89.832,61.0,76.0,68.5,89.84,1.982,2.207,0
12,28,89.832,91.996,68.5,89.84,77.0,92.0,1.663,2.065,0
28,16,91.996,103.384,77.0,92.0,98.5,118.38,1.403,1.946,0
16,32,103.384,107.0,98.5,118.38,107.0,122.0,3.116,1.846,0
32,13,107.0,108.91,107.0,122.0,89.5,109.86,1.41,1.623,0
13,29,108.91,112.045,89.5,109.86,98.0,113.0,2.636,1.522,0
29,45,112.045,116.443,98.0,113.0,0.0,137.0,3.897,1.334,0
45,50,116.443,127.0,0.0,137.0,0.0,137.0,0.0,1.055,10.557
50,40,127.0,127.0,0.0,137.0,0.0,137.0,0.0,1.636,0.0
Number of visited stations during service (per vehicle):
[2, 1]
Charging time during service (per vehicle):
[17.887, 10.557]
Number of visited stations at the end of service (per vehicle):
[1, 1]
Charging time during service (per vehicle):
[0.0, 0.0]
