INSTANCE u2-16-14.85-0.3-14.85-2.txt

Objective function weight factors:
[0.75, 0.25]
Time horizon [min]:
127.0
Number of customers:
16
Number of origin depots,destination depots and recharging stations:
1,1,5
Number of vehicles:
2
Capacity of vehicles (C):
[3, 3]
Initial battery range level of vehicles (B0 in kWh):
[3.5, 3.5]
Available battery range for the vehicles at every node (Q in kWh):
[3.5, 3.5]
Maximum battery emptiness at end depots (r)(% of the available battery range Q):
[0.3, 0.3]
Vehicles' consumption rates (beta in  kWh/min):
[0.0715; 0.0715]
Recharging rates at stations (alpha in kWh/min):
[0.055 0.055 0.055 0.055 0.055 0.055 0.055 0.055 0.055 0.055; 0.055 0.055 0.055 0.055 0.055 0.055 0.055 0.055 0.055 0.055]

Objective Value:
58.17475149999999
Best_bound:
58.17475149999999
Gap[%]:
0.0
Objective Value 1st component (by vehicle)
76.44546199999999
Objective Value 2nd component (by vehicle):
NaN
Objective Value 3rd component (by vehicle):
3.362620000000005
Solution: i, j, T[i], T[j],arr[i],dep[i],arr[j],dep[j],t[i,j],B[i],e[i]
35,3,0.0,2.819,0.0,137.0,0.0,15.91,2.819,3.5,0
3,19,2.819,5.905,0.0,15.91,4.0,19.0,2.586,3.298,0
19,1,5.905,6.455,4.0,19.0,0.0,10.28,0.05,3.114,0
1,17,6.455,11.171,0.0,10.28,4.72,15.0,4.215,3.11,0
17,6,11.171,35.859,4.72,15.0,31.5,50.86,1.993,2.809,0
6,22,35.859,40.0,31.5,50.86,40.0,55.0,3.641,2.666,0
22,7,40.0,46.731,40.0,55.0,32.5,53.49,4.597,2.406,0
7,23,46.731,49.238,32.5,53.49,41.0,56.0,2.007,2.077,0
23,50,49.238,51.778,41.0,56.0,0.0,137.0,2.04,1.934,0
50,11,51.778,83.888,0.0,137.0,68.5,89.06,0.424,1.788,31.685
11,27,83.888,86.831,68.5,89.06,77.0,92.0,2.442,3.5,0
27,12,86.831,89.832,77.0,92.0,68.5,89.84,2.502,3.325,0
12,28,89.832,91.996,68.5,89.84,77.0,92.0,1.663,3.146,0
28,16,91.996,108.554,77.0,92.0,98.5,118.38,1.403,3.028,0
16,14,108.554,110.909,98.5,118.38,96.5,115.25,1.855,2.927,0
14,32,110.909,113.777,96.5,115.25,107.0,122.0,2.368,2.795,0
32,30,113.777,117.415,107.0,122.0,105.0,120.0,3.138,2.625,0
30,15,117.415,119.383,105.0,120.0,97.5,120.5,1.468,2.401,0
15,31,119.383,119.883,97.5,120.5,106.0,121.0,0.0,2.296,0
31,45,119.883,122.043,106.0,121.0,0.0,137.0,1.66,2.296,0
45,40,122.043,127.0,0.0,137.0,0.0,137.0,0.0,2.177,4.957
36,2,0.0,1.371,0.0,137.0,0.0,16.37,0.236,3.466,0
2,18,1.371,3.0,0.0,16.37,3.0,18.0,1.129,3.45,0
18,4,3.0,21.478,3.0,18.0,7.5,26.59,0.914,3.369,0
4,20,21.478,25.883,7.5,26.59,16.0,31.0,3.905,3.304,0
20,5,25.883,28.027,16.0,31.0,8.5,28.03,1.644,3.024,0
5,21,28.027,31.996,8.5,28.03,17.0,32.0,3.469,2.907,0
21,8,31.996,54.15,17.0,32.0,41.5,62.57,1.437,2.659,0
8,24,54.15,56.576,41.5,62.57,50.0,65.0,1.925,2.556,0
24,9,56.576,59.211,50.0,65.0,52.5,74.21,2.136,2.418,0
9,25,59.211,61.0,52.5,74.21,61.0,76.0,1.289,2.266,0
25,10,61.0,64.985,61.0,76.0,53.5,72.81,3.485,2.173,0
10,26,64.985,69.172,53.5,72.81,62.0,77.0,3.688,1.924,0
26,13,69.172,94.864,62.0,77.0,89.5,109.86,2.346,1.661,0
13,29,94.864,98.0,89.5,109.86,98.0,113.0,2.636,1.493,0
29,42,98.0,101.836,98.0,113.0,0.0,137.0,3.336,1.304,0
42,37,101.836,127.0,0.0,137.0,0.0,137.0,0.0,1.066,25.164
Number of visited stations during service (per vehicle):
[1, 0]
Charging time during service (per vehicle):
[31.685, 0.0]
Number of visited stations at the end of service (per vehicle):
[1, 1]
Charging time during service (per vehicle):
[4.957, 25.164]
