INSTANCE u2-20-14.85-0.3-14.85.txt

Objective function weight factors:
[0.75, 0.25]
Time horizon [min]:
166.0
Number of customers:
20
Number of origin depots,destination depots and recharging stations:
1,1,5
Number of vehicles:
2
Capacity of vehicles (C):
[3, 3]
Initial battery range level of vehicles (B0 in kWh):
[3.5, 3.5]
Available battery range for the vehicles at every node (Q in kWh):
[3.5, 3.5]
Maximum battery emptiness at end depots (r)(% of the available battery range Q):
[0.3, 0.3]
Vehicles' consumption rates (beta in  kWh/min):
[0.0715; 0.0715]
Recharging rates at stations (alpha in kWh/min):
[0.055 0.055 0.055 0.055 0.055; 0.055 0.055 0.055 0.055 0.055]

Objective Value:
56.86022
Best_bound:
56.86022
Gap[%]:
0.0
Objective Value 1st component (by vehicle)
75.39974000000001
Objective Value 2nd component (by vehicle):
NaN
Objective Value 3rd component (by vehicle):
1.2416599999999953
Solution: i, j, T[i], T[j],arr[i],dep[i],arr[j],dep[j],t[i,j],B[i],e[i]
43,1,0.0,1.271,0.0,177.0,0.0,10.28,1.271,3.5,0
1,21,1.271,5.986,0.0,10.28,4.72,15.0,4.215,3.409,0
21,5,5.986,24.923,4.72,15.0,18.5,39.92,1.067,3.108,0
5,25,24.923,27.001,18.5,39.92,27.0,42.0,1.578,3.031,0
25,7,27.001,50.858,27.0,42.0,39.5,50.86,0.967,2.919,0
7,27,50.858,54.999,39.5,50.86,48.0,55.0,3.641,2.849,0
27,8,54.999,61.684,48.0,55.0,41.5,62.57,6.184,2.589,0
8,28,61.684,64.109,41.5,62.57,50.0,65.0,1.925,2.147,0
28,9,64.109,66.744,50.0,65.0,52.5,74.21,2.136,2.009,0
9,29,66.744,68.533,52.5,74.21,61.0,76.0,1.289,1.857,0
29,12,68.533,80.021,61.0,76.0,73.5,95.02,1.902,1.764,0
12,32,80.021,82.0,73.5,95.02,82.0,97.0,1.479,1.628,0
32,10,82.0,84.105,82.0,97.0,66.5,88.19,1.605,1.523,0
10,11,84.105,85.336,66.5,88.19,68.5,89.84,0.732,1.408,0
11,30,85.336,86.587,68.5,89.84,75.0,90.0,0.751,1.356,0
30,31,86.587,88.072,75.0,90.0,77.0,92.0,0.985,1.302,0
31,14,88.072,101.285,77.0,92.0,93.5,115.05,3.428,1.232,0
14,34,101.285,103.235,93.5,115.05,102.0,117.0,1.449,0.986,0
34,13,103.235,105.45,102.0,117.0,87.5,110.5,1.715,0.883,0
13,33,105.45,105.95,87.5,110.5,96.0,111.0,0.0,0.76,0
33,54,105.95,108.966,96.0,111.0,0.0,177.0,2.516,0.76,0
54,20,108.966,141.671,0.0,177.0,138.5,156.67,3.443,0.58,29.262
20,40,141.671,147.0,138.5,156.67,147.0,162.0,4.829,1.943,0
40,53,147.0,148.81,147.0,162.0,0.0,177.0,1.31,1.598,0
53,48,148.81,166.0,0.0,177.0,0.0,177.0,0.0,1.505,17.19
44,2,0.0,11.385,0.0,177.0,4.5,26.39,0.931,3.5,0
2,22,11.385,13.0,4.5,26.39,13.0,28.0,1.115,3.433,0
22,4,13.0,22.947,13.0,28.0,14.5,36.48,1.601,3.354,0
4,24,22.947,24.465,14.5,36.48,23.0,38.0,1.018,3.239,0
24,3,24.465,25.795,23.0,38.0,5.5,25.8,0.831,3.166,0
3,23,25.795,28.995,5.5,25.8,14.0,29.0,2.699,3.107,0
23,6,28.995,32.5,14.0,29.0,24.5,47.5,1.177,2.914,0
6,26,32.5,33.0,24.5,47.5,33.0,48.0,0.0,2.83,0
26,15,33.0,105.5,33.0,48.0,97.5,120.5,0.0,2.83,0
15,35,105.5,106.0,97.5,120.5,106.0,121.0,0.0,2.83,0
35,16,106.0,109.171,106.0,121.0,102.5,124.17,1.252,2.83,0
16,36,109.171,111.0,102.5,124.17,111.0,126.0,1.329,2.74,0
36,18,111.0,128.687,111.0,126.0,124.5,143.69,1.317,2.645,0
18,38,128.687,133.0,124.5,143.69,133.0,148.0,3.813,2.551,0
38,19,133.0,135.5,133.0,148.0,127.5,150.5,1.286,2.279,0
19,39,135.5,136.0,127.5,150.5,136.0,151.0,0.0,2.187,0
39,17,136.0,138.952,136.0,151.0,122.5,144.15,2.452,2.187,0
17,37,138.952,140.798,122.5,144.15,131.0,146.0,1.346,2.011,0
37,50,140.798,144.115,131.0,146.0,0.0,177.0,2.816,1.915,0
50,45,144.115,166.0,0.0,177.0,0.0,177.0,0.0,1.714,21.885
Number of visited stations during service (per vehicle):
[1, 0]
Charging time during service (per vehicle):
[29.262, 0.0]
Number of visited stations at the end of service (per vehicle):
[1, 1]
Charging time during service (per vehicle):
[17.19, 21.885]
