INSTANCE u2-20-14.85-0.9-14.85.txt

Objective function weight factors:
[0.75, 0.25]
Time horizon [min]:
166.0
Number of customers:
20
Number of origin depots,destination depots and recharging stations:
1,1,5
Number of vehicles:
2
Capacity of vehicles (C):
[3, 3]
Initial battery range level of vehicles (B0 in kWh):
[3.5, 3.5]
Available battery range for the vehicles at every node (Q in kWh):
[3.5, 3.5]
Maximum battery emptiness at end depots (r)(% of the available battery range Q):
[0.9, 0.9]
Vehicles' consumption rates (beta in  kWh/min):
[0.0715; 0.0715]
Recharging rates at stations (alpha in kWh/min):
[0.055 0.055 0.055 0.055 0.055; 0.055 0.055 0.055 0.055 0.055]

Objective Value:
55.58537
Best_bound:
55.585370000000005
Gap[%]:
1.2782909167647895e-14
Objective Value 1st component (by vehicle)
73.69994
Objective Value 2nd component (by vehicle):
NaN
Objective Value 3rd component (by vehicle):
1.2416600000000102
Solution: i, j, T[i], T[j],arr[i],dep[i],arr[j],dep[j],t[i,j],B[i],e[i]
43,1,0.004,10.28,0.0,177.0,0.0,10.28,1.271,3.5,0
1,21,10.28,14.995,0.0,10.28,4.72,15.0,4.215,3.409,0
21,5,14.995,39.918,4.72,15.0,18.5,39.92,1.067,3.108,0
5,25,39.918,41.997,18.5,39.92,27.0,42.0,1.578,3.031,0
25,7,41.997,43.859,27.0,42.0,39.5,50.86,0.967,2.919,0
7,27,43.859,48.0,39.5,50.86,48.0,55.0,3.641,2.849,0
27,8,48.0,54.684,48.0,55.0,41.5,62.57,6.184,2.589,0
8,28,54.684,57.109,41.5,62.57,50.0,65.0,1.925,2.147,0
28,9,57.109,74.207,50.0,65.0,52.5,74.21,2.136,2.009,0
9,29,74.207,75.996,52.5,74.21,61.0,76.0,1.289,1.857,0
29,12,75.996,80.021,61.0,76.0,73.5,95.02,1.902,1.764,0
12,32,80.021,82.0,73.5,95.02,82.0,97.0,1.479,1.628,0
32,10,82.0,87.514,82.0,97.0,66.5,88.19,1.605,1.523,0
10,11,87.514,88.746,66.5,88.19,68.5,89.84,0.732,1.408,0
11,30,88.746,89.997,68.5,89.84,75.0,90.0,0.751,1.356,0
30,31,89.997,91.482,75.0,90.0,77.0,92.0,0.985,1.302,0
31,14,91.482,100.051,77.0,92.0,93.5,115.05,3.428,1.232,0
14,34,100.051,102.0,93.5,115.05,102.0,117.0,1.449,0.986,0
34,13,102.0,104.215,102.0,117.0,87.5,110.5,1.715,0.883,0
13,33,104.215,104.715,87.5,110.5,96.0,111.0,0.0,0.76,0
33,20,104.715,141.671,96.0,111.0,138.5,156.67,4.26,0.76,0
20,40,141.671,147.0,138.5,156.67,147.0,162.0,4.829,0.456,0
40,53,147.0,159.94,147.0,162.0,0.0,177.0,1.31,0.11,0
53,48,159.94,166.0,0.0,177.0,0.0,177.0,0.0,0.017,6.06
44,2,0.0,19.231,0.0,177.0,4.5,26.39,0.931,3.5,0
2,22,19.231,20.846,4.5,26.39,13.0,28.0,1.115,3.433,0
22,4,20.846,22.947,13.0,28.0,14.5,36.48,1.601,3.354,0
4,24,22.947,24.465,14.5,36.48,23.0,38.0,1.018,3.239,0
24,3,24.465,25.795,23.0,38.0,5.5,25.8,0.831,3.166,0
3,23,25.795,28.995,5.5,25.8,14.0,29.0,2.699,3.107,0
23,6,28.995,32.5,14.0,29.0,24.5,47.5,1.177,2.914,0
6,26,32.5,33.0,24.5,47.5,33.0,48.0,0.0,2.83,0
26,15,33.0,106.92,33.0,48.0,97.5,120.5,0.0,2.83,0
15,35,106.92,107.42,97.5,120.5,106.0,121.0,0.0,2.83,0
35,16,107.42,109.171,106.0,121.0,102.5,124.17,1.252,2.83,0
16,36,109.171,111.0,102.5,124.17,111.0,126.0,1.329,2.74,0
36,18,111.0,129.401,111.0,126.0,124.5,143.69,1.317,2.645,0
18,38,129.401,133.714,124.5,143.69,133.0,148.0,3.813,2.551,0
38,19,133.714,135.5,133.0,148.0,127.5,150.5,1.286,2.279,0
19,39,135.5,136.0,127.5,150.5,136.0,151.0,0.0,2.187,0
39,17,136.0,138.952,136.0,151.0,122.5,144.15,2.452,2.187,0
17,37,138.952,140.798,122.5,144.15,131.0,146.0,1.346,2.011,0
37,45,140.798,166.0,131.0,146.0,0.0,177.0,2.816,1.915,0
Number of visited stations during service (per vehicle):
[0, 0]
Charging time during service (per vehicle):
[0.0, 0.0]
Number of visited stations at the end of service (per vehicle):
[1, 0]
Charging time during service (per vehicle):
[6.06, 0.0]
