INSTANCE u2-24-14.85-0.3-14.85-2.txt

Objective function weight factors:
[0.75, 0.25]
Time horizon [min]:
199.0
Number of customers:
24
Number of origin depots,destination depots and recharging stations:
1,1,5
Number of vehicles:
2
Capacity of vehicles (C):
[3, 3]
Initial battery range level of vehicles (B0 in kWh):
[3.5, 3.5]
Available battery range for the vehicles at every node (Q in kWh):
[3.5, 3.5]
Maximum battery emptiness at end depots (r)(% of the available battery range Q):
[0.3, 0.3]
Vehicles' consumption rates (beta in  kWh/min):
[0.0715; 0.0715]
Recharging rates at stations (alpha in kWh/min):
[0.055 0.055 0.055 0.055 0.055 0.055 0.055 0.055 0.055 0.055; 0.055 0.055 0.055 0.055 0.055 0.055 0.055 0.055 0.055 0.055]

Objective Value:
97.49900000000062
Best_bound:
90.4492082639879
Gap[%]:
7.230629786985176
Objective Value 1st component (by vehicle)
125.12642
Objective Value 2nd component (by vehicle):
NaN
Objective Value 3rd component (by vehicle):
14.616740000002498
Solution: i, j, T[i], T[j],arr[i],dep[i],arr[j],dep[j],t[i,j],B[i],e[i]
51,2,2.721,5.325,0.0,209.0,0.0,13.03,2.604,3.5,0
2,3,5.325,7.843,0.0,13.03,6.5,25.11,2.018,3.314,0
3,26,7.843,12.133,6.5,25.11,3.97,17.0,3.79,3.169,0
26,27,12.133,15.003,3.97,17.0,15.0,30.0,2.37,2.899,0
27,4,15.003,18.735,15.0,30.0,7.5,27.87,3.232,2.729,0
4,28,18.735,21.862,7.5,27.87,16.0,31.0,2.627,2.498,0
28,6,21.862,30.358,16.0,31.0,23.5,45.36,2.465,2.31,0
6,30,30.358,32.002,23.5,45.36,32.0,47.0,1.145,2.134,0
30,7,32.002,53.5,32.0,47.0,30.5,53.5,3.527,2.052,0
7,31,53.5,54.0,30.5,53.5,39.0,54.0,0.0,1.8,0
31,9,54.0,55.488,39.0,54.0,43.5,61.11,0.988,1.8,0
9,33,55.488,61.382,43.5,61.11,52.0,67.0,5.393,1.729,0
33,11,61.382,72.362,52.0,67.0,66.5,88.04,2.417,1.344,0
11,10,72.362,73.272,66.5,88.04,60.5,79.44,0.411,1.171,0
10,35,73.272,75.005,60.5,79.44,75.0,90.0,1.232,1.141,0
35,34,75.005,78.675,75.0,90.0,69.0,84.0,3.17,1.053,0
34,65,78.675,83.329,69.0,84.0,0.0,209.0,4.154,0.827,0
65,18,83.329,132.51,0.0,209.0,113.5,132.51,3.382,0.53,45.799
18,42,132.51,136.997,113.5,132.51,122.0,137.0,3.987,2.807,0
42,20,136.997,138.711,122.0,137.0,130.5,153.5,1.214,2.522,0
20,44,138.711,139.211,130.5,153.5,139.0,154.0,0.0,2.435,0
44,61,139.211,141.429,139.0,154.0,0.0,209.0,1.66,2.435,0
61,21,141.429,152.79,0.0,209.0,133.5,152.79,2.444,2.316,8.917
21,45,152.79,157.0,133.5,152.79,142.0,157.0,3.71,2.632,0
45,23,157.0,166.817,142.0,157.0,158.5,176.81,2.275,2.367,0
23,24,166.817,171.953,158.5,176.81,170.5,189.9,4.636,2.204,0
24,47,171.953,173.773,170.5,189.9,167.0,182.0,1.319,1.873,0
47,48,173.773,179.0,167.0,182.0,179.0,194.0,2.994,1.778,0
48,58,179.0,180.975,179.0,194.0,0.0,209.0,1.475,1.564,0
58,53,180.975,199.0,0.0,209.0,0.0,209.0,0.0,1.459,18.025
52,1,0.005,3.371,0.0,209.0,0.0,11.18,3.366,3.5,0
1,25,3.371,7.187,0.0,11.18,3.82,15.0,3.316,3.259,0
25,5,7.187,17.552,3.82,15.0,12.5,32.55,4.002,3.022,0
5,29,17.552,21.004,12.5,32.55,21.0,36.0,2.952,2.736,0
29,8,21.004,63.75,21.0,36.0,41.5,63.75,1.58,2.525,0
8,32,63.75,64.998,41.5,63.75,50.0,65.0,0.748,2.412,0
32,12,64.998,79.004,50.0,65.0,68.5,86.45,1.527,2.359,0
12,36,79.004,84.552,68.5,86.45,77.0,92.0,5.049,2.249,0
36,14,84.552,88.538,77.0,92.0,82.5,103.53,3.485,1.888,0
14,38,88.538,91.003,82.5,103.53,91.0,106.0,1.965,1.639,0
38,13,91.003,94.373,91.0,106.0,72.5,95.5,2.87,1.499,0
13,37,94.373,94.873,72.5,95.5,81.0,96.0,0.0,1.293,0
37,15,94.873,102.744,81.0,96.0,95.5,117.74,1.064,1.293,0
15,39,102.744,104.003,95.5,117.74,104.0,119.0,0.759,1.217,0
39,16,104.003,108.903,104.0,119.0,99.5,119.42,4.399,1.163,0
16,40,108.903,112.48,99.5,119.42,108.0,123.0,3.077,0.849,0
40,63,112.48,116.893,108.0,123.0,0.0,209.0,2.688,0.629,0
63,19,116.893,128.675,0.0,209.0,114.5,134.03,1.22,0.436,10.561
19,17,128.675,132.383,114.5,134.03,110.5,132.39,3.209,0.93,0
17,41,132.383,133.998,110.5,132.39,119.0,134.0,1.115,0.701,0
41,43,133.998,135.911,119.0,134.0,123.0,138.0,1.413,0.621,0
43,22,135.911,153.576,123.0,138.0,147.5,168.57,1.437,0.52,0
22,46,153.576,156.001,147.5,168.57,156.0,171.0,1.925,0.417,0
46,60,156.001,157.82,156.0,171.0,0.0,209.0,1.319,0.279,0
60,55,157.82,199.0,0.0,209.0,0.0,209.0,0.0,0.185,41.18
Number of visited stations during service (per vehicle):
[2, 1]
Charging time during service (per vehicle):
[54.716, 10.561]
Number of visited stations at the end of service (per vehicle):
[1, 1]
Charging time during service (per vehicle):
[18.025, 41.18]
