INSTANCE u2-24-14.85-0.9-14.85-2.txt

Objective function weight factors:
[0.75, 0.25]
Time horizon [min]:
199.0
Number of customers:
24
Number of origin depots,destination depots and recharging stations:
1,1,5
Number of vehicles:
2
Capacity of vehicles (C):
[3, 3]
Initial battery range level of vehicles (B0 in kWh):
[3.5, 3.5]
Available battery range for the vehicles at every node (Q in kWh):
[3.5, 3.5]
Maximum battery emptiness at end depots (r)(% of the available battery range Q):
[0.9, 0.9]
Vehicles' consumption rates (beta in  kWh/min):
[0.0715; 0.0715]
Recharging rates at stations (alpha in kWh/min):
[0.055 0.055 0.055 0.055 0.055 0.055 0.055 0.055 0.055 0.055; 0.055 0.055 0.055 0.055 0.055 0.055 0.055 0.055 0.055 0.055]

Objective Value:
91.27088000000002
Best_bound:
91.27088
Gap[%]:
1.5569976661999972e-14
Objective Value 1st component (by vehicle)
116.98265999999998
Objective Value 2nd component (by vehicle):
NaN
Objective Value 3rd component (by vehicle):
14.135540000000075
Solution: i, j, T[i], T[j],arr[i],dep[i],arr[j],dep[j],t[i,j],B[i],e[i]
51,2,0.0,10.188,0.0,209.0,0.0,13.03,2.604,3.5,0
2,3,10.188,12.706,0.0,13.03,6.5,25.11,2.018,3.314,0
3,26,12.706,16.996,6.5,25.11,3.97,17.0,3.79,3.169,0
26,27,16.996,19.866,3.97,17.0,15.0,30.0,2.37,2.899,0
27,5,19.866,24.681,15.0,30.0,12.5,32.55,4.315,2.729,0
5,4,24.681,25.978,12.5,32.55,7.5,27.87,0.798,2.421,0
4,28,25.978,29.105,7.5,27.87,16.0,31.0,2.627,2.364,0
28,29,29.105,32.652,16.0,31.0,21.0,36.0,3.047,2.176,0
29,8,32.652,63.748,21.0,36.0,41.5,63.75,1.58,1.958,0
8,32,63.748,64.997,41.5,63.75,50.0,65.0,0.748,1.845,0
32,12,64.997,71.451,50.0,65.0,68.5,86.45,1.527,1.791,0
12,36,71.451,77.0,68.5,86.45,77.0,92.0,5.049,1.682,0
36,16,77.0,109.751,77.0,92.0,99.5,119.42,3.243,1.321,0
16,40,109.751,113.328,99.5,119.42,108.0,123.0,3.077,1.089,0
40,18,113.328,117.513,108.0,123.0,113.5,132.51,3.686,0.869,0
18,42,117.513,122.0,113.5,132.51,122.0,137.0,3.987,0.606,0
42,58,122.0,124.332,122.0,137.0,0.0,209.0,1.832,0.321,0
58,63,124.332,132.808,0.0,209.0,0.0,209.0,0.0,0.19,8.476
63,19,132.808,134.028,0.0,209.0,114.5,134.03,1.22,0.656,0.0
19,43,134.028,137.997,114.5,134.03,123.0,138.0,3.469,0.569,0
43,22,137.997,168.567,123.0,138.0,147.5,168.57,1.437,0.321,0
22,46,168.567,170.992,147.5,168.57,156.0,171.0,1.925,0.218,0
46,62,170.992,172.584,156.0,171.0,0.0,209.0,1.092,0.08,0
62,57,172.584,178.907,0.0,209.0,0.0,209.0,0.0,0.002,6.324
52,1,0.0,3.366,0.0,209.0,0.0,11.18,3.366,3.5,0
1,25,3.366,7.182,0.0,11.18,3.82,15.0,3.316,3.259,0
25,6,7.182,38.447,3.82,15.0,23.5,45.36,2.041,3.022,0
6,30,38.447,40.091,23.5,45.36,32.0,47.0,1.145,2.876,0
30,7,40.091,44.119,32.0,47.0,30.5,53.5,3.527,2.794,0
7,31,44.119,44.619,30.5,53.5,39.0,54.0,0.0,2.542,0
31,9,44.619,46.107,39.0,54.0,43.5,61.11,0.988,2.542,0
9,33,46.107,52.001,43.5,61.11,52.0,67.0,5.393,2.472,0
33,11,52.001,72.358,52.0,67.0,66.5,88.04,2.417,2.086,0
11,10,72.358,73.268,66.5,88.04,60.5,79.44,0.411,1.913,0
10,35,73.268,75.001,60.5,79.44,75.0,90.0,1.232,1.884,0
35,34,75.001,78.671,75.0,90.0,69.0,84.0,3.17,1.796,0
34,14,78.671,88.538,69.0,84.0,82.5,103.53,3.451,1.569,0
14,38,88.538,91.003,82.5,103.53,91.0,106.0,1.965,1.322,0
38,13,91.003,94.373,91.0,106.0,72.5,95.5,2.87,1.182,0
13,37,94.373,94.873,72.5,95.5,81.0,96.0,0.0,0.976,0
37,15,94.873,102.741,81.0,96.0,95.5,117.74,1.064,0.976,0
15,39,102.741,104.0,95.5,117.74,104.0,119.0,0.759,0.9,0
39,60,104.0,104.888,104.0,119.0,0.0,209.0,0.388,0.846,0
60,17,104.888,132.381,0.0,209.0,110.5,132.39,1.187,0.818,26.306
17,41,132.381,133.996,110.5,132.39,119.0,134.0,1.115,2.18,0
41,21,133.996,137.79,119.0,134.0,133.5,152.79,2.913,2.101,0
21,45,137.79,142.0,133.5,152.79,142.0,157.0,3.71,1.892,0
45,20,142.0,144.203,142.0,157.0,130.5,153.5,1.703,1.627,0
20,44,144.203,144.703,130.5,153.5,139.0,154.0,0.0,1.505,0
44,23,144.703,168.55,139.0,154.0,158.5,176.81,2.984,1.505,0
23,24,168.55,173.686,158.5,176.81,170.5,189.9,4.636,1.292,0
24,47,173.686,175.506,170.5,189.9,167.0,182.0,1.319,0.96,0
47,48,175.506,179.0,167.0,182.0,179.0,194.0,2.994,0.866,0
48,53,179.0,199.0,179.0,194.0,0.0,209.0,1.475,0.652,0
Number of visited stations during service (per vehicle):
[2, 1]
Charging time during service (per vehicle):
[8.476, 26.306]
Number of visited stations at the end of service (per vehicle):
[1, 0]
Charging time during service (per vehicle):
[6.324, 0.0]
