INSTANCE u2-24-14.85-0.6-14.85.txt

Objective function weight factors:
[0.75, 0.25]
Time horizon [min]:
199.0
Number of customers:
24
Number of origin depots,destination depots and recharging stations:
1,1,5
Number of vehicles:
2
Capacity of vehicles (C):
[3, 3]
Initial battery range level of vehicles (B0 in kWh):
[3.5, 3.5]
Available battery range for the vehicles at every node (Q in kWh):
[3.5, 3.5]
Maximum battery emptiness at end depots (r)(% of the available battery range Q):
[0.6, 0.6]
Vehicles' consumption rates (beta in  kWh/min):
[0.0715; 0.0715]
Recharging rates at stations (alpha in kWh/min):
[0.055 0.055 0.055 0.055 0.055; 0.055 0.055 0.055 0.055 0.055]

Objective Value:
91.62609500000002
Best_bound:
91.62609500000002
Gap[%]:
0.0
Objective Value 1st component (by vehicle)
117.45627999999998
Objective Value 2nd component (by vehicle):
NaN
Objective Value 3rd component (by vehicle):
14.135540000000079
Solution: i, j, T[i], T[j],arr[i],dep[i],arr[j],dep[j],t[i,j],B[i],e[i]
51,2,0.0,5.326,0.0,209.0,0.0,13.03,2.604,3.5,0
2,3,5.326,7.844,0.0,13.03,6.5,25.11,2.018,3.314,0
3,26,7.844,12.134,6.5,25.11,3.97,17.0,3.79,3.169,0
26,27,12.134,15.004,3.97,17.0,15.0,30.0,2.37,2.899,0
27,5,15.004,26.569,15.0,30.0,12.5,32.55,4.315,2.729,0
5,4,26.569,27.866,12.5,32.55,7.5,27.87,0.798,2.421,0
4,28,27.866,30.993,7.5,27.87,16.0,31.0,2.627,2.364,0
28,29,30.993,34.54,16.0,31.0,21.0,36.0,3.047,2.176,0
29,8,34.54,63.748,21.0,36.0,41.5,63.75,1.58,1.958,0
8,32,63.748,64.997,41.5,63.75,50.0,65.0,0.748,1.845,0
32,12,64.997,71.451,50.0,65.0,68.5,86.45,1.527,1.791,0
12,36,71.451,77.0,68.5,86.45,77.0,92.0,5.049,1.682,0
36,16,77.0,104.423,77.0,92.0,99.5,119.42,3.243,1.321,0
16,40,104.423,108.0,99.5,119.42,108.0,123.0,3.077,1.089,0
40,18,108.0,117.513,108.0,123.0,113.5,132.51,3.686,0.869,0
18,42,117.513,122.0,113.5,132.51,122.0,137.0,3.987,0.606,0
42,58,122.0,124.332,122.0,137.0,0.0,209.0,1.832,0.321,0
58,19,124.332,134.028,0.0,209.0,114.5,134.03,1.22,0.19,8.476
19,43,134.028,137.997,114.5,134.03,123.0,138.0,3.469,0.569,0
43,22,137.997,153.575,123.0,138.0,147.5,168.57,1.437,0.321,0
22,46,153.575,156.0,147.5,168.57,156.0,171.0,1.925,0.218,0
46,62,156.0,157.592,156.0,171.0,0.0,209.0,1.092,0.08,0
62,57,157.592,199.0,0.0,209.0,0.0,209.0,0.0,0.002,41.408
52,1,0.0,3.366,0.0,209.0,0.0,11.18,3.366,3.293,0
1,25,3.366,7.182,0.0,11.18,3.82,15.0,3.316,3.053,0
25,6,7.182,30.356,3.82,15.0,23.5,45.36,2.041,2.816,0
6,30,30.356,32.001,23.5,45.36,32.0,47.0,1.145,2.67,0
30,7,32.001,38.503,32.0,47.0,30.5,53.5,3.527,2.588,0
7,31,38.503,39.003,30.5,53.5,39.0,54.0,0.0,2.336,0
31,9,39.003,46.107,39.0,54.0,43.5,61.11,0.988,2.336,0
9,33,46.107,52.0,43.5,61.11,52.0,67.0,5.393,2.265,0
33,11,52.0,77.686,52.0,67.0,66.5,88.04,2.417,1.879,0
11,10,77.686,78.596,66.5,88.04,60.5,79.44,0.411,1.706,0
10,35,78.596,80.329,60.5,79.44,75.0,90.0,1.232,1.677,0
35,34,80.329,83.999,75.0,90.0,69.0,84.0,3.17,1.589,0
34,14,83.999,89.662,69.0,84.0,82.5,103.53,3.451,1.362,0
14,38,89.662,92.127,82.5,103.53,91.0,106.0,1.965,1.116,0
38,13,92.127,95.497,91.0,106.0,72.5,95.5,2.87,0.975,0
13,37,95.497,95.997,72.5,95.5,81.0,96.0,0.0,0.77,0
37,15,95.997,102.741,81.0,96.0,95.5,117.74,1.064,0.77,0
15,39,102.741,104.0,95.5,117.74,104.0,119.0,0.759,0.694,0
39,60,104.0,104.888,104.0,119.0,0.0,209.0,0.388,0.639,0
60,17,104.888,132.381,0.0,209.0,110.5,132.39,1.187,0.612,26.306
17,41,132.381,133.996,110.5,132.39,119.0,134.0,1.115,1.974,0
41,21,133.996,137.79,119.0,134.0,133.5,152.79,2.913,1.894,0
21,45,137.79,142.0,133.5,152.79,142.0,157.0,3.71,1.686,0
45,20,142.0,144.203,142.0,157.0,130.5,153.5,1.703,1.42,0
20,44,144.203,144.703,130.5,153.5,139.0,154.0,0.0,1.299,0
44,61,144.703,146.862,139.0,154.0,0.0,209.0,1.66,1.299,0
61,23,146.862,168.55,0.0,209.0,158.5,176.81,1.798,1.18,19.89
23,24,168.55,173.686,158.5,176.81,170.5,189.9,4.636,2.145,0
24,47,173.686,175.506,170.5,189.9,167.0,182.0,1.319,1.814,0
47,48,175.506,179.0,167.0,182.0,179.0,194.0,2.994,1.72,0
48,53,179.0,180.975,179.0,194.0,0.0,209.0,1.475,1.505,0
Number of visited stations during service (per vehicle):
[1, 2]
Charging time during service (per vehicle):
[8.476, 46.196]
Number of visited stations at the end of service (per vehicle):
[1, 0]
Charging time during service (per vehicle):
[41.408, 0.0]
