INSTANCE u3-24-14.85-0.3-14.85-2.txt

Objective function weight factors:
[0.75, 0.25]
Time horizon [min]:
188.0
Number of customers:
24
Number of origin depots,destination depots and recharging stations:
1,1,5
Number of vehicles:
3
Capacity of vehicles (C):
[3, 3, 3]
Initial battery range level of vehicles (B0 in kWh):
[3.5, 3.5, 3.5]
Available battery range for the vehicles at every node (Q in kWh):
[3.5, 3.5, 3.5]
Maximum battery emptiness at end depots (r)(% of the available battery range Q):
[0.3, 0.3, 0.3]
Vehicles' consumption rates (beta in  kWh/min):
[0.0715; 0.0715; 0.0715]
Recharging rates at stations (alpha in kWh/min):
[0.055 0.055 0.055 0.055 0.055 0.055 0.055 0.055 0.055 0.055; 0.055 0.055 0.055 0.055 0.055 0.055 0.055 0.055 0.055 0.055; 0.055 0.055 0.055 0.055 0.055 0.055 0.055 0.055 0.055 0.055]

Objective Value:
68.0645444999999
Best_bound:
68.0645444999999
Gap[%]:
0.0
Objective Value 1st component (by vehicle)
85.433506
Objective Value 2nd component (by vehicle):
NaN
Objective Value 3rd component (by vehicle):
15.957659999999555
Solution: i, j, T[i], T[j],arr[i],dep[i],arr[j],dep[j],t[i,j],B[i],e[i]
51,3,0.003,0.685,0.0,198.0,0.0,14.56,0.682,3.5,0
3,27,0.685,4.13,0.0,14.56,3.44,18.0,2.945,3.451,0
27,2,4.13,12.615,3.44,18.0,0.0,12.62,3.795,3.241,0
2,26,12.615,16.0,0.0,12.62,3.38,16.0,2.885,2.969,0
26,9,16.0,54.5,3.38,16.0,46.5,69.5,2.024,2.763,0
9,33,54.5,55.0,46.5,69.5,55.0,70.0,0.0,2.618,0
33,14,55.0,94.5,55.0,70.0,86.5,109.5,1.922,2.618,0
14,38,94.5,95.0,86.5,109.5,95.0,110.0,0.0,2.481,0
38,17,95.0,137.408,95.0,110.0,125.5,145.48,2.153,2.481,0
17,41,137.408,140.925,125.5,145.48,134.0,149.0,3.017,2.327,0
41,67,140.925,143.606,134.0,149.0,0.0,198.0,2.181,2.111,0
67,19,143.606,151.057,0.0,198.0,130.5,151.06,0.424,1.955,7.026
19,43,151.057,153.999,130.5,151.06,139.0,154.0,2.442,2.311,0
43,21,153.999,156.865,139.0,154.0,144.5,167.36,2.366,2.137,0
21,45,156.865,157.5,144.5,167.36,153.0,168.0,0.136,1.968,0
45,23,157.5,161.105,153.0,168.0,158.5,177.25,1.085,1.958,0
23,22,161.105,162.051,158.5,177.25,155.5,177.05,0.445,1.88,0
22,46,162.051,164.0,155.5,177.05,164.0,179.0,1.449,1.849,0
46,47,164.0,167.56,164.0,179.0,167.0,182.0,3.06,1.745,0
47,59,167.56,169.426,167.0,182.0,0.0,198.0,1.367,1.526,0
59,54,169.426,188.0,0.0,198.0,0.0,198.0,0.0,1.428,18.574
52,5,15.884,17.67,0.0,198.0,16.5,35.44,0.616,3.5,0
5,4,17.67,21.883,16.5,35.44,11.5,33.57,3.713,3.456,0
4,28,21.883,23.316,11.5,33.57,20.0,35.0,0.933,3.19,0
28,29,23.316,25.001,20.0,35.0,25.0,40.0,1.185,3.124,0
29,13,25.001,91.07,25.0,40.0,80.5,101.92,3.318,3.039,0
13,12,91.07,93.551,80.5,101.92,74.5,95.65,1.981,2.802,0
12,37,93.551,95.236,74.5,95.65,89.0,104.0,1.185,2.66,0
37,15,95.236,97.029,89.0,104.0,89.5,109.36,1.293,2.575,0
15,36,97.029,98.0,89.5,109.36,83.0,98.0,0.471,2.483,0
36,39,98.0,101.265,83.0,98.0,98.0,113.0,2.765,2.449,0
39,20,101.265,142.859,98.0,113.0,130.5,151.84,1.081,2.252,0
20,18,142.859,143.972,130.5,151.84,126.5,145.9,0.613,2.174,0
18,44,143.972,145.86,126.5,145.9,139.0,154.0,1.388,2.13,0
44,42,145.86,149.998,139.0,154.0,135.0,150.0,3.638,2.031,0
42,24,149.998,167.5,135.0,150.0,159.5,182.5,0.409,1.771,0
24,48,167.5,168.0,159.5,182.5,168.0,183.0,0.0,1.742,0
48,62,168.0,170.16,168.0,183.0,0.0,198.0,1.66,1.742,0
62,57,170.16,185.193,0.0,198.0,0.0,198.0,0.0,1.623,15.033
53,1,0.002,3.564,0.0,198.0,0.0,14.46,3.562,3.5,0
1,25,3.564,4.106,0.0,14.46,0.54,15.0,0.042,3.245,0
25,7,4.106,41.652,0.54,15.0,33.5,53.65,2.571,3.242,0
7,8,41.652,44.535,33.5,53.65,38.5,59.53,2.383,3.058,0
8,32,44.535,47.0,38.5,59.53,47.0,62.0,1.965,2.888,0
32,31,47.0,48.952,47.0,62.0,42.0,57.0,1.452,2.748,0
31,6,48.952,51.497,42.0,57.0,28.5,51.5,1.734,2.644,0
6,30,51.497,51.997,28.5,51.5,37.0,52.0,0.0,2.52,0
30,10,51.997,76.462,37.0,52.0,56.5,78.37,1.113,2.52,0
10,34,76.462,78.091,56.5,78.37,65.0,80.0,1.129,2.44,0
34,11,78.091,80.466,65.0,80.0,59.5,80.47,1.875,2.359,0
11,35,80.466,83.0,59.5,80.47,68.0,83.0,2.034,2.225,0
35,16,83.0,124.57,68.0,83.0,103.5,124.57,1.93,2.08,0
16,40,124.57,126.995,103.5,124.57,112.0,127.0,1.925,1.942,0
40,63,126.995,155.751,112.0,127.0,0.0,198.0,1.092,1.804,0
63,58,155.751,188.0,0.0,198.0,0.0,198.0,0.0,1.726,32.249
Number of visited stations during service (per vehicle):
[1, 0, 0]
Charging time during service (per vehicle):
[7.026, 0.0, 0.0]
Number of visited stations at the end of service (per vehicle):
[1, 1, 1]
Charging time during service (per vehicle):
[18.574, 15.033, 32.249]
