INSTANCE u3-24-14.85-0.3-14.85.txt

Objective function weight factors:
[0.75, 0.25]
Time horizon [min]:
188.0
Number of customers:
24
Number of origin depots,destination depots and recharging stations:
1,1,5
Number of vehicles:
3
Capacity of vehicles (C):
[3, 3, 3]
Initial battery range level of vehicles (B0 in kWh):
[3.5, 3.5, 3.5]
Available battery range for the vehicles at every node (Q in kWh):
[3.5, 3.5, 3.5]
Maximum battery emptiness at end depots (r)(% of the available battery range Q):
[0.3, 0.3, 0.3]
Vehicles' consumption rates (beta in  kWh/min):
[0.0715; 0.0715; 0.0715]
Recharging rates at stations (alpha in kWh/min):
[0.055 0.055 0.055 0.055 0.055; 0.055 0.055 0.055 0.055 0.055; 0.055 0.055 0.055 0.055 0.055]

Objective Value:
68.38704849999996
Best_bound:
68.38704849999998
Gap[%]:
2.0780038072855287e-14
Objective Value 1st component (by vehicle)
86.69808
Objective Value 2nd component (by vehicle):
NaN
Objective Value 3rd component (by vehicle):
13.453953999999872
Solution: i, j, T[i], T[j],arr[i],dep[i],arr[j],dep[j],t[i,j],B[i],e[i]
51,3,0.003,0.685,0.0,198.0,0.0,14.56,0.682,3.5,0
3,27,0.685,4.13,0.0,14.56,3.44,18.0,2.945,3.451,0
27,2,4.13,12.615,3.44,18.0,0.0,12.62,3.795,3.241,0
2,26,12.615,16.0,0.0,12.62,3.38,16.0,2.885,2.969,0
26,9,16.0,69.499,3.38,16.0,46.5,69.5,2.024,2.763,0
9,33,69.499,69.999,46.5,69.5,55.0,70.0,0.0,2.618,0
33,13,69.999,87.805,55.0,70.0,80.5,101.92,1.209,2.618,0
13,12,87.805,90.285,80.5,101.92,74.5,95.65,1.981,2.532,0
12,37,90.285,91.97,74.5,95.65,89.0,104.0,1.185,2.39,0
37,15,91.97,93.763,89.0,104.0,89.5,109.36,1.293,2.306,0
15,36,93.763,94.735,89.5,109.36,83.0,98.0,0.471,2.213,0
36,39,94.735,98.0,83.0,98.0,98.0,113.0,2.765,2.179,0
39,18,98.0,127.27,98.0,113.0,126.5,145.9,1.525,1.982,0
18,17,127.27,131.563,126.5,145.9,125.5,145.48,3.793,1.873,0
17,42,131.563,135.0,125.5,145.48,135.0,150.0,2.937,1.601,0
42,41,135.0,135.655,135.0,150.0,134.0,149.0,0.155,1.391,0
41,19,135.655,143.909,134.0,149.0,130.5,151.06,2.344,1.38,0
19,43,143.909,146.851,130.5,151.06,139.0,154.0,2.442,1.213,0
43,20,146.851,149.853,139.0,154.0,130.5,151.84,2.502,1.038,0
20,44,149.853,152.016,130.5,151.84,139.0,154.0,1.663,0.859,0
44,60,152.016,154.429,139.0,154.0,0.0,198.0,1.912,0.74,0
60,55,154.429,188.0,0.0,198.0,0.0,198.0,0.0,0.604,33.571
52,5,17.053,17.669,0.0,198.0,16.5,35.44,0.616,3.495,0
5,4,17.669,21.882,16.5,35.44,11.5,33.57,3.713,3.451,0
4,28,21.882,23.315,11.5,33.57,20.0,35.0,0.933,3.186,0
28,29,23.315,25.0,20.0,35.0,25.0,40.0,1.185,3.119,0
29,8,25.0,45.66,25.0,40.0,38.5,59.53,3.451,3.034,0
8,32,45.66,48.125,38.5,59.53,47.0,62.0,1.965,2.788,0
32,6,48.125,51.496,47.0,62.0,28.5,51.5,2.87,2.647,0
6,30,51.496,51.996,28.5,51.5,37.0,52.0,0.0,2.442,0
30,10,51.996,78.37,37.0,52.0,56.5,78.37,1.113,2.442,0
10,34,78.37,79.999,56.5,78.37,65.0,80.0,1.129,2.362,0
34,16,79.999,124.57,65.0,80.0,103.5,124.57,0.578,2.282,0
16,40,124.57,126.995,103.5,124.57,112.0,127.0,1.925,2.24,0
40,21,126.995,152.364,112.0,127.0,144.5,167.36,1.888,2.103,0
21,45,152.364,153.0,144.5,167.36,153.0,168.0,0.136,1.968,0
45,23,153.0,161.105,153.0,168.0,158.5,177.25,1.085,1.958,0
23,22,161.105,162.051,158.5,177.25,155.5,177.05,0.445,1.88,0
22,46,162.051,164.0,155.5,177.05,164.0,179.0,1.449,1.849,0
46,47,164.0,167.56,164.0,179.0,167.0,182.0,3.06,1.745,0
47,59,167.56,169.426,167.0,182.0,0.0,198.0,1.367,1.526,0
59,54,169.426,188.0,0.0,198.0,0.0,198.0,0.0,1.428,18.574
53,1,10.896,14.458,0.0,198.0,0.0,14.46,3.562,3.5,0
1,25,14.458,15.0,0.0,14.46,0.54,15.0,0.042,3.245,0
25,7,15.0,38.647,0.54,15.0,33.5,53.65,2.571,3.242,0
7,31,38.647,42.001,33.5,53.65,42.0,57.0,2.854,3.058,0
31,11,42.001,65.47,42.0,57.0,59.5,80.47,0.218,2.854,0
11,35,65.47,68.003,59.5,80.47,68.0,83.0,2.034,2.839,0
35,14,68.003,109.5,68.0,83.0,86.5,109.5,4.339,2.693,0
14,38,109.5,110.0,86.5,109.5,95.0,110.0,0.0,2.383,0
38,24,110.0,167.5,95.0,110.0,159.5,182.5,0.0,2.383,0
24,48,167.5,168.0,159.5,182.5,168.0,183.0,0.0,2.383,0
48,62,168.0,170.16,168.0,183.0,0.0,198.0,1.66,2.383,0
62,57,170.16,173.533,0.0,198.0,0.0,198.0,0.0,2.264,3.374
Number of visited stations during service (per vehicle):
[0, 0, 0]
Charging time during service (per vehicle):
[0.0, 0.0, 0.0]
Number of visited stations at the end of service (per vehicle):
[1, 1, 1]
Charging time during service (per vehicle):
[33.571, 18.574, 3.374]
