INSTANCE u3-24-14.85-0.9-14.85-2.txt

Objective function weight factors:
[0.75, 0.25]
Time horizon [min]:
188.0
Number of customers:
24
Number of origin depots,destination depots and recharging stations:
1,1,5
Number of vehicles:
3
Capacity of vehicles (C):
[3, 3, 3]
Initial battery range level of vehicles (B0 in kWh):
[3.5, 3.5, 3.5]
Available battery range for the vehicles at every node (Q in kWh):
[3.5, 3.5, 3.5]
Maximum battery emptiness at end depots (r)(% of the available battery range Q):
[0.9, 0.9, 0.9]
Vehicles' consumption rates (beta in  kWh/min):
[0.0715; 0.0715; 0.0715]
Recharging rates at stations (alpha in kWh/min):
[0.055 0.055 0.055 0.055 0.055 0.055 0.055 0.055 0.055 0.055; 0.055 0.055 0.055 0.055 0.055 0.055 0.055 0.055 0.055 0.055; 0.055 0.055 0.055 0.055 0.055 0.055 0.055 0.055 0.055 0.055]

Objective Value:
67.56257450000001
Best_bound:
67.56257450000001
Gap[%]:
0.0
Objective Value 1st component (by vehicle)
86.079206
Objective Value 2nd component (by vehicle):
NaN
Objective Value 3rd component (by vehicle):
12.012680000000037
Solution: i, j, T[i], T[j],arr[i],dep[i],arr[j],dep[j],t[i,j],B[i],e[i]
51,3,0.002,0.684,0.0,198.0,0.0,14.56,0.682,2.497,0
3,27,0.684,4.129,0.0,14.56,3.44,18.0,2.945,2.448,0
27,2,4.129,12.615,3.44,18.0,0.0,12.62,3.795,2.237,0
2,26,12.615,16.0,0.0,12.62,3.38,16.0,2.885,1.966,0
26,9,16.0,54.503,3.38,16.0,46.5,69.5,2.024,1.76,0
9,33,54.503,55.003,46.5,69.5,55.0,70.0,0.0,1.615,0
33,13,55.003,87.805,55.0,70.0,80.5,101.92,1.209,1.615,0
13,12,87.805,90.285,80.5,101.92,74.5,95.65,1.981,1.529,0
12,37,90.285,91.97,74.5,95.65,89.0,104.0,1.185,1.387,0
37,15,91.97,93.763,89.0,104.0,89.5,109.36,1.293,1.302,0
15,36,93.763,94.735,89.5,109.36,83.0,98.0,0.471,1.21,0
36,39,94.735,98.0,83.0,98.0,98.0,113.0,2.765,1.176,0
39,20,98.0,142.857,98.0,113.0,130.5,151.84,1.081,0.978,0
20,18,142.857,143.97,130.5,151.84,126.5,145.9,0.613,0.901,0
18,44,143.97,145.858,126.5,145.9,139.0,154.0,1.388,0.857,0
44,42,145.858,149.996,139.0,154.0,135.0,150.0,3.638,0.758,0
42,24,149.996,167.5,135.0,150.0,159.5,182.5,0.409,0.498,0
24,48,167.5,168.0,159.5,182.5,168.0,183.0,0.0,0.469,0
48,62,168.0,188.0,168.0,183.0,0.0,198.0,1.66,0.469,0
62,57,188.0,188.0,0.0,198.0,0.0,198.0,0.0,0.35,0.0
52,5,17.057,17.673,0.0,198.0,16.5,35.44,0.616,1.821,0
5,4,17.673,21.886,16.5,35.44,11.5,33.57,3.713,1.777,0
4,28,21.886,23.319,11.5,33.57,20.0,35.0,0.933,1.511,0
28,29,23.319,25.004,20.0,35.0,25.0,40.0,1.185,1.445,0
29,8,25.004,44.538,25.0,40.0,38.5,59.53,3.451,1.36,0
8,32,44.538,47.003,38.5,59.53,47.0,62.0,1.965,1.113,0
32,6,47.003,51.5,47.0,62.0,28.5,51.5,2.87,0.973,0
6,30,51.5,52.0,28.5,51.5,37.0,52.0,0.0,0.767,0
30,10,52.0,78.37,37.0,52.0,56.5,78.37,1.113,0.767,0
10,34,78.37,79.999,56.5,78.37,65.0,80.0,1.129,0.688,0
34,16,79.999,109.575,65.0,80.0,103.5,124.57,0.578,0.607,0
16,40,109.575,112.0,103.5,124.57,112.0,127.0,1.925,0.566,0
40,58,112.0,113.592,112.0,127.0,0.0,198.0,1.092,0.428,0
53,1,10.895,14.457,0.0,198.0,0.0,14.46,3.562,2.887,0
1,25,14.457,14.999,0.0,14.46,0.54,15.0,0.042,2.632,0
25,7,14.999,53.646,0.54,15.0,33.5,53.65,2.571,2.629,0
7,31,53.646,57.0,33.5,53.65,42.0,57.0,2.854,2.446,0
31,11,57.0,65.466,42.0,57.0,59.5,80.47,0.218,2.242,0
11,35,65.466,68.0,59.5,80.47,68.0,83.0,2.034,2.226,0
35,14,68.0,109.497,68.0,83.0,86.5,109.5,4.339,2.08,0
14,38,109.497,109.997,86.5,109.5,95.0,110.0,0.0,1.77,0
38,17,109.997,144.694,95.0,110.0,125.5,145.48,2.153,1.77,0
17,41,144.694,148.211,125.5,145.48,134.0,149.0,3.017,1.616,0
41,19,148.211,151.055,134.0,149.0,130.5,151.06,2.344,1.401,0
19,43,151.055,153.998,130.5,151.06,139.0,154.0,2.442,1.233,0
43,21,153.998,158.885,139.0,154.0,144.5,167.36,2.366,1.058,0
21,45,158.885,159.521,144.5,167.36,153.0,168.0,0.136,0.889,0
45,23,159.521,161.105,153.0,168.0,158.5,177.25,1.085,0.88,0
23,22,161.105,162.051,158.5,177.25,155.5,177.05,0.445,0.802,0
22,46,162.051,164.0,155.5,177.05,164.0,179.0,1.449,0.77,0
46,47,164.0,167.56,164.0,179.0,167.0,182.0,3.06,0.666,0
47,54,167.56,169.426,167.0,182.0,0.0,198.0,1.367,0.448,0
Number of visited stations during service (per vehicle):
[0, 0, 0]
Charging time during service (per vehicle):
[0.0, 0.0, 0.0]
Number of visited stations at the end of service (per vehicle):
[1, 0, 0]
Charging time during service (per vehicle):
[0.0, 0.0, 0.0]
