INSTANCE u3-36-14.85-0.6-14.85.txt

Objective function weight factors:
[0.75, 0.25]
Time horizon [min]:
280.0
Number of customers:
36
Number of origin depots,destination depots and recharging stations:
1,1,5
Number of vehicles:
3
Capacity of vehicles (C):
[3, 3, 3]
Initial battery range level of vehicles (B0 in kWh):
[3.5, 3.5, 3.5]
Available battery range for the vehicles at every node (Q in kWh):
[3.5, 3.5, 3.5]
Maximum battery emptiness at end depots (r)(% of the available battery range Q):
[0.6, 0.6, 0.6]
Vehicles' consumption rates (beta in  kWh/min):
[0.0715; 0.0715; 0.0715]
Recharging rates at stations (alpha in kWh/min):
[0.055 0.055 0.055 0.055 0.055; 0.055 0.055 0.055 0.055 0.055; 0.055 0.055 0.055 0.055 0.055]

Objective Value:
104.05984949999994
Best_bound:
104.05984949999994
Gap[%]:
0.0
Objective Value 1st component (by vehicle)
132.22272599999997
Objective Value 2nd component (by vehicle):
NaN
Objective Value 3rd component (by vehicle):
19.57121999999977
Solution: i, j, T[i], T[j],arr[i],dep[i],arr[j],dep[j],t[i,j],B[i],e[i]
75,13,90.881,90.992,0.0,290.0,78.5,99.55,0.111,3.5,0
13,12,90.992,92.602,78.5,99.55,73.5,93.42,1.11,3.492,0
12,49,92.602,95.804,73.5,93.42,87.0,102.0,2.701,3.413,0
49,48,95.804,96.997,87.0,102.0,82.0,97.0,0.693,3.22,0
48,15,96.997,104.5,82.0,97.0,96.5,119.5,2.444,3.17,0
15,51,104.5,105.0,96.5,119.5,105.0,120.0,0.0,2.995,0
51,20,105.0,138.734,105.0,120.0,135.5,153.73,0.966,2.995,0
20,56,138.734,144.0,135.5,153.73,144.0,159.0,4.766,2.926,0
56,27,144.0,192.483,144.0,159.0,187.5,207.48,0.983,2.585,0
27,63,192.483,196.0,187.5,207.48,196.0,211.0,3.017,2.515,0
63,28,196.0,199.833,196.0,211.0,190.5,212.19,3.333,2.299,0
28,64,199.833,201.647,190.5,212.19,199.0,214.0,1.314,2.061,0
64,32,201.647,242.375,199.0,214.0,222.5,242.38,0.604,1.967,0
32,68,242.375,245.991,222.5,242.38,231.0,246.0,3.116,1.924,0
68,34,245.991,253.154,231.0,246.0,246.5,268.15,2.5,1.701,0
34,70,253.154,255.0,246.5,268.15,255.0,270.0,1.346,1.522,0
70,35,255.0,258.52,255.0,270.0,248.5,267.69,3.02,1.426,0
35,71,258.52,262.833,248.5,267.69,257.0,272.0,3.813,1.21,0
71,36,262.833,264.619,257.0,272.0,251.5,274.5,1.286,0.938,0
36,72,264.619,265.119,251.5,274.5,260.0,275.0,0.0,0.846,0
72,83,265.119,268.432,260.0,275.0,0.0,290.0,1.145,0.846,0
83,78,268.432,280.0,0.0,290.0,0.0,290.0,0.0,0.764,11.568
76,3,0.0,19.906,0.0,290.0,0.0,19.91,1.345,3.36,0
3,39,19.906,22.0,0.0,19.91,7.0,22.0,1.594,3.264,0
39,4,22.0,31.464,7.0,22.0,15.5,35.7,2.237,3.15,0
4,5,31.464,34.02,15.5,35.7,16.5,37.34,2.056,2.99,0
5,40,34.02,37.142,16.5,37.34,24.0,39.0,2.621,2.843,0
40,41,37.142,40.0,24.0,39.0,25.0,40.0,2.358,2.655,0
41,9,40.0,70.773,25.0,40.0,49.5,70.78,1.429,2.487,0
9,45,70.773,72.995,49.5,70.78,58.0,73.0,1.723,2.385,0
45,14,72.995,112.786,58.0,73.0,90.5,112.79,1.008,2.262,0
14,50,112.786,113.996,90.5,112.79,99.0,114.0,0.711,2.189,0
50,18,113.996,120.103,99.0,114.0,118.5,136.68,1.647,2.139,0
18,17,120.103,122.16,118.5,136.68,108.5,131.5,1.557,2.021,0
17,53,122.16,122.66,108.5,131.5,117.0,132.0,0.0,1.91,0
53,54,122.66,127.0,117.0,132.0,127.0,142.0,3.84,1.91,0
54,23,127.0,177.485,127.0,142.0,156.5,177.49,1.808,1.635,0
23,59,177.485,179.992,156.5,177.49,165.0,180.0,2.007,1.506,0
59,26,179.992,181.812,165.0,180.0,177.5,196.81,1.3,1.362,0
26,62,181.812,186.0,177.5,196.81,186.0,201.0,3.688,1.269,0
62,25,186.0,189.374,186.0,201.0,176.5,194.81,2.874,1.006,0
25,61,189.374,194.564,176.5,194.81,185.0,200.0,4.689,0.8,0
61,30,194.564,227.838,185.0,200.0,211.5,234.5,1.629,0.465,0
30,66,227.838,228.338,211.5,234.5,220.0,235.0,0.0,0.348,0
66,29,228.338,229.356,220.0,235.0,206.5,229.36,0.519,0.348,0
29,65,229.356,229.992,206.5,229.36,215.0,230.0,0.136,0.311,0
65,31,229.992,231.854,215.0,230.0,217.5,239.05,1.362,0.302,0
31,67,231.854,233.803,217.5,239.05,226.0,241.0,1.449,0.204,0
67,86,233.803,235.71,226.0,241.0,0.0,290.0,1.406,0.101,0
86,81,235.71,261.164,0.0,290.0,0.0,290.0,0.0,0.0,25.455
77,1,0.0,2.554,0.0,290.0,0.0,11.69,2.554,3.5,0
1,37,2.554,5.864,0.0,11.69,3.31,15.0,2.81,3.317,0
37,2,5.864,9.798,3.31,15.0,0.0,14.28,3.435,3.117,0
2,38,9.798,14.521,0.0,14.28,4.72,19.0,4.223,2.871,0
38,6,14.521,30.876,4.72,19.0,25.5,45.87,0.387,2.569,0
6,42,30.876,34.003,25.5,45.87,34.0,49.0,2.627,2.541,0
42,7,34.003,55.188,34.0,49.0,33.5,55.19,1.218,2.353,0
7,43,55.188,57.0,33.5,55.19,42.0,57.0,1.312,2.266,0
43,10,57.0,61.458,42.0,57.0,53.5,76.46,1.271,2.173,0
10,46,61.458,62.001,53.5,76.46,62.0,77.0,0.042,2.082,0
46,11,62.001,66.361,62.0,77.0,64.5,85.72,2.935,2.079,0
11,8,66.361,68.5,64.5,85.72,45.5,68.5,1.639,1.869,0
8,44,68.5,69.0,45.5,68.5,54.0,69.0,0.0,1.752,0
44,47,69.0,73.0,54.0,69.0,73.0,88.0,0.143,1.752,0
47,16,73.0,121.529,73.0,88.0,100.5,121.53,1.991,1.741,0
16,52,121.529,123.994,100.5,121.53,109.0,124.0,1.965,1.599,0
52,21,123.994,141.198,109.0,124.0,137.5,158.7,0.928,1.459,0
21,19,141.198,142.586,137.5,158.7,122.5,142.59,0.888,1.392,0
19,55,142.586,145.994,122.5,142.59,131.0,146.0,2.908,1.329,0
55,57,145.994,148.265,131.0,146.0,146.0,161.0,1.772,1.121,0
57,22,148.265,165.665,146.0,161.0,144.5,165.67,1.621,0.994,0
22,58,165.665,167.993,144.5,165.67,153.0,168.0,1.828,0.878,0
58,24,167.993,171.575,153.0,168.0,165.5,186.57,1.313,0.748,0
24,60,171.575,174.0,165.5,186.57,174.0,189.0,1.925,0.654,0
60,33,174.0,250.971,174.0,189.0,245.5,265.97,0.294,0.516,0
33,69,250.971,254.0,245.5,265.97,254.0,269.0,2.529,0.495,0
69,85,254.0,257.133,254.0,269.0,0.0,290.0,2.403,0.314,0
85,80,257.133,280.0,0.0,290.0,0.0,290.0,0.0,0.142,22.867
Number of visited stations during service (per vehicle):
[0, 0, 0]
Charging time during service (per vehicle):
[0.0, 0.0, 0.0]
Number of visited stations at the end of service (per vehicle):
[1, 1, 1]
Charging time during service (per vehicle):
[11.568, 25.455, 22.867]
