INSTANCE u3-30-14.85-0.6-14.85-3.txt

Objective function weight factors:
[0.75, 0.25]
Time horizon [min]:
237.0
Number of customers:
30
Number of origin depots,destination depots and recharging stations:
1,1,5
Number of vehicles:
3
Capacity of vehicles (C):
[3, 3, 3]
Initial battery range level of vehicles (B0 in kWh):
[3.5, 3.5, 3.5]
Available battery range for the vehicles at every node (Q in kWh):
[3.5, 3.5, 3.5]
Maximum battery emptiness at end depots (r)(% of the available battery range Q):
[0.6, 0.6, 0.6]
Vehicles' consumption rates (beta in  kWh/min):
[0.0715; 0.0715; 0.0715]
Recharging rates at stations (alpha in kWh/min):
[0.055 0.055 0.055 0.055 0.055 0.055 0.055 0.055 0.055 0.055 0.055 0.055 0.055 0.055 0.055; 0.055 0.055 0.055 0.055 0.055 0.055 0.055 0.055 0.055 0.055 0.055 0.055 0.055 0.055 0.055; 0.055 0.055 0.055 0.055 0.055 0.055 0.055 0.055 0.055 0.055 0.055 0.055 0.055 0.055 0.055]

Objective Value:
76.74775499999997
Best_bound:
76.74775499999996
Gap[%]:
1.8516313233138883e-14
Objective Value 1st component (by vehicle)
100.83135999999999
Objective Value 2nd component (by vehicle):
NaN
Objective Value 3rd component (by vehicle):
4.496939999999842
Solution: i, j, T[i], T[j],arr[i],dep[i],arr[j],dep[j],t[i,j],B[i],e[i]
63,7,40.602,42.403,0.0,247.0,36.5,57.4,1.801,3.5,0
7,37,42.403,45.0,36.5,57.4,45.0,60.0,2.097,3.371,0
37,6,45.0,57.252,45.0,60.0,36.5,59.5,0.305,3.221,0
6,36,57.252,57.752,36.5,59.5,45.0,60.0,0.0,3.199,0
36,10,57.752,59.355,45.0,60.0,52.5,74.36,1.103,3.199,0
10,40,59.355,61.0,52.5,74.36,61.0,76.0,1.145,3.121,0
40,15,61.0,102.045,61.0,76.0,95.5,117.04,3.306,3.039,0
15,45,102.045,104.0,95.5,117.04,104.0,119.0,1.455,2.802,0
45,30,104.0,215.021,104.0,119.0,208.5,230.02,1.053,2.698,0
30,60,215.021,217.0,208.5,230.02,217.0,232.0,1.479,2.623,0
60,27,217.0,218.446,217.0,232.0,198.5,218.48,0.946,2.517,0
27,57,218.446,221.963,198.5,218.48,207.0,222.0,3.017,2.45,0
57,69,221.963,224.644,207.0,222.0,0.0,247.0,2.181,2.234,0
64,12,0.0,80.754,0.0,247.0,76.5,95.59,0.219,3.5,0
12,42,80.754,85.165,76.5,95.59,85.0,100.0,3.911,3.484,0
42,14,85.165,91.567,85.0,100.0,84.5,106.57,0.975,3.205,0
14,44,91.567,93.0,84.5,106.57,93.0,108.0,0.933,3.135,0
44,18,93.0,127.5,93.0,108.0,119.5,142.5,3.117,3.068,0
18,48,127.5,128.0,119.5,142.5,128.0,143.0,0.0,2.845,0
48,21,128.0,145.801,128.0,143.0,140.5,160.8,1.693,2.845,0
21,51,145.801,149.0,140.5,160.8,149.0,164.0,2.699,2.724,0
51,22,149.0,153.645,149.0,164.0,147.5,168.65,3.465,2.531,0
22,52,153.645,156.0,147.5,168.65,156.0,171.0,1.855,2.284,0
52,24,156.0,166.79,156.0,171.0,162.5,181.79,0.57,2.151,0
24,54,166.79,171.0,162.5,181.79,171.0,186.0,3.71,2.11,0
54,25,171.0,176.131,171.0,186.0,167.5,188.49,4.631,1.845,0
25,55,176.131,178.638,167.5,188.49,176.0,191.0,2.007,1.514,0
55,29,178.638,208.999,176.0,191.0,203.5,224.84,2.561,1.37,0
29,28,208.999,210.112,203.5,224.84,199.5,218.9,0.613,1.187,0
28,59,210.112,212.0,199.5,218.9,212.0,227.0,1.388,1.143,0
59,58,212.0,216.138,212.0,227.0,208.0,223.0,3.638,1.044,0
58,71,216.138,218.113,208.0,223.0,0.0,247.0,1.475,0.784,0
71,66,218.113,231.229,0.0,247.0,0.0,247.0,0.0,0.679,13.117
65,1,3.339,4.252,0.0,247.0,0.0,11.71,0.914,3.5,0
1,3,4.252,6.85,0.0,11.71,1.5,22.49,2.098,3.435,0
3,31,6.85,8.639,1.5,22.49,3.29,15.0,1.289,3.285,0
31,33,8.639,10.0,3.29,15.0,10.0,25.0,0.861,3.193,0
33,2,10.0,13.831,10.0,25.0,0.0,18.71,3.331,3.131,0
2,32,13.831,15.121,0.0,18.71,5.0,20.0,0.789,2.893,0
32,4,15.121,19.202,5.0,20.0,12.5,34.2,1.426,2.836,0
4,34,19.202,21.0,12.5,34.2,21.0,36.0,1.298,2.734,0
34,5,21.0,25.184,21.0,36.0,20.5,40.18,0.676,2.642,0
5,35,25.184,29.0,20.5,40.18,29.0,44.0,3.316,2.593,0
35,9,29.0,51.188,29.0,44.0,44.5,66.19,2.253,2.356,0
9,39,51.188,53.0,44.5,66.19,53.0,68.0,1.312,2.195,0
39,8,53.0,57.307,53.0,68.0,44.5,64.86,3.807,2.101,0
8,38,57.307,60.45,44.5,64.86,53.0,68.0,2.642,1.829,0
38,11,60.45,73.5,53.0,68.0,65.5,88.5,3.449,1.64,0
11,41,73.5,74.0,65.5,88.5,74.0,89.0,0.0,1.394,0
41,13,74.0,89.5,74.0,89.0,81.5,104.5,0.0,1.394,0
13,43,89.5,90.0,81.5,104.5,90.0,105.0,0.0,1.394,0
43,16,90.0,114.5,90.0,105.0,101.5,124.5,0.0,1.394,0
16,46,114.5,115.0,101.5,124.5,110.0,125.0,0.0,1.394,0
46,17,115.0,115.5,110.0,125.0,107.5,130.5,0.0,1.394,0
17,47,115.5,116.0,107.5,130.5,116.0,131.0,0.0,1.394,0
47,19,116.0,131.741,116.0,131.0,124.5,146.74,1.064,1.394,0
19,49,131.741,133.0,124.5,146.74,133.0,148.0,0.759,1.318,0
49,20,133.0,146.385,133.0,148.0,139.5,161.39,1.384,1.263,0
20,50,146.385,148.0,139.5,161.39,148.0,163.0,1.115,1.164,0
50,23,148.0,161.672,148.0,163.0,155.5,176.67,1.542,1.085,0
23,53,161.672,164.0,155.5,176.67,164.0,179.0,1.828,0.974,0
53,26,164.0,182.575,164.0,179.0,176.5,197.57,1.313,0.844,0
26,56,182.575,185.0,176.5,197.57,185.0,200.0,1.925,0.75,0
56,75,185.0,221.255,185.0,200.0,0.0,247.0,1.092,0.612,0
75,70,221.255,237.0,0.0,247.0,0.0,247.0,0.0,0.534,15.745
Number of visited stations during service (per vehicle):
[0, 0, 0]
Charging time during service (per vehicle):
[0.0, 0.0, 0.0]
Number of visited stations at the end of service (per vehicle):
[0, 1, 1]
Charging time during service (per vehicle):
[0.0, 13.117, 15.745]
