INSTANCE u3-30-14.85-0.3-14.85.txt

Objective function weight factors:
[0.75, 0.25]
Time horizon [min]:
237.0
Number of customers:
30
Number of origin depots,destination depots and recharging stations:
1,1,5
Number of vehicles:
3
Capacity of vehicles (C):
[3, 3, 3]
Initial battery range level of vehicles (B0 in kWh):
[3.5, 3.5, 3.5]
Available battery range for the vehicles at every node (Q in kWh):
[3.5, 3.5, 3.5]
Maximum battery emptiness at end depots (r)(% of the available battery range Q):
[0.3, 0.3, 0.3]
Vehicles' consumption rates (beta in  kWh/min):
[0.0715; 0.0715; 0.0715]
Recharging rates at stations (alpha in kWh/min):
[0.055 0.055 0.055 0.055 0.055; 0.055 0.055 0.055 0.055 0.055; 0.055 0.055 0.055 0.055 0.055]

Objective Value:
78.13900899999999
Best_bound:
78.13313316229956
Gap[%]:
0.007519723855762674
Objective Value 1st component (by vehicle)
102.09027400000001
Objective Value 2nd component (by vehicle):
NaN
Objective Value 3rd component (by vehicle):
6.285213999999981
Solution: i, j, T[i], T[j],arr[i],dep[i],arr[j],dep[j],t[i,j],B[i],e[i]
63,7,0.0,42.403,0.0,247.0,36.5,57.4,1.801,3.5,0
7,37,42.403,45.0,36.5,57.4,45.0,60.0,2.097,3.371,0
37,6,45.0,59.495,45.0,60.0,36.5,59.5,0.305,3.221,0
6,36,59.495,59.995,36.5,59.5,45.0,60.0,0.0,3.199,0
36,10,59.995,74.351,45.0,60.0,52.5,74.36,1.103,3.199,0
10,40,74.351,75.996,52.5,74.36,61.0,76.0,1.145,3.121,0
40,25,75.996,188.487,61.0,76.0,167.5,188.49,1.594,3.039,0
25,55,188.487,190.994,167.5,188.49,176.0,191.0,2.007,2.925,0
55,29,190.994,209.837,176.0,191.0,203.5,224.84,2.561,2.781,0
29,59,209.837,212.0,203.5,224.84,212.0,227.0,1.663,2.598,0
59,72,212.0,215.954,212.0,227.0,0.0,247.0,1.912,2.479,0
72,67,215.954,237.0,0.0,247.0,0.0,247.0,0.0,2.342,21.046
64,12,0.0,80.589,0.0,247.0,76.5,95.59,0.219,3.488,0
12,42,80.589,85.0,76.5,95.59,85.0,100.0,3.911,3.473,0
42,14,85.0,91.567,85.0,100.0,84.5,106.57,0.975,3.193,0
14,44,91.567,93.0,84.5,106.57,93.0,108.0,0.933,3.123,0
44,18,93.0,127.5,93.0,108.0,119.5,142.5,3.117,3.057,0
18,48,127.5,128.0,119.5,142.5,128.0,143.0,0.0,2.834,0
48,21,128.0,160.795,128.0,143.0,140.5,160.8,1.693,2.834,0
21,51,160.795,163.995,140.5,160.8,149.0,164.0,2.699,2.713,0
51,22,163.995,167.959,149.0,164.0,147.5,168.65,3.465,2.52,0
22,52,167.959,170.314,147.5,168.65,156.0,171.0,1.855,2.272,0
52,24,170.314,181.785,156.0,171.0,162.5,181.79,0.57,2.139,0
24,54,181.785,185.996,162.5,181.79,171.0,186.0,3.71,2.099,0
54,27,185.996,200.587,171.0,186.0,198.5,218.48,3.279,1.833,0
27,28,200.587,203.899,198.5,218.48,199.5,218.9,2.812,1.599,0
28,58,203.899,208.0,199.5,218.9,208.0,223.0,3.601,1.398,0
58,57,208.0,208.655,208.0,223.0,207.0,222.0,0.155,1.14,0
57,71,208.655,210.822,207.0,222.0,0.0,247.0,1.667,1.129,0
71,66,210.822,237.0,0.0,247.0,0.0,247.0,0.0,1.01,26.178
65,1,0.0,4.252,0.0,247.0,0.0,11.71,0.914,3.5,0
1,3,4.252,6.85,0.0,11.71,1.5,22.49,2.098,3.435,0
3,31,6.85,8.639,1.5,22.49,3.29,15.0,1.289,3.285,0
31,33,8.639,10.0,3.29,15.0,10.0,25.0,0.861,3.193,0
33,2,10.0,18.707,10.0,25.0,0.0,18.71,3.331,3.131,0
2,32,18.707,19.997,0.0,18.71,5.0,20.0,0.789,2.893,0
32,4,19.997,21.922,5.0,20.0,12.5,34.2,1.426,2.836,0
4,34,21.922,23.72,12.5,34.2,21.0,36.0,1.298,2.734,0
34,5,23.72,40.177,21.0,36.0,20.5,40.18,0.676,2.642,0
5,35,40.177,43.993,20.5,40.18,29.0,44.0,3.316,2.593,0
35,9,43.993,51.188,29.0,44.0,44.5,66.19,2.253,2.356,0
9,39,51.188,53.0,44.5,66.19,53.0,68.0,1.312,2.195,0
39,8,53.0,64.853,53.0,68.0,44.5,64.86,3.807,2.101,0
8,38,64.853,67.996,44.5,64.86,53.0,68.0,2.642,1.829,0
38,11,67.996,88.496,53.0,68.0,65.5,88.5,3.449,1.64,0
11,41,88.496,88.996,65.5,88.5,74.0,89.0,0.0,1.394,0
41,13,88.996,104.496,74.0,89.0,81.5,104.5,0.0,1.394,0
13,43,104.496,104.996,81.5,104.5,90.0,105.0,0.0,1.394,0
43,16,104.996,109.5,90.0,105.0,101.5,124.5,0.0,1.394,0
16,46,109.5,110.0,101.5,124.5,110.0,125.0,0.0,1.394,0
46,15,110.0,111.659,110.0,125.0,95.5,117.04,1.159,1.394,0
15,45,111.659,113.614,95.5,117.04,104.0,119.0,1.455,1.311,0
45,17,113.614,116.984,104.0,119.0,107.5,130.5,2.87,1.207,0
17,47,116.984,117.484,107.5,130.5,116.0,131.0,0.0,1.002,0
47,19,117.484,146.736,116.0,131.0,124.5,146.74,1.064,1.002,0
19,49,146.736,147.996,124.5,146.74,133.0,148.0,0.759,0.925,0
49,20,147.996,149.88,133.0,148.0,139.5,161.39,1.384,0.871,0
20,50,149.88,151.495,139.5,161.39,148.0,163.0,1.115,0.772,0
50,23,151.495,161.672,148.0,163.0,155.5,176.67,1.542,0.692,0
23,53,161.672,164.0,155.5,176.67,164.0,179.0,1.828,0.582,0
53,73,164.0,165.56,164.0,179.0,0.0,247.0,1.06,0.451,0
73,26,165.56,197.565,0.0,247.0,176.5,197.57,0.797,0.376,31.208
26,56,197.565,199.99,176.5,197.57,185.0,200.0,1.925,2.035,0
56,30,199.99,215.021,185.0,200.0,208.5,230.02,1.944,1.897,0
30,60,215.021,217.0,208.5,230.02,217.0,232.0,1.479,1.758,0
60,74,217.0,220.686,217.0,232.0,0.0,247.0,1.398,1.653,0
74,69,220.686,237.0,0.0,247.0,0.0,247.0,0.0,1.553,16.314
Number of visited stations during service (per vehicle):
[0, 0, 1]
Charging time during service (per vehicle):
[0.0, 0.0, 31.208]
Number of visited stations at the end of service (per vehicle):
[1, 1, 1]
Charging time during service (per vehicle):
[21.046, 26.178, 16.314]
