INSTANCE u3-36-14.85-0.3-14.85-3.txt

Objective function weight factors:
[0.75, 0.25]
Time horizon [min]:
280.0
Number of customers:
36
Number of origin depots,destination depots and recharging stations:
1,1,5
Number of vehicles:
3
Capacity of vehicles (C):
[3, 3, 3]
Initial battery range level of vehicles (B0 in kWh):
[3.5, 3.5, 3.5]
Available battery range for the vehicles at every node (Q in kWh):
[3.5, 3.5, 3.5]
Maximum battery emptiness at end depots (r)(% of the available battery range Q):
[0.3, 0.3, 0.3]
Vehicles' consumption rates (beta in  kWh/min):
[0.0715; 0.0715; 0.0715]
Recharging rates at stations (alpha in kWh/min):
[0.055 0.055 0.055 0.055 0.055 0.055 0.055 0.055 0.055 0.055 0.055 0.055 0.055 0.055 0.055; 0.055 0.055 0.055 0.055 0.055 0.055 0.055 0.055 0.055 0.055 0.055 0.055 0.055 0.055 0.055; 0.055 0.055 0.055 0.055 0.055 0.055 0.055 0.055 0.055 0.055 0.055 0.055 0.055 0.055 0.055]

Objective Value:
106.17525949999963
Best_bound:
103.6061615878649
Gap[%]:
2.4196766028480785
Objective Value 1st component (by vehicle)
132.324286
Objective Value 2nd component (by vehicle):
NaN
Objective Value 3rd component (by vehicle):
27.728179999998517
Solution: i, j, T[i], T[j],arr[i],dep[i],arr[j],dep[j],t[i,j],B[i],e[i]
75,13,72.658,82.189,0.0,290.0,78.5,99.55,0.111,3.5,0
13,12,82.189,83.799,78.5,99.55,73.5,93.42,1.11,3.492,0
12,49,83.799,87.0,73.5,93.42,87.0,102.0,2.701,3.413,0
49,48,87.0,88.193,87.0,102.0,82.0,97.0,0.693,3.22,0
48,15,88.193,119.497,82.0,97.0,96.5,119.5,2.444,3.17,0
15,51,119.497,119.997,96.5,119.5,105.0,120.0,0.0,2.995,0
51,20,119.997,153.73,105.0,120.0,135.5,153.73,0.966,2.995,0
20,56,153.73,158.996,135.5,153.73,144.0,159.0,4.766,2.926,0
56,27,158.996,190.575,144.0,159.0,187.5,207.48,0.983,2.585,0
27,25,190.575,193.473,187.5,207.48,176.5,194.81,2.398,2.515,0
25,63,193.473,197.177,176.5,194.81,196.0,211.0,3.205,2.344,0
63,61,197.177,199.995,196.0,211.0,185.0,200.0,2.318,2.115,0
61,30,199.995,219.5,185.0,200.0,211.5,234.5,1.629,1.949,0
30,66,219.5,220.0,211.5,234.5,220.0,235.0,0.0,1.832,0
66,29,220.0,221.019,220.0,235.0,206.5,229.36,0.519,1.832,0
29,65,221.019,221.654,206.5,229.36,215.0,230.0,0.136,1.795,0
65,33,221.654,250.971,215.0,230.0,245.5,265.97,2.063,1.786,0
33,69,250.971,254.0,245.5,265.97,254.0,269.0,2.529,1.638,0
69,85,254.0,258.826,254.0,269.0,0.0,290.0,2.403,1.457,0
85,80,258.826,280.0,0.0,290.0,0.0,290.0,0.0,1.285,21.174
76,3,0.005,4.911,0.0,290.0,0.0,19.91,1.345,3.5,0
3,39,4.911,7.005,0.0,19.91,7.0,22.0,1.594,3.404,0
39,1,7.005,11.69,7.0,22.0,0.0,11.69,0.854,3.29,0
1,37,11.69,15.0,0.0,11.69,3.31,15.0,2.81,3.229,0
37,4,15.0,31.464,3.31,15.0,15.5,35.7,4.423,3.028,0
4,5,31.464,34.02,15.5,35.7,16.5,37.34,2.056,2.712,0
5,40,34.02,37.142,16.5,37.34,24.0,39.0,2.621,2.565,0
40,41,37.142,40.0,24.0,39.0,25.0,40.0,2.358,2.377,0
41,9,40.0,55.779,25.0,40.0,49.5,70.78,1.429,2.209,0
9,45,55.779,58.002,49.5,70.78,58.0,73.0,1.723,2.106,0
45,14,58.002,112.785,58.0,73.0,90.5,112.79,1.008,1.983,0
14,50,112.785,113.995,90.5,112.79,99.0,114.0,0.711,1.911,0
50,18,113.995,120.103,99.0,114.0,118.5,136.68,1.647,1.86,0
18,17,120.103,122.16,118.5,136.68,108.5,131.5,1.557,1.743,0
17,53,122.16,122.66,108.5,131.5,117.0,132.0,0.0,1.631,0
53,54,122.66,127.0,117.0,132.0,127.0,142.0,3.84,1.631,0
54,23,127.0,177.488,127.0,142.0,156.5,177.49,1.808,1.357,0
23,59,177.488,179.996,156.5,177.49,165.0,180.0,2.007,1.227,0
59,26,179.996,181.812,165.0,180.0,177.5,196.81,1.3,1.084,0
26,62,181.812,186.0,177.5,196.81,186.0,201.0,3.688,0.991,0
62,28,186.0,197.186,186.0,201.0,190.5,212.19,4.574,0.727,0
28,64,197.186,199.0,190.5,212.19,199.0,214.0,1.314,0.4,0
64,89,199.0,200.26,199.0,214.0,0.0,290.0,0.76,0.306,0
89,94,200.26,240.224,0.0,290.0,0.0,290.0,0.0,0.252,39.964
94,84,240.224,240.224,0.0,290.0,0.0,290.0,0.0,2.45,0.0
84,79,240.224,240.224,0.0,290.0,0.0,290.0,0.0,2.45,0.0
77,2,0.005,2.211,0.0,290.0,0.0,14.28,2.207,3.5,0
2,38,2.211,6.934,0.0,14.28,4.72,19.0,4.223,3.342,0
38,6,6.934,30.873,4.72,19.0,25.5,45.87,0.387,3.04,0
6,42,30.873,34.0,25.5,45.87,34.0,49.0,2.627,3.013,0
42,7,34.0,40.191,34.0,49.0,33.5,55.19,1.218,2.825,0
7,43,40.191,42.003,33.5,55.19,42.0,57.0,1.312,2.738,0
43,10,42.003,61.459,42.0,57.0,53.5,76.46,1.271,2.644,0
10,46,61.459,62.002,53.5,76.46,62.0,77.0,0.042,2.553,0
46,11,62.002,66.361,62.0,77.0,64.5,85.72,2.935,2.55,0
11,8,66.361,68.5,64.5,85.72,45.5,68.5,1.639,2.34,0
8,44,68.5,69.0,45.5,68.5,54.0,69.0,0.0,2.223,0
44,47,69.0,73.0,54.0,69.0,73.0,88.0,0.143,2.223,0
47,16,73.0,121.529,73.0,88.0,100.5,121.53,1.991,2.213,0
16,52,121.529,123.994,100.5,121.53,109.0,124.0,1.965,2.07,0
52,21,123.994,141.198,109.0,124.0,137.5,158.7,0.928,1.93,0
21,19,141.198,142.586,137.5,158.7,122.5,142.59,0.888,1.863,0
19,55,142.586,145.994,122.5,142.59,131.0,146.0,2.908,1.8,0
55,57,145.994,148.265,131.0,146.0,146.0,161.0,1.772,1.592,0
57,22,148.265,150.672,146.0,161.0,144.5,165.67,1.621,1.465,0
22,58,150.672,153.0,144.5,165.67,153.0,168.0,1.828,1.35,0
58,24,153.0,178.528,153.0,168.0,165.5,186.57,1.313,1.219,0
24,60,178.528,180.953,165.5,186.57,174.0,189.0,1.925,1.125,0
60,97,180.953,182.545,174.0,189.0,0.0,290.0,1.092,0.987,0
97,32,182.545,223.646,0.0,290.0,222.5,242.38,0.726,0.909,40.375
32,31,223.646,226.278,222.5,242.38,217.5,239.05,2.132,3.078,0
31,67,226.278,228.227,217.5,239.05,226.0,241.0,1.449,2.926,0
67,68,228.227,231.0,226.0,241.0,231.0,246.0,2.273,2.822,0
68,34,231.0,253.154,231.0,246.0,246.5,268.15,2.5,2.659,0
34,70,253.154,255.0,246.5,268.15,255.0,270.0,1.346,2.481,0
70,35,255.0,258.52,255.0,270.0,248.5,267.69,3.02,2.384,0
35,71,258.52,262.833,248.5,267.69,257.0,272.0,3.813,2.169,0
71,36,262.833,264.619,257.0,272.0,251.5,274.5,1.286,1.896,0
36,72,264.619,265.119,251.5,274.5,260.0,275.0,0.0,1.804,0
72,83,265.119,266.764,260.0,275.0,0.0,290.0,1.145,1.804,0
83,78,266.764,280.0,0.0,290.0,0.0,290.0,0.0,1.722,13.236
Number of visited stations during service (per vehicle):
[0, 2, 1]
Charging time during service (per vehicle):
[0.0, 39.964, 40.375]
Number of visited stations at the end of service (per vehicle):
[1, 1, 1]
Charging time during service (per vehicle):
[21.174, 0.0, 13.236]
