INSTANCE u3-30-14.85-0.9-14.85-2.txt

Objective function weight factors:
[0.75, 0.25]
Time horizon [min]:
237.0
Number of customers:
30
Number of origin depots,destination depots and recharging stations:
1,1,5
Number of vehicles:
3
Capacity of vehicles (C):
[3, 3, 3]
Initial battery range level of vehicles (B0 in kWh):
[3.5, 3.5, 3.5]
Available battery range for the vehicles at every node (Q in kWh):
[3.5, 3.5, 3.5]
Maximum battery emptiness at end depots (r)(% of the available battery range Q):
[0.9, 0.9, 0.9]
Vehicles' consumption rates (beta in  kWh/min):
[0.0715; 0.0715; 0.0715]
Recharging rates at stations (alpha in kWh/min):
[0.055 0.055 0.055 0.055 0.055 0.055 0.055 0.055 0.055 0.055; 0.055 0.055 0.055 0.055 0.055 0.055 0.055 0.055 0.055 0.055; 0.055 0.055 0.055 0.055 0.055 0.055 0.055 0.055 0.055 0.055]

Objective Value:
76.74776999999997
Best_bound:
76.74776999999997
Gap[%]:
0.0
Objective Value 1st component (by vehicle)
100.83138
Objective Value 2nd component (by vehicle):
NaN
Objective Value 3rd component (by vehicle):
4.496939999999913
Solution: i, j, T[i], T[j],arr[i],dep[i],arr[j],dep[j],t[i,j],B[i],e[i]
63,7,33.13,42.404,0.0,247.0,36.5,57.4,1.801,1.735,0
7,37,42.404,45.001,36.5,57.4,45.0,60.0,2.097,1.606,0
37,6,45.001,45.806,45.0,60.0,36.5,59.5,0.305,1.457,0
6,36,45.806,46.306,36.5,59.5,45.0,60.0,0.0,1.435,0
36,10,46.306,74.355,45.0,60.0,52.5,74.36,1.103,1.435,0
10,40,74.355,76.0,52.5,74.36,61.0,76.0,1.145,1.356,0
40,15,76.0,117.037,61.0,76.0,95.5,117.04,3.306,1.274,0
15,45,117.037,118.992,95.5,117.04,104.0,119.0,1.455,1.038,0
45,30,118.992,215.021,104.0,119.0,208.5,230.02,1.053,0.934,0
30,60,215.021,217.0,208.5,230.02,217.0,232.0,1.479,0.858,0
60,27,217.0,218.475,217.0,232.0,198.5,218.48,0.946,0.753,0
27,57,218.475,221.992,198.5,218.48,207.0,222.0,3.017,0.685,0
57,66,221.992,224.159,207.0,222.0,0.0,247.0,1.667,0.469,0
64,12,35.981,95.585,0.0,247.0,76.5,95.59,0.219,3.5,0
12,42,95.585,99.996,76.5,95.59,85.0,100.0,3.911,3.484,0
42,14,99.996,106.564,85.0,100.0,84.5,106.57,0.975,3.205,0
14,44,106.564,107.997,84.5,106.57,93.0,108.0,0.933,3.135,0
44,18,107.997,127.5,93.0,108.0,119.5,142.5,3.117,3.068,0
18,48,127.5,128.0,119.5,142.5,128.0,143.0,0.0,2.845,0
48,21,128.0,145.801,128.0,143.0,140.5,160.8,1.693,2.845,0
21,51,145.801,149.0,140.5,160.8,149.0,164.0,2.699,2.724,0
51,22,149.0,168.64,149.0,164.0,147.5,168.65,3.465,2.531,0
22,52,168.64,170.995,147.5,168.65,156.0,171.0,1.855,2.284,0
52,24,170.995,179.146,156.0,171.0,162.5,181.79,0.57,2.151,0
24,54,179.146,183.356,162.5,181.79,171.0,186.0,3.71,2.11,0
54,25,183.356,188.487,171.0,186.0,167.5,188.49,4.631,1.845,0
25,55,188.487,190.995,167.5,188.49,176.0,191.0,2.007,1.514,0
55,29,190.995,215.859,176.0,191.0,203.5,224.84,2.561,1.37,0
29,28,215.859,216.972,203.5,224.84,199.5,218.9,0.613,1.187,0
28,59,216.972,218.86,199.5,218.9,212.0,227.0,1.388,1.143,0
59,58,218.86,222.998,212.0,227.0,208.0,223.0,3.638,1.044,0
58,74,222.998,237.0,208.0,223.0,0.0,247.0,1.99,0.784,0
74,69,237.0,237.0,0.0,247.0,0.0,247.0,0.0,0.642,0.0
65,1,3.339,4.252,0.0,247.0,0.0,11.71,0.914,3.316,0
1,3,4.252,6.85,0.0,11.71,1.5,22.49,2.098,3.251,0
3,31,6.85,8.639,1.5,22.49,3.29,15.0,1.289,3.101,0
31,33,8.639,10.0,3.29,15.0,10.0,25.0,0.861,3.009,0
33,2,10.0,18.71,10.0,25.0,0.0,18.71,3.331,2.947,0
2,32,18.71,19.999,0.0,18.71,5.0,20.0,0.789,2.709,0
32,4,19.999,21.925,5.0,20.0,12.5,34.2,1.426,2.652,0
4,34,21.925,23.722,12.5,34.2,21.0,36.0,1.298,2.55,0
34,5,23.722,40.179,21.0,36.0,20.5,40.18,0.676,2.458,0
5,35,40.179,43.995,20.5,40.18,29.0,44.0,3.316,2.409,0
35,9,43.995,51.188,29.0,44.0,44.5,66.19,2.253,2.172,0
9,39,51.188,53.0,44.5,66.19,53.0,68.0,1.312,2.011,0
39,8,53.0,57.307,53.0,68.0,44.5,64.86,3.807,1.917,0
8,38,57.307,60.45,44.5,64.86,53.0,68.0,2.642,1.645,0
38,11,60.45,88.5,53.0,68.0,65.5,88.5,3.449,1.456,0
11,41,88.5,89.0,65.5,88.5,74.0,89.0,0.0,1.21,0
41,13,89.0,89.5,74.0,89.0,81.5,104.5,0.0,1.21,0
13,43,89.5,90.0,81.5,104.5,90.0,105.0,0.0,1.21,0
43,16,90.0,109.5,90.0,105.0,101.5,124.5,0.0,1.21,0
16,46,109.5,110.0,101.5,124.5,110.0,125.0,0.0,1.21,0
46,17,110.0,130.497,110.0,125.0,107.5,130.5,0.0,1.21,0
17,47,130.497,130.997,107.5,130.5,116.0,131.0,0.0,1.21,0
47,19,130.997,143.242,116.0,131.0,124.5,146.74,1.064,1.21,0
19,49,143.242,144.501,124.5,146.74,133.0,148.0,0.759,1.134,0
49,20,144.501,146.385,133.0,148.0,139.5,161.39,1.384,1.079,0
20,50,146.385,148.0,139.5,161.39,148.0,163.0,1.115,0.98,0
50,23,148.0,176.666,148.0,163.0,155.5,176.67,1.542,0.901,0
23,53,176.666,178.994,155.5,176.67,164.0,179.0,1.828,0.79,0
53,26,178.994,197.565,164.0,179.0,176.5,197.57,1.313,0.66,0
26,56,197.565,199.99,176.5,197.57,185.0,200.0,1.925,0.566,0
56,70,199.99,237.0,185.0,200.0,0.0,247.0,1.092,0.428,0
Number of visited stations during service (per vehicle):
[0, 0, 0]
Charging time during service (per vehicle):
[0.0, 0.0, 0.0]
Number of visited stations at the end of service (per vehicle):
[0, 1, 0]
Charging time during service (per vehicle):
[0.0, 0.0, 0.0]
