INSTANCE u4-16-3.5-0.6-3.5-3.txt

Objective function weight factors:
[0.75, 0.25]
Time horizon [min]:
93.0
Number of customers:
16
Number of origin depots,destination depots and recharging stations:
1,1,5
Number of vehicles:
4
Capacity of vehicles (C):
[3, 3, 3, 3]
Initial battery range level of vehicles (B0 in kWh):
[3.5, 3.5, 3.5, 3.5]
Available battery range for the vehicles at every node (Q in kWh):
[3.5, 3.5, 3.5, 3.5]
Maximum battery emptiness at end depots (r)(% of the available battery range Q):
[0.6, 0.6, 0.6, 0.6]
Vehicles' consumption rates (beta in  kWh/min):
[0.0715; 0.0715; 0.0715; 0.0715]
Recharging rates at stations (alpha in kWh/min):
[0.055 0.055 0.055 0.055 0.055 0.055 0.055 0.055 0.055 0.055 0.055 0.055 0.055 0.055 0.055; 0.055 0.055 0.055 0.055 0.055 0.055 0.055 0.055 0.055 0.055 0.055 0.055 0.055 0.055 0.055; 0.055 0.055 0.055 0.055 0.055 0.055 0.055 0.055 0.055 0.055 0.055 0.055 0.055 0.055 0.055; 0.055 0.055 0.055 0.055 0.055 0.055 0.055 0.055 0.055 0.055 0.055 0.055 0.055 0.055 0.055]

Objective Value:
53.58479750000001
Best_bound:
53.5847975
Gap[%]:
1.3260155284903337e-14
Objective Value 1st component (by vehicle)
68.76002600000001
Objective Value 2nd component (by vehicle):
NaN
Objective Value 3rd component (by vehicle):
8.059112
Solution: i, j, T[i], T[j],arr[i],dep[i],arr[j],dep[j],t[i,j],B[i],e[i]
35,6,0.002,37.077,0.0,104.0,16.4,37.08,0.549,3.5,0
6,22,37.077,39.997,16.4,37.08,25.0,40.0,2.32,3.461,0
22,10,39.997,46.377,25.0,40.0,29.4,49.95,3.078,3.295,0
10,26,46.377,49.429,29.4,49.95,38.0,53.0,2.452,3.075,0
26,13,49.429,53.041,38.0,53.0,45.4,68.04,3.013,2.899,0
13,29,53.041,54.0,45.4,68.04,54.0,69.0,0.359,2.684,0
29,14,54.0,57.25,54.0,69.0,52.4,72.25,2.022,2.658,0
14,30,57.25,61.0,52.4,72.25,61.0,76.0,3.15,2.514,0
30,12,61.0,64.158,61.0,76.0,43.4,65.25,2.558,2.289,0
12,28,64.158,65.905,43.4,65.25,52.0,67.0,1.146,2.106,0
28,58,65.905,67.8,52.0,67.0,0.0,104.0,1.295,2.024,0
58,43,67.8,67.8,0.0,104.0,0.0,104.0,0.0,1.931,0.0
36,46,93.0,93.0,0.0,104.0,0.0,104.0,0.0,1.931,0
46,41,93.0,93.0,0.0,104.0,0.0,104.0,0.0,1.931,0.0
37,4,0.003,25.78,0.0,104.0,4.4,25.78,1.363,3.5,0
4,20,25.78,28.0,4.4,25.78,13.0,28.0,1.62,3.403,0
20,8,28.0,30.403,13.0,28.0,22.4,45.4,1.611,3.287,0
8,24,30.403,31.003,22.4,45.4,31.0,46.0,0.0,3.172,0
24,9,31.003,43.078,31.0,46.0,22.4,43.08,2.409,3.172,0
9,25,43.078,46.0,22.4,43.08,31.0,46.0,2.322,2.999,0
25,11,46.0,49.272,31.0,46.0,40.4,62.1,2.672,2.833,0
11,27,49.272,51.173,40.4,62.1,49.0,64.0,1.301,2.642,0
27,16,51.173,69.887,49.0,64.0,65.4,84.89,2.234,2.549,0
16,32,69.887,74.0,65.4,84.89,74.0,89.0,3.513,2.39,0
32,15,74.0,80.801,74.0,89.0,62.4,83.91,2.742,2.138,0
15,31,80.801,82.888,62.4,83.91,71.0,86.0,1.487,1.942,0
31,52,82.888,86.871,71.0,86.0,0.0,104.0,3.384,1.836,0
52,57,86.871,86.871,0.0,104.0,0.0,104.0,0.0,1.594,0.0
57,47,86.871,86.871,0.0,104.0,0.0,104.0,0.0,1.594,0.0
47,42,86.871,93.0,0.0,104.0,0.0,104.0,0.0,1.594,6.129
38,2,0.0,3.507,0.0,104.0,0.0,14.02,3.326,3.373,0
2,3,3.507,5.027,0.0,14.02,0.0,13.59,0.92,3.135,0
3,18,5.027,6.281,0.0,13.59,1.98,16.0,0.654,3.069,0
18,1,6.281,11.003,1.98,16.0,0.0,12.01,4.122,3.022,0
1,19,11.003,13.497,0.0,12.01,3.41,17.0,1.895,2.728,0
19,17,13.497,15.0,3.41,17.0,2.99,15.0,0.902,2.592,0
17,5,15.0,22.277,2.99,15.0,14.4,34.5,3.243,2.528,0
5,7,22.277,25.701,14.4,34.5,20.4,41.3,2.824,2.296,0
7,21,25.701,26.379,20.4,41.3,23.0,38.0,0.078,2.094,0
21,23,26.379,29.001,23.0,38.0,29.0,44.0,2.021,2.088,0
23,40,29.001,93.0,29.0,44.0,0.0,104.0,0.177,1.944,0
Number of visited stations during service (per vehicle):
[0, 0, 2, 0]
Charging time during service (per vehicle):
[0.0, 0.0, 0.0, 0.0]
Number of visited stations at the end of service (per vehicle):
[1, 1, 1, 0]
Charging time during service (per vehicle):
[0.0, 0.0, 6.129, 0.0]
