INSTANCE u4-16-3.5-0.9-3.5.txt

Objective function weight factors:
[0.75, 0.25]
Time horizon [min]:
93.0
Number of customers:
16
Number of origin depots,destination depots and recharging stations:
1,1,5
Number of vehicles:
4
Capacity of vehicles (C):
[3, 3, 3, 3]
Initial battery range level of vehicles (B0 in kWh):
[3.5, 3.5, 3.5, 3.5]
Available battery range for the vehicles at every node (Q in kWh):
[3.5, 3.5, 3.5, 3.5]
Maximum battery emptiness at end depots (r)(% of the available battery range Q):
[0.9, 0.9, 0.9, 0.9]
Vehicles' consumption rates (beta in  kWh/min):
[0.0715; 0.0715; 0.0715; 0.0715]
Recharging rates at stations (alpha in kWh/min):
[0.055 0.055 0.055 0.055 0.055; 0.055 0.055 0.055 0.055 0.055; 0.055 0.055 0.055 0.055 0.055; 0.055 0.055 0.055 0.055 0.055]

Objective Value:
53.58479749999999
Best_bound:
53.58479749999999
Gap[%]:
0.0
Objective Value 1st component (by vehicle)
68.760026
Objective Value 2nd component (by vehicle):
NaN
Objective Value 3rd component (by vehicle):
8.059111999999985
Solution: i, j, T[i], T[j],arr[i],dep[i],arr[j],dep[j],t[i,j],B[i],e[i]
35,6,0.005,28.354,0.0,104.0,16.4,37.08,0.549,3.163,0
6,22,28.354,31.273,16.4,37.08,25.0,40.0,2.32,3.124,0
22,10,31.273,34.951,25.0,40.0,29.4,49.95,3.078,2.958,0
10,26,34.951,38.003,29.4,49.95,38.0,53.0,2.452,2.738,0
26,13,38.003,54.758,38.0,53.0,45.4,68.04,3.013,2.562,0
13,29,54.758,55.717,45.4,68.04,54.0,69.0,0.359,2.347,0
29,14,55.717,58.339,54.0,69.0,52.4,72.25,2.022,2.321,0
14,30,58.339,62.088,52.4,72.25,61.0,76.0,3.15,2.177,0
30,12,62.088,65.247,61.0,76.0,43.4,65.25,2.558,1.952,0
12,28,65.247,66.993,43.4,65.25,52.0,67.0,1.146,1.769,0
28,43,66.993,93.0,52.0,67.0,0.0,104.0,1.295,1.687,0
36,41,0.005,93.0,0.0,104.0,0.0,104.0,0.0,1.594,0
37,4,0.003,25.78,0.0,104.0,4.4,25.78,1.363,3.5,0
4,20,25.78,28.0,4.4,25.78,13.0,28.0,1.62,3.403,0
20,8,28.0,30.405,13.0,28.0,22.4,45.4,1.611,3.287,0
8,24,30.405,31.005,22.4,45.4,31.0,46.0,0.0,3.172,0
24,9,31.005,34.014,31.0,46.0,22.4,43.08,2.409,3.172,0
9,25,34.014,36.935,22.4,43.08,31.0,46.0,2.322,2.999,0
25,11,36.935,47.103,31.0,46.0,40.4,62.1,2.672,2.833,0
11,27,47.103,49.004,40.4,62.1,49.0,64.0,1.301,2.642,0
27,16,49.004,69.887,49.0,64.0,65.4,84.89,2.234,2.549,0
16,32,69.887,74.0,65.4,84.89,74.0,89.0,3.513,2.39,0
32,15,74.0,83.91,74.0,89.0,62.4,83.91,2.742,2.138,0
15,31,83.91,85.997,62.4,83.91,71.0,86.0,1.487,1.942,0
31,42,85.997,93.0,71.0,86.0,0.0,104.0,3.384,1.836,0
38,2,0.001,3.507,0.0,104.0,0.0,14.02,3.326,3.036,0
2,3,3.507,5.028,0.0,14.02,0.0,13.59,0.92,2.798,0
3,18,5.028,6.282,0.0,13.59,1.98,16.0,0.654,2.732,0
18,1,6.282,11.003,1.98,16.0,0.0,12.01,4.122,2.685,0
1,19,11.003,13.498,0.0,12.01,3.41,17.0,1.895,2.391,0
19,17,13.498,15.0,3.41,17.0,2.99,15.0,0.902,2.255,0
17,5,15.0,33.897,2.99,15.0,14.4,34.5,3.243,2.191,0
5,7,33.897,37.321,14.4,34.5,20.4,41.3,2.824,1.959,0
7,21,37.321,37.999,20.4,41.3,23.0,38.0,0.078,1.757,0
21,23,37.999,40.621,23.0,38.0,29.0,44.0,2.021,1.751,0
23,40,40.621,41.398,29.0,44.0,0.0,104.0,0.177,1.607,0
Number of visited stations during service (per vehicle):
[0, 0, 0, 0]
Charging time during service (per vehicle):
[0.0, 0.0, 0.0, 0.0]
Number of visited stations at the end of service (per vehicle):
[0, 0, 0, 0]
Charging time during service (per vehicle):
[0.0, 0.0, 0.0, 0.0]
