INSTANCE u4-16-3.5-0.3-3.5-3.txt

Objective function weight factors:
[0.75, 0.25]
Time horizon [min]:
93.0
Number of customers:
16
Number of origin depots,destination depots and recharging stations:
1,1,5
Number of vehicles:
4
Capacity of vehicles (C):
[3, 3, 3, 3]
Initial battery range level of vehicles (B0 in kWh):
[3.5, 3.5, 3.5, 3.5]
Available battery range for the vehicles at every node (Q in kWh):
[3.5, 3.5, 3.5, 3.5]
Maximum battery emptiness at end depots (r)(% of the available battery range Q):
[0.3, 0.3, 0.3, 0.3]
Vehicles' consumption rates (beta in  kWh/min):
[0.0715; 0.0715; 0.0715; 0.0715]
Recharging rates at stations (alpha in kWh/min):
[0.055 0.055 0.055 0.055 0.055 0.055 0.055 0.055 0.055 0.055 0.055 0.055 0.055 0.055 0.055; 0.055 0.055 0.055 0.055 0.055 0.055 0.055 0.055 0.055 0.055 0.055 0.055 0.055 0.055 0.055; 0.055 0.055 0.055 0.055 0.055 0.055 0.055 0.055 0.055 0.055 0.055 0.055 0.055 0.055 0.055; 0.055 0.055 0.055 0.055 0.055 0.055 0.055 0.055 0.055 0.055 0.055 0.055 0.055 0.055 0.055]

Objective Value:
53.866392499999996
Best_bound:
53.86639249999999
Gap[%]:
1.319083574717019e-14
Objective Value 1st component (by vehicle)
69.13548600000001
Objective Value 2nd component (by vehicle):
NaN
Objective Value 3rd component (by vehicle):
8.05911199999997
Solution: i, j, T[i], T[j],arr[i],dep[i],arr[j],dep[j],t[i,j],B[i],e[i]
35,6,17.596,22.08,0.0,104.0,16.4,37.08,0.549,3.5,0
6,22,22.08,25.0,16.4,37.08,25.0,40.0,2.32,3.461,0
22,10,25.0,47.005,25.0,40.0,29.4,49.95,3.078,3.295,0
10,26,47.005,50.057,29.4,49.95,38.0,53.0,2.452,3.075,0
26,13,50.057,53.669,38.0,53.0,45.4,68.04,3.013,2.899,0
13,29,53.669,54.628,45.4,68.04,54.0,69.0,0.359,2.684,0
29,14,54.628,57.25,54.0,69.0,52.4,72.25,2.022,2.658,0
14,30,57.25,61.0,52.4,72.25,61.0,76.0,3.15,2.514,0
30,12,61.0,64.542,61.0,76.0,43.4,65.25,2.558,2.289,0
12,28,64.542,66.288,43.4,65.25,52.0,67.0,1.146,2.106,0
28,15,66.288,68.913,52.0,67.0,62.4,83.91,2.025,2.024,0
15,31,68.913,71.0,62.4,83.91,71.0,86.0,1.487,1.879,0
31,47,71.0,74.984,71.0,86.0,0.0,104.0,3.384,1.773,0
47,42,74.984,91.697,0.0,104.0,0.0,104.0,0.0,1.531,16.713
36,2,0.002,3.507,0.0,104.0,0.0,14.02,2.694,1.713,0
2,3,3.507,5.028,0.0,14.02,0.0,13.59,0.92,1.52,0
3,18,5.028,6.282,0.0,13.59,1.98,16.0,0.654,1.454,0
18,1,6.282,11.003,1.98,16.0,0.0,12.01,4.122,1.408,0
1,19,11.003,13.498,0.0,12.01,3.41,17.0,1.895,1.113,0
19,17,13.498,15.0,3.41,17.0,2.99,15.0,0.902,0.977,0
17,5,15.0,22.277,2.99,15.0,14.4,34.5,3.243,0.913,0
5,7,22.277,25.7,14.4,34.5,20.4,41.3,2.824,0.681,0
7,21,25.7,26.379,20.4,41.3,23.0,38.0,0.078,0.479,0
21,23,26.379,29.0,23.0,38.0,29.0,44.0,2.021,0.474,0
23,55,29.0,29.777,29.0,44.0,0.0,104.0,0.177,0.329,0
55,40,29.777,74.361,0.0,104.0,0.0,104.0,0.0,0.316,44.584
37,4,24.417,25.78,0.0,104.0,4.4,25.78,1.363,3.5,0
4,20,25.78,28.0,4.4,25.78,13.0,28.0,1.62,3.403,0
20,8,28.0,39.465,13.0,28.0,22.4,45.4,1.611,3.287,0
8,24,39.465,40.065,22.4,45.4,31.0,46.0,0.0,3.172,0
24,9,40.065,43.074,31.0,46.0,22.4,43.08,2.409,3.172,0
9,25,43.074,45.996,22.4,43.08,31.0,46.0,2.322,2.999,0
25,11,45.996,62.096,31.0,46.0,40.4,62.1,2.672,2.833,0
11,27,62.096,63.997,40.4,62.1,49.0,64.0,1.301,2.642,0
27,16,63.997,69.887,49.0,64.0,65.4,84.89,2.234,2.549,0
16,32,69.887,74.0,65.4,84.89,74.0,89.0,3.513,2.39,0
32,51,74.0,77.619,74.0,89.0,0.0,104.0,3.019,2.138,0
51,56,77.619,93.0,0.0,104.0,0.0,104.0,0.0,1.922,15.381
56,46,93.0,93.0,0.0,104.0,0.0,104.0,0.0,2.768,0.0
46,41,93.0,93.0,0.0,104.0,0.0,104.0,0.0,2.768,0.0
38,48,0.0,47.646,0.0,104.0,0.0,104.0,0.0,0.274,0
48,43,47.646,93.0,0.0,104.0,0.0,104.0,0.0,0.274,45.354
Number of visited stations during service (per vehicle):
[0, 0, 2, 0]
Charging time during service (per vehicle):
[0.0, 0.0, 15.381, 0.0]
Number of visited stations at the end of service (per vehicle):
[1, 1, 1, 1]
Charging time during service (per vehicle):
[16.713, 44.584, 0.0, 45.354]
