INSTANCE u4-16-3.5-0.9-3.5-2.txt

Objective function weight factors:
[0.75, 0.25]
Time horizon [min]:
93.0
Number of customers:
16
Number of origin depots,destination depots and recharging stations:
1,1,5
Number of vehicles:
4
Capacity of vehicles (C):
[3, 3, 3, 3]
Initial battery range level of vehicles (B0 in kWh):
[3.5, 3.5, 3.5, 3.5]
Available battery range for the vehicles at every node (Q in kWh):
[3.5, 3.5, 3.5, 3.5]
Maximum battery emptiness at end depots (r)(% of the available battery range Q):
[0.9, 0.9, 0.9, 0.9]
Vehicles' consumption rates (beta in  kWh/min):
[0.0715; 0.0715; 0.0715; 0.0715]
Recharging rates at stations (alpha in kWh/min):
[0.055 0.055 0.055 0.055 0.055 0.055 0.055 0.055 0.055 0.055; 0.055 0.055 0.055 0.055 0.055 0.055 0.055 0.055 0.055 0.055; 0.055 0.055 0.055 0.055 0.055 0.055 0.055 0.055 0.055 0.055; 0.055 0.055 0.055 0.055 0.055 0.055 0.055 0.055 0.055 0.055]

Objective Value:
53.5847975
Best_bound:
53.58479749999999
Gap[%]:
1.3260155284903337e-14
Objective Value 1st component (by vehicle)
68.76002600000001
Objective Value 2nd component (by vehicle):
NaN
Objective Value 3rd component (by vehicle):
8.059111999999992
Solution: i, j, T[i], T[j],arr[i],dep[i],arr[j],dep[j],t[i,j],B[i],e[i]
35,46,93.0,93.0,0.0,104.0,0.0,104.0,0.0,0.35,0
46,41,93.0,93.0,0.0,104.0,0.0,104.0,0.0,0.35,0.0
36,6,0.0,37.075,0.0,104.0,16.4,37.08,0.549,1.919,0
6,22,37.075,39.995,16.4,37.08,25.0,40.0,2.32,1.88,0
22,10,39.995,47.005,25.0,40.0,29.4,49.95,3.078,1.714,0
10,26,47.005,50.057,29.4,49.95,38.0,53.0,2.452,1.494,0
26,13,50.057,53.669,38.0,53.0,45.4,68.04,3.013,1.318,0
13,29,53.669,54.628,45.4,68.04,54.0,69.0,0.359,1.103,0
29,14,54.628,57.25,54.0,69.0,52.4,72.25,2.022,1.077,0
14,30,57.25,61.0,52.4,72.25,61.0,76.0,3.15,0.933,0
30,12,61.0,64.158,61.0,76.0,43.4,65.25,2.558,0.707,0
12,28,64.158,65.905,43.4,65.25,52.0,67.0,1.146,0.525,0
28,43,65.905,93.0,52.0,67.0,0.0,104.0,1.295,0.443,0
37,4,24.413,25.776,0.0,104.0,4.4,25.78,1.363,2.256,0
4,20,25.776,27.995,4.4,25.78,13.0,28.0,1.62,2.158,0
20,8,27.995,30.4,13.0,28.0,22.4,45.4,1.611,2.043,0
8,24,30.4,31.0,22.4,45.4,31.0,46.0,0.0,1.927,0
24,9,31.0,34.009,31.0,46.0,22.4,43.08,2.409,1.927,0
9,25,34.009,36.931,22.4,43.08,31.0,46.0,2.322,1.755,0
25,11,36.931,62.095,31.0,46.0,40.4,62.1,2.672,1.589,0
11,27,62.095,63.996,40.4,62.1,49.0,64.0,1.301,1.398,0
27,16,63.996,69.887,49.0,64.0,65.4,84.89,2.234,1.305,0
16,32,69.887,74.0,65.4,84.89,74.0,89.0,3.513,1.145,0
32,15,74.0,83.906,74.0,89.0,62.4,83.91,2.742,0.894,0
15,31,83.906,85.993,62.4,83.91,71.0,86.0,1.487,0.698,0
31,47,85.993,93.0,71.0,86.0,0.0,104.0,3.384,0.592,0
47,42,93.0,93.0,0.0,104.0,0.0,104.0,0.0,0.35,0.0
38,2,0.0,3.507,0.0,104.0,0.0,14.02,3.326,1.792,0
2,3,3.507,5.027,0.0,14.02,0.0,13.59,0.92,1.554,0
3,18,5.027,6.281,0.0,13.59,1.98,16.0,0.654,1.488,0
18,1,6.281,11.003,1.98,16.0,0.0,12.01,4.122,1.441,0
1,19,11.003,13.497,0.0,12.01,3.41,17.0,1.895,1.147,0
19,17,13.497,15.0,3.41,17.0,2.99,15.0,0.902,1.011,0
17,5,15.0,22.277,2.99,15.0,14.4,34.5,3.243,0.947,0
5,7,22.277,25.7,14.4,34.5,20.4,41.3,2.824,0.715,0
7,21,25.7,26.379,20.4,41.3,23.0,38.0,0.078,0.513,0
21,23,26.379,29.0,23.0,38.0,29.0,44.0,2.021,0.507,0
23,40,29.0,29.777,29.0,44.0,0.0,104.0,0.177,0.363,0
Number of visited stations during service (per vehicle):
[0, 0, 0, 0]
Charging time during service (per vehicle):
[0.0, 0.0, 0.0, 0.0]
Number of visited stations at the end of service (per vehicle):
[1, 0, 1, 0]
Charging time during service (per vehicle):
[0.0, 0.0, 0.0, 0.0]
