INSTANCE u4-24-3.5-0.3-3.5-3.txt

Objective function weight factors:
[0.75, 0.25]
Time horizon [min]:
439.0
Number of customers:
24
Number of origin depots,destination depots and recharging stations:
1,1,5
Number of vehicles:
4
Capacity of vehicles (C):
[3, 3, 3, 3]
Initial battery range level of vehicles (B0 in kWh):
[3.5, 3.5, 3.5, 3.5]
Available battery range for the vehicles at every node (Q in kWh):
[3.5, 3.5, 3.5, 3.5]
Maximum battery emptiness at end depots (r)(% of the available battery range Q):
[0.3, 0.3, 0.3, 0.3]
Vehicles' consumption rates (beta in  kWh/min):
[0.0715; 0.0715; 0.0715; 0.0715]
Recharging rates at stations (alpha in kWh/min):
[0.055 0.055 0.055 0.055 0.055 0.055 0.055 0.055 0.055 0.055 0.055 0.055 0.055 0.055 0.055; 0.055 0.055 0.055 0.055 0.055 0.055 0.055 0.055 0.055 0.055 0.055 0.055 0.055 0.055 0.055; 0.055 0.055 0.055 0.055 0.055 0.055 0.055 0.055 0.055 0.055 0.055 0.055 0.055 0.055 0.055; 0.055 0.055 0.055 0.055 0.055 0.055 0.055 0.055 0.055 0.055 0.055 0.055 0.055 0.055 0.055]

Objective Value:
89.82537950000001
Best_bound:
89.82534500000006
Gap[%]:
3.8407853267715314e-5
Objective Value 1st component (by vehicle)
118.210886
Objective Value 2nd component (by vehicle):
NaN
Objective Value 3rd component (by vehicle):
4.668860000000007
Solution: i, j, T[i], T[j],arr[i],dep[i],arr[j],dep[j],t[i,j],B[i],e[i]
51,5,0.004,25.57,0.0,450.0,7.4,25.57,3.443,3.5,0
5,29,25.57,30.999,7.4,25.57,16.0,31.0,4.829,3.254,0
29,11,30.999,53.043,16.0,31.0,46.4,68.04,1.86,2.909,0
11,35,53.043,55.0,46.4,68.04,55.0,70.0,1.357,2.776,0
35,18,55.0,250.855,55.0,70.0,247.4,265.85,1.599,2.679,0
18,42,250.855,256.0,247.4,265.85,256.0,271.0,4.545,2.564,0
42,19,256.0,284.353,256.0,271.0,278.4,299.35,2.256,2.239,0
19,43,284.353,287.0,278.4,299.35,287.0,302.0,2.047,2.078,0
43,62,287.0,363.296,287.0,302.0,0.0,450.0,3.813,1.932,0
62,57,363.296,379.122,0.0,450.0,0.0,450.0,0.0,1.659,15.827
52,1,0.003,2.445,0.0,450.0,0.0,13.05,2.442,3.192,0
1,25,2.445,4.39,0.0,13.05,1.95,15.0,1.346,3.018,0
25,4,4.39,19.4,1.95,15.0,0.0,19.4,2.642,2.921,0
4,28,19.4,20.0,0.0,19.4,5.0,20.0,0.0,2.732,0
28,6,20.0,29.404,5.0,20.0,21.4,44.4,0.0,2.732,0
6,30,29.404,30.004,21.4,44.4,30.0,45.0,0.0,2.732,0
30,7,30.004,33.339,30.0,45.0,22.4,42.54,2.735,2.732,0
7,31,33.339,36.797,22.4,42.54,31.0,46.0,2.858,2.537,0
31,8,36.797,40.144,31.0,46.0,26.4,46.74,2.747,2.333,0
8,32,40.144,43.408,26.4,46.74,35.0,50.0,2.664,2.136,0
32,13,43.408,58.895,35.0,50.0,52.4,71.37,2.839,1.946,0
13,37,58.895,63.522,52.4,71.37,61.0,76.0,4.027,1.743,0
37,10,63.522,66.1,61.0,76.0,45.4,66.1,1.978,1.455,0
10,34,66.1,68.997,45.4,66.1,54.0,69.0,2.297,1.313,0
34,14,68.997,83.403,54.0,69.0,77.4,98.4,3.098,1.149,0
14,38,83.403,86.0,77.4,98.4,86.0,101.0,1.997,0.928,0
38,16,86.0,122.88,86.0,101.0,115.4,137.88,1.562,0.785,0
16,40,122.88,124.001,115.4,137.88,124.0,139.0,0.521,0.673,0
40,17,124.001,164.077,124.0,139.0,145.4,164.08,3.31,0.636,0
17,41,164.077,168.996,145.4,164.08,154.0,169.0,4.319,0.399,0
41,60,168.996,326.844,154.0,169.0,0.0,450.0,1.264,0.09,0
60,55,326.844,372.832,0.0,450.0,0.0,450.0,0.0,0.0,45.988
53,56,0.003,1.217,0.0,450.0,0.0,450.0,0.0,2.529,0
54,2,0.0,1.823,0.0,450.0,0.0,12.59,1.823,3.5,0
2,26,1.823,6.236,0.0,12.59,4.41,17.0,3.813,3.37,0
26,3,6.236,9.464,4.41,17.0,0.0,14.74,2.627,3.097,0
3,27,9.464,13.727,0.0,14.74,4.26,19.0,3.664,2.909,0
27,9,13.727,49.042,4.26,19.0,33.4,49.83,2.562,2.647,0
9,12,49.042,51.611,33.4,49.83,50.4,69.68,1.969,2.464,0
12,33,51.611,57.0,50.4,69.68,42.0,57.0,4.789,2.323,0
33,36,57.0,59.815,42.0,57.0,59.0,74.0,2.215,1.981,0
36,15,59.815,96.896,59.0,74.0,90.4,111.9,1.968,1.822,0
15,39,96.896,99.001,90.4,111.9,99.0,114.0,1.504,1.682,0
39,20,99.001,320.4,99.0,114.0,312.4,335.4,1.97,1.574,0
20,44,320.4,321.0,312.4,335.4,321.0,336.0,0.0,1.433,0
44,21,321.0,361.86,321.0,336.0,357.4,376.86,0.885,1.433,0
21,45,361.86,366.0,357.4,376.86,366.0,381.0,3.54,1.37,0
45,67,366.0,369.027,366.0,381.0,0.0,450.0,2.427,1.117,0
67,72,369.027,379.122,0.0,450.0,0.0,450.0,0.0,0.943,10.095
72,22,379.122,413.595,0.0,450.0,399.4,420.63,0.056,1.499,34.417
22,46,413.595,415.963,399.4,420.63,408.0,423.0,1.768,3.388,0
46,24,415.963,418.902,408.0,423.0,411.4,431.98,2.339,3.261,0
24,48,418.902,421.927,411.4,431.98,420.0,435.0,2.425,3.094,0
48,23,421.927,425.236,420.0,435.0,403.4,425.24,2.709,2.921,0
23,47,425.236,426.992,403.4,425.24,412.0,427.0,1.156,2.727,0
47,58,426.992,439.0,412.0,427.0,0.0,450.0,1.606,2.644,0
Number of visited stations during service (per vehicle):
[0, 0, 0, 2]
Charging time during service (per vehicle):
[0.0, 0.0, 0.0, 44.512]
Number of visited stations at the end of service (per vehicle):
[1, 1, 0, 0]
Charging time during service (per vehicle):
[15.827, 45.988, 0.0, 0.0]
