INSTANCE u4-24-3.5-0.9-3.5-3.txt

Objective function weight factors:
[0.75, 0.25]
Time horizon [min]:
439.0
Number of customers:
24
Number of origin depots,destination depots and recharging stations:
1,1,5
Number of vehicles:
4
Capacity of vehicles (C):
[3, 3, 3, 3]
Initial battery range level of vehicles (B0 in kWh):
[3.5, 3.5, 3.5, 3.5]
Available battery range for the vehicles at every node (Q in kWh):
[3.5, 3.5, 3.5, 3.5]
Maximum battery emptiness at end depots (r)(% of the available battery range Q):
[0.9, 0.9, 0.9, 0.9]
Vehicles' consumption rates (beta in  kWh/min):
[0.0715; 0.0715; 0.0715; 0.0715]
Recharging rates at stations (alpha in kWh/min):
[0.055 0.055 0.055 0.055 0.055 0.055 0.055 0.055 0.055 0.055 0.055 0.055 0.055 0.055 0.055; 0.055 0.055 0.055 0.055 0.055 0.055 0.055 0.055 0.055 0.055 0.055 0.055 0.055 0.055 0.055; 0.055 0.055 0.055 0.055 0.055 0.055 0.055 0.055 0.055 0.055 0.055 0.055 0.055 0.055 0.055; 0.055 0.055 0.055 0.055 0.055 0.055 0.055 0.055 0.055 0.055 0.055 0.055 0.055 0.055 0.055]

Objective Value:
89.825345
Best_bound:
89.82534500000001
Gap[%]:
1.5820540088325855e-14
Objective Value 1st component (by vehicle)
118.21083999999999
Objective Value 2nd component (by vehicle):
NaN
Objective Value 3rd component (by vehicle):
4.668859999999995
Solution: i, j, T[i], T[j],arr[i],dep[i],arr[j],dep[j],t[i,j],B[i],e[i]
51,9,0.0,48.227,0.0,450.0,33.4,49.83,3.661,3.5,0
9,12,48.227,50.796,33.4,49.83,50.4,69.68,1.969,3.238,0
12,33,50.796,56.185,50.4,69.68,42.0,57.0,4.789,3.097,0
33,36,56.185,59.0,42.0,57.0,59.0,74.0,2.215,2.755,0
36,15,59.0,96.896,59.0,74.0,90.4,111.9,1.968,2.597,0
15,39,96.896,99.0,90.4,111.9,99.0,114.0,1.504,2.456,0
39,20,99.0,320.4,99.0,114.0,312.4,335.4,1.97,2.348,0
20,44,320.4,321.0,312.4,335.4,321.0,336.0,0.0,2.208,0
44,21,321.0,361.86,321.0,336.0,357.4,376.86,0.885,2.208,0
21,45,361.86,366.0,357.4,376.86,366.0,381.0,3.54,2.144,0
45,22,366.0,411.668,366.0,381.0,399.4,420.63,2.483,1.891,0
22,46,411.668,414.036,399.4,420.63,408.0,423.0,1.768,1.714,0
46,24,414.036,416.975,408.0,423.0,411.4,431.98,2.339,1.587,0
24,48,416.975,420.0,411.4,431.98,420.0,435.0,2.425,1.42,0
48,23,420.0,425.236,420.0,435.0,403.4,425.24,2.709,1.247,0
23,47,425.236,426.992,403.4,425.24,412.0,427.0,1.156,1.053,0
47,58,426.992,439.0,412.0,427.0,0.0,450.0,1.606,0.97,0
52,1,0.0,13.049,0.0,450.0,0.0,13.05,2.442,3.5,0
1,25,13.049,14.994,0.0,13.05,1.95,15.0,1.346,3.325,0
25,4,14.994,19.397,1.95,15.0,0.0,19.4,2.642,3.229,0
4,28,19.397,19.997,0.0,19.4,5.0,20.0,0.0,3.04,0
28,6,19.997,29.4,5.0,20.0,21.4,44.4,0.0,3.04,0
6,30,29.4,30.0,21.4,44.4,30.0,45.0,0.0,3.04,0
30,7,30.0,39.928,30.0,45.0,22.4,42.54,2.735,3.04,0
7,31,39.928,43.386,22.4,42.54,31.0,46.0,2.858,2.845,0
31,8,43.386,46.734,31.0,46.0,26.4,46.74,2.747,2.64,0
8,32,46.734,49.998,26.4,46.74,35.0,50.0,2.664,2.444,0
32,13,49.998,58.894,35.0,50.0,52.4,71.37,2.839,2.253,0
13,37,58.894,63.521,52.4,71.37,61.0,76.0,4.027,2.05,0
37,10,63.521,66.099,61.0,76.0,45.4,66.1,1.978,1.763,0
10,34,66.099,68.996,45.4,66.1,54.0,69.0,2.297,1.621,0
34,14,68.996,83.403,54.0,69.0,77.4,98.4,3.098,1.457,0
14,38,83.403,86.0,77.4,98.4,86.0,101.0,1.997,1.235,0
38,16,86.0,122.879,86.0,101.0,115.4,137.88,1.562,1.093,0
16,40,122.879,124.0,115.4,137.88,124.0,139.0,0.521,0.981,0
40,17,124.0,149.081,124.0,139.0,145.4,164.08,3.31,0.944,0
17,41,149.081,154.0,145.4,164.08,154.0,169.0,4.319,0.707,0
41,60,154.0,429.045,154.0,169.0,0.0,450.0,1.264,0.398,0
60,65,429.045,429.045,0.0,450.0,0.0,450.0,0.0,0.308,0.0
65,70,429.045,429.045,0.0,450.0,0.0,450.0,0.0,0.308,0.0
70,55,429.045,439.0,0.0,450.0,0.0,450.0,0.0,0.308,9.955
53,61,0.0,439.0,0.0,450.0,0.0,450.0,0.0,0.35,0
61,66,439.0,439.0,0.0,450.0,0.0,450.0,0.0,0.35,0.0
66,56,439.0,439.0,0.0,450.0,0.0,450.0,0.0,0.35,0.0
54,2,0.0,1.823,0.0,450.0,0.0,12.59,1.823,3.471,0
2,26,1.823,6.236,0.0,12.59,4.41,17.0,3.813,3.34,0
26,3,6.236,14.734,4.41,17.0,0.0,14.74,2.627,3.068,0
3,27,14.734,18.997,0.0,14.74,4.26,19.0,3.664,2.88,0
27,5,18.997,21.941,4.26,19.0,7.4,25.57,2.344,2.618,0
5,29,21.941,27.37,7.4,25.57,16.0,31.0,4.829,2.45,0
29,11,27.37,68.036,16.0,31.0,46.4,68.04,1.86,2.105,0
11,35,68.036,69.993,46.4,68.04,55.0,70.0,1.357,1.972,0
35,18,69.993,265.846,55.0,70.0,247.4,265.85,1.599,1.875,0
18,42,265.846,270.991,247.4,265.85,256.0,271.0,4.545,1.761,0
42,19,270.991,284.353,256.0,271.0,278.4,299.35,2.256,1.436,0
19,43,284.353,287.0,278.4,299.35,287.0,302.0,2.047,1.274,0
43,57,287.0,439.0,287.0,302.0,0.0,450.0,3.813,1.128,0
Number of visited stations during service (per vehicle):
[0, 2, 1, 0]
Charging time during service (per vehicle):
[0.0, 0.0, 0.0, 0.0]
Number of visited stations at the end of service (per vehicle):
[0, 1, 1, 0]
Charging time during service (per vehicle):
[0.0, 9.955, 0.0, 0.0]
